name,ATPRank,games,wins,losses,players_odds,indoor_wins,indoor_losses,outdoor_wins,outdoor_losses
 Hajek J.,79,2,1,1,2.915,0,0,1,1
Abdulla M.,1349,1,0,1,,0,0,0,1
Abel M.,411,1,0,1,,0,0,0,1
Acasuso J.,256,271,141,130,2.3588582261029414,8,15,133,115
Adaktusson J.,265,1,0,1,,0,0,0,1
Agamenone F.,136,5,3,2,4.275,0,0,3,2
Agassi A.,39,118,85,33,1.7003970256024097,12,5,73,28
Ager J.,295,1,0,1,,0,0,0,1
Agostinelli B.,1171,1,0,1,,0,0,0,1
Aguilar J.,191,6,1,5,,0,1,1,4
Ahouda A.,727,4,1,3,16.166666666666668,0,0,1,3
Ajdukovic D.,299,4,1,3,2.8000000000000003,0,0,1,3
Al Ghareeb M.,514,7,1,6,,0,0,1,6
Al Mutawa J.,0,2,0,2,,0,0,0,2
Al-Ghareeb M.,431,1,0,1,,0,0,0,1
Alawadhi O.,0,1,0,1,,0,0,0,1
Albot R.,97,215,86,129,3.0446032831737346,26,26,60,103
Alcaide G.,238,1,0,1,,0,0,0,1
Alcaraz C.,1,164,130,34,1.7737904696762428,10,5,120,29
Aldi F.,238,8,1,7,5.675,0,1,1,6
Ali Mutawa J.M.,0,2,0,2,,0,0,0,2
Allegro Y.,0,4,1,3,,0,0,1,3
Almagro N.,661,654,384,270,2.279300826519207,29,36,355,234
Almagro N. ,27,1,0,1,,0,1,0,0
Altamirano C.,345,2,0,2,,0,0,0,2
Altmaier D.,51,79,28,51,2.762713585434174,1,5,27,46
Alund M.,131,17,7,10,5.695857142857143,3,1,4,9
Alvarez Varona N.,231,3,1,2,4.0,1,1,0,1
Alves M.,556,1,0,1,,0,0,0,1
Alves T.,138,29,7,22,4.595428571428571,0,0,7,22
Amritraj P.,308,27,11,16,2.9333928571428567,0,2,11,14
Ancic I.,68,3,2,1,2.875,0,0,2,1
Ancic M.,422,272,174,98,2.168427785200738,52,31,122,67
Andersen J.F.,190,3,1,2,,0,1,1,1
Anderson A.,1564,1,0,1,,0,0,0,1
Anderson K.,652,598,347,251,2.3719290173410403,48,38,299,213
Anderson O.,813,1,0,1,,0,0,0,1
Andreev A.,319,8,2,6,5.840833333333333,2,6,0,0
Andreev I.,416,423,214,209,2.157216102585663,23,32,191,177
Andreev I. ,35,1,0,1,,0,1,0,0
Andreozzi G.,240,39,12,27,3.233737373737374,0,0,12,27
Androic T.,363,2,0,2,,0,1,0,1
Andujar P.,323,404,164,240,3.349938907000026,12,30,152,210
Aragone J.,289,2,0,2,,0,0,0,2
Aragone J.C.,299,1,0,1,,0,0,0,1
Aragone JC,265,1,0,1,,0,0,0,1
Aranguren J.M.,257,2,0,2,,0,0,0,2
Arazi H.,138,34,15,19,2.5354833333333335,1,4,14,15
Arevalo M.,220,2,0,2,,0,0,0,2
Arguello F.,181,17,1,16,4.176666666666667,0,0,1,16
Armando H.,205,24,9,15,3.4746428571428574,0,0,9,15
Arnaboldi A.,267,14,4,10,3.7002500000000005,0,1,4,9
Arnaldi M.,76,18,9,9,3.2222222222222223,0,0,9,9
Arthurs W.,195,88,39,49,2.5110034502587695,6,7,33,42
Artunedo Martinavarro A.,340,1,0,1,,0,1,0,0
Arvidsson I.,507,1,0,1,,0,0,0,1
Ascione T.,238,66,19,47,2.9863593350383626,2,12,17,35
Auckland J.,414,3,2,1,5.5,2,1,0,0
Auger-Aliassime F.,12,268,163,105,1.8139207763095797,48,22,115,83
Authom M.,156,2,0,2,,0,0,0,2
Avidzba A.,498,2,1,1,2.54,1,1,0,0
Awadhy O.,0,2,0,2,,0,0,0,2
Azzaro L.,295,3,0,3,,0,0,0,3
Baccanello P.,310,5,1,4,3.385375,1,1,0,3
Bachinger M.,279,86,31,55,3.0425576923076925,14,17,17,38
Baez S.,72,95,47,48,2.389135638297872,6,6,41,42
Baghdatis M.,135,596,324,272,2.300156133828996,81,54,243,218
Bagnis F.,135,121,39,82,3.2126719824890553,9,8,30,74
Bahrouzyan O.,808,4,0,4,,0,0,0,4
Bai Y.,222,8,2,6,7.1416666666666675,0,0,2,6
Bailly G.,1185,1,0,1,,0,1,0,0
Baker B.,312,55,20,35,3.394171428571428,2,5,18,30
Baker J.,295,19,3,16,3.7651041666666667,0,0,3,16
Balazs A.,745,33,16,17,4.549044117647059,0,1,16,16
Baldi F.,149,3,0,3,,0,0,0,3
Ball C.,158,20,8,12,3.9672916666666667,0,0,8,12
Balleret B.,348,11,3,8,7.366071428571429,1,1,2,7
Baluda V.,466,1,0,1,,0,1,0,0
Bangoura S.,313,1,0,1,,0,0,0,1
Barrere G.,59,79,31,48,2.980336021505376,11,16,20,32
Barrientos N.,354,4,0,4,,0,0,0,4
Barrios M.,121,10,3,7,2.512380952380952,0,0,3,7
Barrios Vera M.T.,300,2,1,1,3.0,1,1,0,0
Barton M.,198,8,4,4,5.3125,0,0,4,4
Basic M.,292,50,22,28,3.397738095238095,12,7,10,21
Basilashvili N.,118,301,138,163,2.896651138716356,26,34,112,129
Basso A.,416,1,0,1,,0,0,0,1
Bastl G.,227,37,12,25,3.3622916666666667,4,12,8,13
Bautista Agut R.,25,379,234,145,1.9774626068376069,31,29,203,116
Bautista R.,18,223,134,89,2.7149262116384367,33,21,101,68
Bautista R. ,315,1,0,1,,0,1,0,0
Beck A.,338,99,38,61,3.2543333333333333,5,8,33,53
Beck A. ,33,1,0,1,,0,1,0,0
Beck K.,143,134,50,84,3.1329942602040814,15,21,35,63
Becker B.,163,369,153,216,3.0785530816688045,46,50,107,166
Becker B. ,43,1,0,1,,0,1,0,0
Bedene A.,347,291,131,160,2.8427720965960916,18,23,113,137
Bega A.,351,1,0,1,,0,0,0,1
Behrend T.,152,52,16,36,3.0011392045454546,2,3,14,33
Belic L.,766,3,0,3,,0,0,0,3
Bellier A.,190,9,4,5,4.775499999999999,1,2,3,3
Bellotti R.,204,1,0,1,,0,0,0,1
Bellucci M.,152,1,0,1,,0,0,0,1
Bellucci T.,915,380,179,201,2.7086286516853932,22,24,157,177
Belyaev I.,334,1,0,1,,0,1,0,0
Bemelmans R.,171,72,23,49,3.5064809782608695,9,16,14,33
Benchetrit E.,445,8,1,7,3.882142857142857,0,0,1,7
Benneteau A.,75,1,0,1,,0,0,0,1
Benneteau J.,60,545,265,280,2.7194898262178437,83,66,182,214
Benneteau J. ,48,1,0,1,,0,1,0,0
Berankis R.,212,249,104,145,3.0232043521928356,36,31,68,114
Berdych T.,98,910,592,318,1.9906093542158336,113,71,479,247
Berdych T. ,19,2,1,1,1.9900000000000002,1,1,0,0
Bergs Z.,175,15,4,11,3.211818181818182,1,5,3,6
Berlocq C.,177,312,127,185,3.166681993869119,12,18,115,167
Berrer M.,154,231,88,143,3.2357591240875916,33,36,55,107
Berrettini J.,842,2,1,1,10.25,0,0,1,1
Berrettini M.,38,217,142,75,2.0072,14,11,128,64
Berrettini M. ,8,3,1,2,4.35,1,2,0,0
Berta D.,0,2,0,2,,0,0,0,2
Bester P.,225,5,0,5,,0,0,0,5
Betov S.,514,1,0,1,,0,1,0,0
Bhambri Y.,862,40,14,26,3.871730769230769,2,5,12,21
Biryukov M.,310,2,0,2,,0,2,0,0
Bjorkman J.,173,168,75,93,2.712570525365046,20,21,55,72
Blake J.,100,439,269,170,2.0175511140819964,50,36,219,134
Blake J. ,41,1,0,1,,0,1,0,0
Blake T.,715,1,0,1,,0,0,0,1
Blancaneaux G.,152,6,0,6,,0,4,0,2
Blanch U.,244,1,0,1,,0,0,0,1
Blanco G.,347,27,8,19,3.199803921568628,0,0,8,19
Bloomfield R.,332,15,4,11,4.334848484848485,0,1,4,10
Blumberg W.,773,1,0,1,,0,0,0,1
Boeker M.,246,4,1,3,,0,0,1,3
Bogaerts R.,1149,1,0,1,,0,0,0,1
Bogdanovic A.,403,30,8,22,3.069438311688312,1,1,7,21
Bogomolov A.,85,152,61,91,3.1993653483992466,16,17,45,74
Bohane A.,1416,1,0,1,,0,0,0,1
Bohli S.,401,20,2,18,2.9703125000000004,1,8,1,10
Bohli S. ,148,1,0,1,,0,1,0,0
Bolelli S.,187,268,113,155,3.4104321342374444,20,33,93,122
Bolelli S. ,94,1,0,1,,0,1,0,0
Bolt A.,345,40,13,27,3.1015740740740743,0,0,13,27
Bonadio R.,181,3,1,2,3.15,1,1,0,1
Bonzi B.,107,83,37,46,2.5454084084084085,10,13,27,33
Bopanna R.,0,20,5,15,3.83125,1,4,4,11
Borg L.,437,4,1,3,14.5,0,2,1,1
Borges N.,69,28,10,18,2.8827777777777777,1,1,9,17
Borvanov R.,357,1,0,1,,0,1,0,0
Bossel A.,282,2,0,2,,0,0,0,2
Bourchier H.,324,2,1,1,4.3100000000000005,0,0,1,1
Bourgeois L.,369,2,0,2,,0,0,0,2
Bourgue M.,197,5,1,4,7.1425,0,1,1,3
Boutter J.,489,6,1,5,,0,0,1,5
Bowles C.,1401,1,0,1,,0,0,0,1
Bozoljac I.,244,25,8,17,3.17828431372549,2,4,6,13
Bracciali D.,139,80,31,49,3.1948988005996997,8,12,23,37
Braga P.,368,1,0,1,,0,0,0,1
Brancaccio R.,336,1,0,1,,0,0,0,1
Brands D.,180,151,58,93,3.040438596491228,16,24,42,69
Britton D.,1461,3,0,3,,0,1,0,2
Brizzi A.,273,1,0,1,,0,0,0,1
Broady L.,125,47,18,29,3.8881547619047616,5,3,13,26
Brooksby J.,39,79,46,33,2.506627140974967,6,5,40,28
Brouwer G.,144,21,11,10,3.401136363636364,3,2,8,8
Brown D.,303,158,62,96,3.333123319892473,11,14,51,82
Browne F.,181,3,1,2,,0,0,1,2
Brugues-Davi A.,184,4,1,3,3.2833333333333337,1,1,0,2
Bryan B.,273,1,0,1,,0,1,0,0
Bryde T.,1164,1,0,1,,0,0,0,1
Brzezicki J.P.,196,23,6,17,2.9734999999999996,0,1,6,16
Bubka S.,146,17,5,12,4.6161666666666665,0,1,5,11
Bublik A.,25,219,110,109,2.5106722268557133,39,30,71,79
Buchanan C.,172,2,0,2,,0,0,0,2
Burgsmuller L.,263,66,18,48,3.0716453804347825,1,7,17,41
Burniol G.,505,2,0,2,,0,0,0,2
Burquier G.,205,1,0,1,,0,1,0,0
Cabal J.S.,0,2,0,2,,0,0,0,2
Cachin P.,54,52,23,29,3.354392803598201,1,3,22,26
Cacic N.,761,2,1,1,8.5,0,0,1,1
Cadart R.,0,1,0,1,,0,1,0,0
Cakl T.,283,12,3,9,3.925,2,4,1,5
Calatrava A.,188,39,12,27,3.064222222222222,1,2,11,25
Calleri A.,148,228,116,112,2.1440294312169312,7,18,109,94
Canas G.,151,210,125,85,2.0569846864365586,15,16,110,69
Capdeville P.,151,101,35,66,3.1536121323529414,3,7,32,59
Carballes Baena R.,64,207,91,116,3.315915750915751,11,10,80,106
Carlsen K.,304,110,46,64,2.7919409073579873,14,13,32,51
Carraz G.,167,49,18,31,2.4203694581280786,5,8,13,23
Carreno Busta P.,16,352,214,138,2.220969456860355,33,25,181,113
Carreno-Busta P.,53,108,42,66,2.9674350649350654,8,11,34,55
Caruana L.,397,1,0,1,,0,0,0,1
Caruso S.,146,63,19,44,3.4097906698564593,5,9,14,35
Casanova H.,321,1,0,1,,0,0,0,1
Catarina L.,430,4,0,4,,0,0,0,4
Cazaux A.,190,4,1,3,2.286666666666667,0,0,1,3
Cecchinato M.,108,204,79,125,2.7199250632911394,2,14,77,111
Celikbilek A.,230,9,4,5,3.57675,3,3,1,2
Cermak F.,830,11,4,7,3.7941428571428575,0,2,4,5
Cerundolo F.,21,104,58,46,2.578039664378337,3,7,55,39
Cerundolo J.M.,106,29,12,17,3.339679144385027,2,3,10,14
Cervantes I.,125,49,17,32,3.4191084558823532,4,4,13,28
Cervenak P.,204,9,5,4,4.22775,0,1,5,3
Chadaj A.,230,2,1,1,4.375,0,0,1,1
Chaen T.,625,1,0,1,,0,0,0,1
Chaki R.,482,2,0,2,,0,0,0,2
Chakravarthi C.,0,1,0,1,,0,1,0,0
Chappell N.,432,2,0,2,,0,0,0,2
Chardy J.,542,591,289,302,2.7839732394366195,44,48,245,254
Chardy J. ,31,2,1,1,2.015,1,1,0,0
Chekov P.,17,1,0,1,,0,1,0,0
Chela J.,38,5,3,2,1.6048333333333331,0,0,3,2
Chela J.I.,83,385,201,184,2.3007899553634092,9,22,192,162
Chen T.,321,3,0,3,,0,2,0,1
Chidekh C.,434,1,0,1,,0,1,0,0
Childs L.,408,3,0,3,,0,0,0,3
Chiudinelli M.,366,124,41,83,3.365853597601599,5,24,36,59
Chiudinelli M. ,73,4,3,1,8.546666666666667,3,1,0,0
Choinski J.,151,6,1,5,4.385,0,0,1,5
Chrysochos P.,1360,1,0,1,,0,0,0,1
Chung H.,139,138,71,67,2.7181269707799034,7,10,64,57
Chung Y.,322,2,0,2,,0,0,0,2
Chvojka E.,233,2,0,2,,0,0,0,2
Cilic M.,100,853,543,310,2.042417769000584,119,65,424,245
Cilic M. ,13,3,2,1,1.3875000000000002,2,1,0,0
Ciorcila P.,589,1,0,1,,0,0,0,1
Cipolla F.,147,101,35,66,3.5959393939393935,7,8,28,58
Clarke J.,156,13,2,11,5.3309999999999995,0,0,2,11
Clayton A.,1281,1,0,1,,0,0,0,1
Clemens T.,207,4,2,2,4.7575,2,2,0,0
Clement A.,139,289,128,161,2.629635777559055,40,49,88,112
Clezar G.,225,12,1,11,2.876818181818182,1,6,0,5
Cobolli F.,148,14,5,9,3.4414444444444445,0,1,5,8
Collarini A.,210,1,0,1,,0,0,0,1
Condor F.,374,1,0,1,,0,0,0,1
Cook L.,1445,1,0,1,,0,0,0,1
Copil M.,350,128,47,81,3.0906566850538484,19,19,28,62
Coppejans K.,188,11,0,11,,0,3,0,8
Coria F.,108,99,43,56,3.7406955980066448,2,6,41,50
Coria G.,564,160,99,61,1.930382456140351,4,9,95,52
Coric B.,15,343,185,158,2.386229900786863,28,28,157,130
Corretja A.,153,37,13,24,2.45438127090301,4,5,9,19
Corrie E.,330,1,0,1,,0,0,0,1
Costa A.,249,75,34,41,2.1792079326923077,3,6,31,35
Couacaud E.,158,9,2,7,5.2160714285714285,0,1,2,6
Cox D.,214,5,0,5,,0,0,0,5
Crabb J.,409,1,0,1,,0,1,0,0
Cressy M.,96,96,42,54,2.7126190476190475,10,11,32,43
Crivoi V.,206,41,12,29,3.044545454545455,2,5,10,24
Cruciat A.,183,3,1,2,2.6125,0,0,1,2
Crugnola M.,237,3,0,3,,0,0,0,3
Cuadrado C.,225,5,3,2,3.1875,0,0,3,2
Cuevas P.,149,421,210,211,2.3887850893182647,34,25,176,186
Cuevas P. ,50,2,1,1,3.625,1,1,0,0
Dabul B.,164,42,15,27,3.5455185185185187,2,2,13,25
Dailey Z.,868,1,0,1,,0,1,0,0
Dancevic F.,422,137,52,85,2.7350657239819007,7,12,45,73
Daniel M.,147,78,19,59,3.9075589836660614,0,5,19,54
Daniel T.,111,178,67,111,3.0271643035863214,3,10,64,101
Darcis S.,179,214,92,122,3.292840355805244,22,23,70,99
Darderi L.,184,3,1,2,2.9275,0,0,1,2
Dasnieres de Veigy J.,158,6,1,5,3.06,0,1,1,4
Davidovich Fokina A.,39,168,84,84,2.2816666666666667,17,20,67,64
Davletshin V.,620,1,0,1,,0,1,0,0
Davydenko N.,92,670,415,255,2.083673202614379,97,63,318,192
Davydenko N. ,7,4,3,1,1.26,3,1,0,0
Davydenko P.,658,3,1,2,6.375,0,1,1,1
De Bakker T.,224,134,54,80,3.354891509433962,6,15,48,65
De Chaunac S.,144,10,5,5,3.5629999999999997,0,1,5,4
De Greef A.,115,8,3,5,4.028333333333333,0,0,3,5
De Heart R.,241,3,1,2,10.86,0,0,1,2
De Jong J.,180,3,0,3,,0,1,0,2
De Loore J.,351,2,0,2,,0,1,0,1
De Minaur A.,19,272,161,111,2.0893607954545454,30,19,131,92
De Paula F.,458,1,0,1,,0,0,0,1
De Schepper K.,186,88,27,61,3.1835740740740746,10,21,17,40
De Voest R.,338,28,7,21,2.9865,2,5,5,16
Decoud S.,215,8,4,4,5.29125,0,0,4,4
Deen Heshaam A.,1557,1,0,1,,0,1,0,0
Deheart R.,270,2,0,2,,0,2,0,0
Del Bonis F.,10,13,6,7,2.945952380952381,0,1,6,6
Del Potro J.,75,3,2,1,1.7675,0,0,2,1
Del Potro J. M.,30,3,2,1,2.3125,0,0,2,1
Del Potro J.M.,753,581,411,170,1.9852196727477898,90,38,321,132
Delbonis F.,131,340,152,188,2.6412330073177595,19,23,133,165
Delgado J.,447,9,3,6,3.5389166666666667,0,0,3,6
Delgado R.,143,26,9,17,3.4495089285714284,2,2,7,15
Delic A.,178,72,24,48,3.122891304347826,1,6,23,42
Delic M.,326,10,2,8,3.923125,0,2,2,6
Dell'Acqua M.,472,5,1,4,3.785,0,0,1,4
Dellien H.,164,70,22,48,3.495952611218568,5,5,17,43
Demoliner M.,1184,2,1,1,5.0,0,0,1,1
Dent T.,92,172,86,86,2.3956011904761905,15,22,71,64
Desein N.,170,3,0,3,,0,0,0,3
Dev Varman S.,1035,3,0,3,,0,1,0,2
Devilder N.,286,70,23,47,3.72508398656215,2,6,21,41
Devvarman S.,177,115,48,67,3.815975378787879,4,8,44,59
Dhamne M.,0,1,0,1,,0,0,0,1
Di Mauro A.,257,2,1,1,5.6,0,0,1,1
Diallo G.,140,3,0,3,,0,1,0,2
Diaz Acosta F.,137,5,1,4,2.98625,0,0,1,4
Diez S.,292,10,2,8,3.5081249999999997,0,0,2,8
Dimitrov G.,20,651,389,262,2.2141458221666364,79,50,310,212
Djere L.,38,243,120,123,2.6934939024390245,10,22,110,101
Djokovic M.,878,4,0,4,,0,1,0,3
Djokovic N.,2,1207,1012,195,1.6962336394948334,146,42,866,153
Djokovic N. ,2,8,6,2,1.3808333333333334,6,2,0,0
Dlouhy L.,180,67,20,47,3.5684217171717174,4,9,16,38
Do M.Q.,1422,1,0,1,,0,1,0,0
Dodig I.,412,245,115,130,2.9733427704752278,33,30,82,100
Dolgopolov A.,89,3,0,3,,0,0,0,3
Dolgopolov O.,54,412,215,197,2.3744098391764314,19,29,196,168
Domingues J.,169,11,5,6,3.617,1,1,4,5
Donaldson J.,192,110,48,62,2.8177755376344082,1,6,47,56
Donati M.,282,2,1,1,12.5,0,0,1,1
Donski A.,1529,1,0,1,,0,1,0,0
Donskoy E.,149,162,50,112,3.0775951461665745,14,33,36,79
Dorsch B.,236,3,0,3,,0,1,0,2
Draper J.,55,51,29,22,2.8812539184952977,2,3,27,19
Draper S.,787,4,0,4,,0,0,0,4
Dubrivnyy A.,424,1,0,1,,0,1,0,0
Duckworth J.,123,143,55,88,3.354769511149228,10,9,45,79
Duclos P.L.,244,4,1,3,,0,0,1,3
Dupuis A.,221,69,30,39,2.4469219924812027,10,8,20,31
Durasovic V.,345,2,0,2,,0,1,0,1
Dustov F.,108,7,0,7,,0,0,0,7
Dutra Da Silva D.,215,1,0,1,,0,0,0,1
Dutra Da Silva R.,114,2,1,1,,0,0,1,1
Dutra Silva R.,138,80,22,58,4.560757575757576,5,5,17,53
Dzumhur D.,202,234,107,127,3.4062613113781337,31,29,76,98
Eaton C.,661,2,1,1,3.7199999999999998,0,0,1,1
Ebden M.,432,203,75,128,3.1444111969111974,13,18,62,110
Ebelthite C.,254,1,0,1,,0,0,0,1
Echagaray B.,358,4,0,4,,0,0,0,4
Economidis K.,142,10,1,9,3.5375,0,2,1,7
Edmund K.,473,233,113,120,2.539520280235988,19,10,94,110
Ehrat S.,408,3,0,3,,0,0,0,3
Eitzinger R.,263,9,3,6,4.062,1,2,2,4
El Aarej M.,589,2,0,2,,0,0,0,2
El Amrani R.,667,9,3,6,6.256666666666666,0,0,3,6
El Aynaoui Y.,0,32,10,22,3.8730277777777777,0,1,10,21
Eleskovic E.,483,10,2,8,4.569642857142857,0,4,2,4
Elgin M.,949,10,3,7,5.3741666666666665,3,7,0,0
Elias G.,127,67,23,44,3.205849342770475,5,7,18,37
Elseneer G.,181,22,6,16,2.6276833333333336,0,1,6,15
Elsner D.,339,11,3,8,2.713357142857143,0,0,3,8
Emmrich M.,994,1,0,1,,0,0,0,1
Enqvist T.,157,50,19,31,2.204254668930391,6,10,13,21
Eriksson M.,536,4,0,4,,0,1,0,3
Erler A.,337,2,1,1,7.1,0,0,1,1
Eschauer W.,218,35,9,26,3.5226250000000006,0,4,9,22
Escobar G.,364,2,0,2,,0,0,0,2
Escobedo E.,377,57,20,37,2.5371834992887625,2,2,18,35
Escude N.,67,23,15,8,2.3322857142857143,1,2,14,6
Estrella Burgos V.,198,109,45,64,3.6988715277777775,0,4,45,60
Estrella V.,243,1,0,1,,0,0,0,1
Etcheverry T.,34,60,26,34,2.5879298642533937,5,3,21,31
Eubanks C.,29,64,28,36,3.251547619047619,1,3,27,33
Evans B.,318,21,6,15,3.48,1,1,5,14
Evans D.,30,251,124,127,2.656191756272402,18,16,106,111
Eysseric J.,290,4,0,4,,0,0,0,4
Fabbiano T.,192,89,27,62,3.436674937965261,2,10,25,52
Falla A.,310,253,96,157,3.213841039279869,11,22,85,135
Falla A. ,98,1,0,1,,0,1,0,0
Fancutt T.,562,1,0,1,,0,0,0,1
Farah R.,210,9,3,6,7.066333333333334,0,1,3,5
Faurel J.C.,148,9,2,7,3.5816666666666666,1,1,1,6
Federer R.,8,1143,981,162,1.4232684702567713,167,29,814,133
Federer R. ,3,9,6,3,1.3475,6,3,0,0
Ferreira Silva F.,185,2,0,2,,0,0,0,2
Ferreira W.,107,27,12,15,2.098933333333333,1,2,11,13
Ferreiro F.,185,5,2,3,4.1,0,0,2,3
Ferrer D.,144,1003,669,334,2.149093961545801,89,62,580,272
Ferrer D. ,18,2,1,1,1.345,1,1,0,0
Ferrero J.,3,2,0,2,,0,0,0,2
Ferrero J.C.,161,393,237,156,2.134764876090267,23,26,214,130
Ferrero J.C. ,22,1,0,1,,0,1,0,0
Fery A.,391,1,0,1,,0,0,0,1
Ficovich J.P.,230,3,1,2,3.0825,0,0,1,2
Fidirko N.,934,1,0,1,,0,1,0,0
Fils A.,71,24,15,9,2.675,6,3,9,6
Fischer M.,335,21,2,19,2.5163157894736843,0,5,2,14
Fish A.,56,1,0,1,,0,1,0,0
Fish M.,581,397,233,164,2.266483528941051,37,32,196,132
Fitz S.,326,1,0,1,,0,0,0,1
Flanagan I.,866,3,2,1,,0,0,2,1
Fleishman Z.,437,18,5,13,3.9625454545454546,0,2,5,11
Fleming C.,110,2,0,2,,0,0,0,2
Fognini F.,128,742,383,359,2.719557691461751,39,48,344,311
Fogues F.,333,3,1,2,,0,0,1,2
Fonseca J.,827,1,0,1,,0,0,0,1
Forejtek J.,399,2,1,1,4.875,1,1,0,0
Fornell M.,284,1,0,1,,0,0,0,1
Fraile G.,930,7,0,7,,0,1,0,6
Fratangelo B.,695,62,22,40,3.2977045454545455,0,1,22,39
Friedl L.,0,3,2,1,4.0075,0,0,2,1
Fritz T.,9,356,205,151,2.1542681145305806,26,22,179,129
Fruttero J.P.,205,1,0,1,,0,1,0,0
Fucsovics M.,67,249,121,128,2.57405282152231,26,24,95,104
Furness E.,208,1,0,1,,0,1,0,0
Fyrstenberg M.,836,2,0,2,,0,0,0,2
Gabashvili T.,229,304,109,195,3.2672439713449704,26,48,83,147
Gaio F.,174,18,3,15,3.824285714285714,0,1,3,14
Gakhov I.,198,3,1,2,10.69,0,0,1,2
Galan D.,153,3,2,1,18.23,0,0,2,1
Galan D.E.,76,78,33,45,3.004050505050505,3,5,30,40
Galarneau A.,237,1,0,1,,0,0,0,1
Galdon P.,305,1,0,1,,0,0,0,1
Galimberti G.,189,5,1,4,2.835,0,2,1,2
Gallardo M.,225,2,0,2,,0,0,0,2
Gallardo Valles M.,346,1,0,1,,0,0,0,1
Galovic V.,197,7,2,5,3.915,0,0,2,5
Galvani S.,321,27,8,19,3.460764705882353,1,2,7,17
Gambill J.M.,671,61,24,37,2.3445193498452013,7,6,17,31
Gamonal H.,187,1,0,1,,0,0,0,1
Gao X.,944,1,0,1,,0,0,0,1
Garanganga T.,451,1,0,1,,0,0,0,1
Garcia A.,213,28,7,21,3.2458125,1,3,6,18
Garcia-Lopez G.,165,648,297,351,2.7853716625378473,42,61,255,290
Garcia-Lopez G. ,47,3,2,1,4.0,2,1,0,0
Gard C.,250,1,0,1,,0,0,0,1
Garin C.,101,190,103,87,2.5527011494252876,15,13,88,74
Garza D.,480,4,0,4,,0,0,0,4
Gasquet R.,48,948,581,367,2.192766535746812,133,82,448,285
Gasquet R. ,57,3,2,1,1.53,2,1,0,0
Gaston H.,109,58,24,34,3.4962254901960783,5,9,19,25
Gaudio G.,174,208,122,86,2.002777077304671,6,10,116,76
Geerts M.,268,1,0,1,,0,1,0,0
Gensse A.,155,4,1,3,,0,0,1,3
Gerasimov E.,150,93,43,50,2.990894636924537,19,19,24,31
Ghedin R.,319,3,0,3,,0,1,0,2
Ghem A.,221,7,2,5,3.515,0,0,2,5
Giannessi A.,224,35,12,23,3.2092934782608697,1,4,11,19
Gicquel M.,127,203,91,112,2.8130264797507785,29,28,62,84
Gigounon G.,209,1,0,1,,0,0,0,1
Gil F.,114,115,49,66,3.59930352393617,2,3,47,63
Gimelstob J.,549,70,24,46,3.1783569444444444,2,6,22,40
Gimeno D.,269,1,0,1,,0,0,0,1
Gimeno Valero C.,369,1,0,1,,0,0,0,1
Gimeno-Traver D.,230,262,95,167,3.2885992179863153,7,15,88,152
Gimeno-Traver D. ,77,1,0,1,,0,1,0,0
Ginepri R.,204,303,145,158,2.43663834304558,35,35,110,123
Giraldo S.,232,326,141,185,2.8265544496487123,12,23,129,162
Giron M.,69,150,68,82,2.8841809246450674,20,14,48,68
Giustino L.,223,8,1,7,4.325,0,0,1,7
Goffin D.,123,522,296,226,2.3461721179143744,66,52,230,174
Gojo B.,115,14,3,11,2.451060606060606,0,1,3,10
Gojowczyk P.,108,172,75,97,3.1470668563300137,17,18,58,79
Golding O.,491,3,0,3,,0,0,0,3
Goldstein P.,97,94,42,52,2.9075320512820513,3,9,39,43
Golmard J.,252,9,4,5,2.411,0,0,4,5
Golubev A.,154,158,51,107,3.346116914055342,17,23,34,84
Gombos N.,114,66,21,45,3.119194444444444,6,14,15,31
Gomez A.,698,2,1,1,7.5,0,0,1,1
Gomez E.,155,26,7,19,3.694473684210526,2,2,5,17
Gomez L.,492,6,0,6,,0,0,0,6
Gomez-Herrera C.,671,1,0,1,,0,0,0,1
Gong M.X.,718,4,0,4,,0,0,0,4
Gonzalez A.,163,46,12,34,3.7174754901960787,0,1,12,33
Gonzalez F.,221,374,245,129,2.1302951460040984,36,24,209,105
Gonzalez F. ,11,1,0,1,,0,1,0,0
Gonzalez M.,163,86,28,58,3.4074014778325123,0,4,28,54
Gonzalez S.,0,9,1,8,4.95375,0,0,1,8
Goodall J.,215,12,1,11,2.7760000000000002,0,0,1,11
Goransson T.,800,2,0,2,,0,0,0,2
Granollers G.,280,1,0,1,,0,0,0,1
Granollers M.,100,445,201,244,3.1257637860082306,27,39,174,205
Granollers M. ,82,1,0,1,,0,1,0,0
Granollers Pujol G.,331,1,0,1,,0,0,0,1
Granollers-Pujol G.,265,2,0,2,,0,0,0,2
Granollers-Pujol M.,291,1,0,1,,0,0,0,1
Gray A.,288,4,1,3,5.183333333333334,0,0,1,3
Gregorc L.,195,13,6,7,5.029999999999999,0,0,6,7
Gremelmayr D.,189,86,32,54,3.7177078965758215,4,9,28,45
Grenier H.,122,16,5,11,3.1260000000000003,1,2,4,9
Greul S.,125,114,43,71,3.080455005055611,6,10,37,61
Greul S. ,56,1,0,1,,0,1,0,0
Griekspoor T.,37,97,47,50,2.988326086956522,7,14,40,36
Grigelis L.,243,1,0,1,,0,0,0,1
Gromley C.,0,1,0,1,,0,0,0,1
Grosjean S.,559,204,108,96,1.998986340408805,22,19,86,77
Groth S.,201,93,36,57,3.299422514619882,2,5,34,52
Gruber K.,633,1,0,1,,0,1,0,0
Guccione A.,92,3,1,2,2.0625,0,0,1,2
Guccione C.,613,85,32,53,2.7976395781637717,4,7,28,46
Guez D.,193,18,2,16,4.336500000000001,2,10,0,6
Guinard M.,148,9,4,5,3.615,2,2,2,3
Gulbis E.,191,453,221,232,2.2846506781013165,55,51,166,181
Gunneswaran P.,228,28,7,21,3.5469047619047616,0,0,7,21
Gutierrez-Ferrol S.,544,4,2,2,2.83,0,0,2,2
Guzman J.,100,1,0,1,,0,0,0,1
Guzman J.P.,132,20,6,14,2.7305256410256415,0,0,6,14
Haas T.,248,505,306,199,2.1753309613319014,66,41,240,158
Haase R.,257,458,202,256,2.6807787947674884,35,54,167,202
Hadad A.,344,4,2,2,3.675,0,0,2,2
Haehnel J.,675,26,8,18,4.054154411764706,7,5,1,13
Haider-Mauer A.,254,3,1,2,,0,1,1,1
Haider-Maurer A.,412,110,38,72,4.03062865497076,6,9,32,63
Hajek J.,111,96,26,70,3.5917892976588623,4,18,22,52
Haji A.,0,1,0,1,,0,0,0,1
Hajji A.,0,2,0,2,,0,0,0,2
Halebian A.,644,1,0,1,,0,0,0,1
Halys Q.,79,72,23,49,3.689343389529725,3,10,20,39
Hamou M.,287,3,0,3,,0,0,0,3
Hanescu V.,146,380,170,210,2.8486695477562423,15,31,155,179
Hanescu V. ,36,1,0,1,,0,1,0,0
Hanfmann Y.,50,99,50,49,3.001122448979592,5,4,45,45
Hank T.,567,3,0,3,,0,0,0,3
Hantschk M.,177,1,0,1,,0,0,0,1
Harboe P.,610,1,0,1,,0,0,0,1
Harris A.,232,3,1,2,4.75,0,0,1,2
Harris L.,186,129,59,70,2.6111306846576707,7,8,52,62
Harrison C.,251,15,6,9,3.3769444444444447,0,0,6,9
Harrison R.,481,272,117,155,2.9878685203685205,16,17,101,138
Hartfield D.,137,46,17,29,3.3285947712418302,2,4,15,25
Healey N.,173,18,6,12,4.084,0,0,6,12
Hellstrom M.,534,1,0,1,,0,0,0,1
Hemery C.,130,10,2,8,3.22625,0,2,2,6
Hemmes F.,215,2,1,1,,0,0,1,1
Henman T.,91,169,99,70,2.077968924889544,20,13,79,57
Herbert P-H.,131,1,0,1,,0,0,0,1
Herbert P.H,95,16,8,8,3.1100000000000003,1,3,7,5
Herbert P.H.,157,202,89,113,2.7118262268704747,31,38,58,75
Hernandez A.,521,5,1,4,,0,0,1,4
Hernandez O.,125,181,61,120,3.35881450094162,3,8,58,112
Hernandez O. ,75,1,0,1,,0,1,0,0
Hernandez-Fernandez J,266,1,0,1,,0,0,0,1
Hernandez-Fernandez J.,250,1,0,1,,0,0,0,1
Hernych J.,324,190,78,112,3.0841269696969698,9,17,69,95
Hernych J. ,59,2,1,1,6.55,1,1,0,0
Heuberger I.,191,27,9,18,2.9859999999999998,4,6,5,12
Hewitt L.,308,457,300,157,2.2250675074025947,29,17,271,140
Hijikata R.,110,16,7,9,4.688809523809524,0,0,7,9
Hilton M.,212,3,1,2,2.8125,0,0,1,2
Hipfl M.,0,1,0,1,,0,0,0,1
Hippensteel K.,207,4,1,3,,1,1,0,2
Hoang A.,155,19,6,13,3.3791025641025643,2,5,4,8
Hocevar R.,248,5,0,5,,0,0,0,5
Holmgren A.,901,1,0,1,,0,0,0,1
Holt B.,193,7,2,5,5.7010000000000005,0,1,2,4
Hong S.,471,1,0,1,,0,0,0,1
Horansky F.,185,8,1,7,5.1,0,2,1,5
Hormazabal G.,621,2,0,2,,0,0,0,2
Horna L.,95,193,88,105,2.392210187283789,5,7,83,98
Hossam K.,338,1,0,1,,0,0,0,1
Hrbaty D.,154,231,122,109,2.2561158870627898,29,23,93,86
Hsu Y.,209,1,0,1,,0,0,0,1
Huesler M.A.,88,58,21,37,2.6179150579150585,8,8,13,29
Humbert U.,36,170,80,90,2.1337569444444444,23,21,57,69
Hurkacz H.,17,238,137,101,2.2481486604542806,27,24,110,77
Huta Galung J.,248,30,5,25,3.7952,1,11,4,14
Hutchins R.,0,1,0,1,,0,0,0,1
Ianni S.,559,2,1,1,7.875,0,0,1,1
Idmbarek Y.,738,2,0,2,,0,0,0,2
Ignatik U.,421,1,0,1,,0,0,0,1
Ilhan M.,571,74,20,54,3.844564814814815,3,11,17,43
Ilkel C.,382,17,1,16,5.1,0,4,1,12
Im K.T.,202,1,0,1,,0,1,0,0
Inglot D.,941,2,0,2,,0,2,0,0
Ionita V.,271,3,0,3,,0,0,0,3
Isner J.,114,755,465,290,2.058561422413793,53,45,412,245
Isner J. ,40,2,1,1,2.7,1,1,0,0
Istomin D.,267,440,194,246,2.9767210183042287,44,51,150,195
Ito T.,146,84,28,56,3.9345535714285713,4,6,24,50
Ito Y.,622,1,0,1,,0,0,0,1
Ittogi T.,1511,1,0,1,,0,0,0,1
Ivanisevic G.,415,14,4,10,2.8637708333333336,1,3,3,7
Ivashka I.,113,159,78,81,2.625024038461538,19,18,59,63
Iwabuchi S.,339,9,2,7,3.2600000000000007,0,2,2,5
Iwami T.,557,2,0,2,,0,0,0,2
Janowicz J.,141,164,80,84,2.5077619047619044,27,20,53,64
Janvier M.,204,5,0,5,,0,0,0,5
Jarry N.,28,141,73,68,2.5009518533440778,9,6,64,62
Jasika O.,290,4,1,3,7.333333333333333,0,1,1,2
Jaziri M.,444,217,83,134,3.880501456133964,8,20,75,114
Jeanpierre J.,154,5,3,2,3.15,0,0,3,2
Jelenic P.,544,2,1,1,4.665,1,1,0,0
Jenkins S.,202,20,5,15,4.703538461538461,0,3,5,12
Jeong S.Y.,332,1,0,1,,0,1,0,0
Johansson J.,131,109,65,44,1.944538318452381,32,14,33,30
Johansson T.,87,216,116,100,2.348748539823009,40,23,76,77
Johnson S.,197,395,196,199,2.4218878245393634,16,23,180,176
Jones A.,137,9,2,7,4.426666666666668,0,0,2,7
Jones G.,373,7,1,6,5.215,0,1,1,5
Jones G.D.,1214,2,0,2,,0,0,0,2
Jouan R.,230,5,1,4,7.265000000000001,1,2,0,2
Jubb P.,219,4,0,4,,0,0,0,4
Jun W.,360,1,0,1,,0,0,0,1
Jun W.S.,252,7,1,6,3.797,0,0,1,6
Junaid R.,334,2,0,2,,0,0,0,2
Jung J.,276,32,10,22,3.15,5,4,5,18
Junqueira D.,144,43,11,32,4.469948275862069,0,1,11,31
Kachmazov A.,638,2,0,2,,0,2,0,0
Kadhe A.,778,4,0,4,,0,0,0,4
Kamke T.,231,163,62,101,3.230465506228042,17,26,45,75
Karanusic R.,110,48,12,36,3.4128311688311683,2,10,10,26
Karatsev A.,75,136,66,70,2.3346147186147186,10,22,56,48
Karlovic I.,221,674,351,323,2.2697042247744053,80,66,271,257
Karlovic I. ,38,1,0,1,,0,1,0,0
Karlovskiy E.,218,1,0,1,,0,1,0,0
Kavcic B.,176,120,40,80,3.794003205128205,5,13,35,67
Kecmanovic M.,40,210,107,103,2.215451864622085,12,16,95,87
Kendrick R.,546,96,29,67,3.0678138528138525,8,13,21,54
Kern R.,392,3,0,3,,0,0,0,3
Ketola T.,225,3,1,2,2.8674999999999997,0,0,1,2
Khachanov K.,11,378,217,161,2.3029375,44,38,173,123
Khaddari H.,513,1,0,1,,0,0,0,1
Khalfan S.,1116,2,0,2,,0,0,0,2
Kicker N.,203,47,19,28,3.3442011278195496,1,3,18,25
Kiefer N.,178,225,129,96,2.7108179603494627,22,17,107,79
Kim K,181,1,0,1,,0,0,0,1
Kim K.,151,120,39,81,3.1226875,4,13,35,68
Kimmich M.,313,3,0,3,,0,0,0,3
Kindlmann D.,162,12,1,11,4.6925,0,1,1,10
King D.,162,11,3,8,4.4835416666666665,1,1,2,7
King E.,200,5,1,4,4.0125,0,0,1,4
King K.,304,7,1,6,5.5625,0,0,1,6
King P.,404,5,1,4,3.6016666666666666,0,2,1,2
King-Turner D.,376,6,0,6,,0,0,0,6
Kirillov E.,378,2,0,2,,0,1,0,1
Kirkin E.,446,2,0,2,,0,1,0,1
Klaasen R.,307,8,4,4,4.015000000000001,0,0,4,4
Klahn B.,797,56,13,43,3.202728085867621,1,3,12,40
Klec I.,416,8,1,7,,0,0,1,7
Klein B.,235,13,3,10,4.3133333333333335,0,0,3,10
Klein L.,142,7,2,5,2.547,0,1,2,4
Klein T.,839,1,0,1,,0,0,0,1
Klizan M.,150,273,128,145,2.8860472440944878,34,28,94,117
Kloer S.,495,1,0,1,,0,0,0,1
Knittel B.,210,5,1,4,3.64,0,0,1,4
Knowle J.,0,11,3,8,3.76,0,3,3,5
Koellerer D.,109,51,19,32,3.7203584229390683,2,3,17,29
Koellerer D. ,74,1,0,1,,0,1,0,0
Koepfer D.,84,86,38,48,2.9484375,3,3,35,45
Kohlmann M.,1494,13,6,7,3.271875,1,2,5,5
Kohlschreiber P.,132,812,446,366,2.472983516656389,76,73,370,293
Kohlschreiber P. ,26,1,0,1,,0,1,0,0
Kohlschreiber P..,24,2,1,1,1.2349999999999999,1,1,0,0
Kokkinakis T.,86,124,55,69,3.050345191040843,0,4,55,65
Kolar Z.,119,4,1,3,5.45,0,0,1,3
Kondo H.,589,1,0,1,,0,0,0,1
Koning M.,793,1,0,1,,0,0,0,1
Kontinen H.,253,3,1,2,3.3725,0,1,1,1
Kopriva V.,159,9,5,4,3.224,0,0,5,4
Korda S.,26,126,75,51,2.268139904610493,15,9,60,42
Korolev E.,181,159,68,91,2.698467032967033,14,17,54,74
Korolev E. ,58,3,2,1,8.495000000000001,2,1,0,0
Korteling S.,463,1,0,1,,0,0,0,1
Kosakowski D.,366,3,1,2,3.25,0,0,1,2
Kotov P.,89,25,10,15,2.9346666666666668,1,4,9,11
Koubek S.,173,173,76,97,2.7493786630036627,27,20,49,77
Kovacevic A.,129,14,6,8,4.551666666666667,0,0,6,8
Kovalik J.,172,68,24,44,3.1238636363636365,5,8,19,36
Kozlov S.,108,35,9,26,4.375555555555556,0,2,9,24
Krajan Z.,681,4,1,3,5.875,0,0,1,3
Krajicek A.,274,36,12,24,3.9177083333333336,2,2,10,22
Krajinovic F.,93,240,115,125,2.7893011921458624,38,34,77,91
Krall L.,0,1,0,1,,0,1,0,0
Kratochvil M.,1511,14,5,9,2.590525,0,1,5,8
Kravchuk K.,260,32,7,25,3.658714285714286,4,9,3,16
Krawietz K.,277,5,1,4,4.1725,0,0,1,4
Krstin P.,285,5,1,4,4.858750000000001,0,2,1,2
Krueger M.,228,24,7,17,4.035672268907563,0,1,7,16
Krutykh O.,180,3,0,3,,0,0,0,3
Kubler J.,77,53,24,29,2.6570238095238095,0,1,24,28
Kubot L.,614,200,82,118,3.1729163135593224,14,21,68,97
Kucera K.,146,29,11,18,2.3985828877005346,2,5,9,13
Kucera V.,19,2,1,1,3.0575,0,0,1,1
Kudla D.,137,198,70,128,3.015407366071428,5,14,65,114
Kudryavtsev A.,179,20,5,15,4.472666666666667,0,3,5,12
Kuerten G.,1141,60,27,33,2.3266075268817206,0,0,27,33
Kuhn N.,259,12,3,9,4.277222222222222,1,1,2,8
Kukushkin M.,221,352,141,211,3.1181521739130442,50,49,91,162
Kumantsov A.,347,2,0,2,,0,2,0,0
Kumar O.,403,1,0,1,,0,0,0,1
Kunitsyn I.,167,227,85,142,2.9667922969918274,29,33,56,109
Kunitsyn I. ,81,1,0,1,,0,1,0,0
Kutac R.,638,1,0,1,,0,0,0,1
Kutrovsky D.,438,3,2,1,4.2975,2,1,0,0
Kutsenko V.,237,1,0,1,,0,0,0,1
Kuzmanov D.,207,12,4,8,4.05,2,8,2,0
Kuznetsov A.,167,26,6,20,4.242982456140351,2,6,4,14
Kuznetsov Al.,311,21,5,16,2.74725,2,2,3,14
Kuznetsov An.,228,162,70,92,3.037753623188406,9,19,61,73
Kwiatkowski T.S.,219,6,0,6,,0,1,0,5
Kwon S.W.,68,108,53,55,2.9488164665523153,12,6,41,49
Kypson P.,329,2,0,2,,0,0,0,2
Kyrgios N.,25,303,195,108,1.9477649572649571,11,7,184,101
Laaksonen H.,125,101,37,64,3.729748263888889,7,16,30,48
Labadze I.,166,54,21,33,3.8842202797202794,1,8,20,25
Lacko L.,214,215,81,134,3.5722581536760645,19,29,62,105
Lajola D.,719,1,0,1,,0,1,0,0
Lajovic D.,66,378,163,215,2.8744529890141246,21,36,142,179
Lalami Laaroussi Y.,937,1,0,1,,0,0,0,1
Lama G.,410,4,0,4,,0,2,0,2
Lamasine T.,271,9,3,6,3.9316666666666666,1,2,2,4
Lammer M.,327,19,5,14,4.528846153846153,1,3,4,11
Lammer M. ,167,2,1,1,3.25,1,1,0,0
Landaluce M.,720,3,0,3,,0,1,0,2
Langer N.,340,3,1,2,4.305,0,1,1,1
Lapentti G.,641,26,7,19,3.365176470588236,0,1,7,18
Lapentti N.,129,149,59,90,3.1327506019261637,5,9,54,81
Larkham T.,168,1,0,1,,0,0,0,1
Larose S.,193,3,1,2,3.96875,0,0,1,2
Lazarov A.,301,6,1,5,5.125,1,4,0,1
Lazov A.,438,1,0,1,,0,1,0,0
Ledovskikh M.,417,17,4,13,3.3822727272727278,2,5,2,8
Lee D.H.,212,2,1,1,3.165,0,0,1,1
Lee H.T.,115,162,73,89,2.807733116883117,5,10,68,79
Lee M.,252,3,1,2,3.3925,0,0,1,2
Lehecka J.,33,61,30,31,2.5492849462365594,4,4,26,27
Lejnieks K.,664,2,1,1,5.5,1,1,0,0
Lemke J.,456,1,0,1,,0,0,0,1
Lenz J.,270,2,0,2,,0,1,0,1
Leshem E.,446,3,1,2,2.96,1,1,0,1
Lestienne C.,109,40,13,27,3.27037037037037,6,9,7,18
Levine I.,426,1,0,1,,0,0,0,1
Levine J.,132,93,30,63,2.9655053763440864,5,7,25,56
Levy H.,118,28,6,22,2.789666666666667,0,3,6,19
Li Z.,231,10,0,10,,0,0,0,10
Lin J.M.,0,1,0,1,,0,1,0,0
Lindahl N.,244,9,1,8,4.645,1,1,0,7
Lindell C.,326,10,2,8,5.358125,0,1,2,7
Linzer M.,354,2,0,2,,0,0,0,2
Lipsky S.,1004,1,0,1,,0,0,0,1
Lisnard J.,134,5,1,4,2.474375,0,1,1,3
Lisnard J.R.,393,55,15,40,3.459585087719298,3,3,12,37
Ljubicic I.,53,457,286,171,2.2000259908218607,99,51,187,120
Ljubicic I. ,25,1,0,1,,0,1,0,0
Llamas Ruiz P.,3065,2,1,1,2.915,0,0,1,1
Llodra M.,192,327,157,170,2.7596494652406416,58,46,99,124
Loffhagen G.,371,2,0,2,,0,0,0,2
Logtens P.,286,1,0,1,,0,0,0,1
Lojda D.,169,1,0,1,,0,0,0,1
Lokoli L.,199,8,0,8,,0,3,0,5
Londero J.I.,142,83,34,49,3.2065625,3,5,31,44
Lopez F.,634,863,441,422,2.491268610747051,71,82,370,340
Lopez F. ,46,2,1,1,1.495,1,1,0,0
Lopez M.,1014,35,12,23,3.208452380952381,0,1,12,22
Lopez San Martin A.,550,1,0,1,,0,0,0,1
Lopez Villasenor G.,654,4,0,4,,0,0,0,4
Lopez-Jaen M.A.,264,3,1,2,6.785,0,0,1,2
Lopez-Perez E.,196,1,0,1,,0,0,0,1
Lorenzi P.,171,284,104,180,3.8262446581196583,19,26,85,154
Lu H.,1095,2,1,1,,0,0,1,1
Lu Y.,625,11,1,10,7.062611111111112,0,0,1,10
Lu Y.H.,962,354,142,212,3.237826086956522,15,31,127,181
Luczak P.,248,103,32,71,3.3370219435736677,2,5,30,66
Luczak P. ,80,1,0,1,,0,1,0,0
Luncanu P.A.,322,2,0,2,,0,1,0,1
Luque D.,596,1,0,1,,0,0,0,1
Luz O.,544,1,0,1,,0,1,0,0
Luzzi F.,111,17,5,12,3.274583333333333,0,0,5,12
Maamoun K.,291,1,0,1,,0,0,0,1
Machac T.,108,18,6,12,3.1454166666666663,1,1,5,11
Machado R.,227,50,13,37,3.7417567567567573,0,1,13,36
Mackin A.,270,9,0,9,,0,2,0,7
Madaras D.,191,2,0,2,,0,1,0,1
Maden Y.,131,26,9,17,3.8867973856209153,5,7,4,10
Maestrelli F.,186,1,0,1,,0,1,0,0
Mager G.,67,59,24,35,3.0953105590062115,3,7,21,28
Mahut N.,191,386,175,211,2.8695190071556347,45,60,130,151
Majchrzak K.,121,50,19,31,2.6148896434634974,3,4,16,27
Malisse X.,113,353,175,178,2.278929356725146,27,37,148,141
Mamiit C.,420,9,3,6,3.22175,1,2,2,4
Mankad H.,255,3,0,3,,0,0,0,3
Mannarino A.,27,567,264,303,2.816656881641348,60,73,204,230
Mansouri S.,296,1,0,1,,0,0,0,1
Mantilla F.,421,65,32,33,2.311008928571429,0,0,32,33
Marach O.,464,41,15,26,3.2702820512820514,3,5,12,21
Marcaccio G.,406,5,2,3,5.125,0,0,2,3
Marcan D.,377,2,0,2,,0,2,0,0
March O.,0,1,0,1,,0,0,0,1
Marchenko I.,164,131,50,81,3.2928691358024684,18,23,32,58
Marcora R.,208,7,3,4,3.0125,1,1,2,3
Marin J.A.,259,27,7,20,3.010515873015873,0,0,7,20
Marozsan F.,87,7,4,3,4.84625,0,0,4,3
Marrai M.,414,1,0,1,,0,0,0,1
Marray J.,263,11,4,7,3.4667857142857144,0,1,4,6
Marrero D.,262,9,3,6,2.7800000000000002,0,0,3,6
Marterer M.,144,91,31,60,2.7698387096774195,2,8,29,52
Marti J.,211,13,2,11,4.254772727272727,1,3,1,8
Marti Y.,391,7,2,5,3.0335,0,0,2,5
Martin A.,723,258,107,151,3.051355639538672,6,13,101,138
Martin A. ,119,1,0,1,,0,1,0,0
Martin D.,725,1,0,1,,0,1,0,0
Martin F.,0,2,0,2,,0,0,0,2
Martin T.,96,25,10,15,2.1583,0,2,10,13
Martinez P.,135,118,50,68,2.7637438725490195,7,6,43,62
Massa E.,240,17,7,10,2.59375,0,1,7,9
Massu N.,578,239,112,127,2.321817434715822,9,17,103,110
Masur D.,222,6,1,5,4.087,0,1,1,4
Mathieu P.,44,3,0,3,,0,0,0,3
Mathieu P.H.,252,479,227,252,2.5411108821553716,58,66,169,186
Mathieu P.H. ,32,1,0,1,,0,1,0,0
Matkowski M.,0,1,0,1,,0,0,0,1
Matos-Gil I.,512,2,0,2,,0,0,0,2
Matosevic M.,169,155,62,93,3.4705241935483877,10,11,52,82
Matsui T.,536,4,2,2,,1,1,1,1
Matsukevitch D.,364,4,1,3,4.916666666666666,1,2,0,1
Mayer F.,193,477,227,250,2.8272768310636733,27,41,200,209
Mayer L.,146,358,165,193,2.905949860988247,13,24,152,169
Mayer L. ,64,2,1,1,5.4,1,1,0,0
Mayot H.,181,4,1,3,2.5716666666666668,0,1,1,2
Mazarakis V.,126,3,0,3,,0,0,0,3
McClune M.,614,1,0,1,,0,0,0,1
Mcclune M.,416,2,1,1,3.125,0,0,1,1
Mcdonald M.,60,190,87,103,2.7523377281947257,11,15,76,88
Mcgee J.,272,3,0,3,,0,0,0,3
Mecir M.,187,4,1,3,3.2816666666666667,1,2,0,1
Medjedovic H.,147,11,3,8,2.5216666666666665,0,1,3,7
Medvedev D.,3,406,289,117,1.7823593588264868,69,27,220,90
Medvedev D. ,4,3,0,3,,0,3,0,0
Meffert D.,204,13,5,8,3.841375,3,3,2,5
Meister N.,625,1,0,1,,0,0,0,1
Mejia N.,301,1,0,1,,0,0,0,1
Mektic N.,331,9,2,7,3.4292857142857143,0,3,2,4
Meligeni Alves F.,177,3,1,2,3.8000000000000003,0,0,1,2
Meligeni Rodrigues F,224,2,0,2,,0,0,0,2
Mello R.,346,122,45,77,3.0564788083538086,1,9,44,68
Melzer G.,188,46,16,30,3.216854166666667,1,7,15,23
Melzer J.,426,577,305,272,2.54016035766775,68,54,237,218
Mena F.,151,1,0,1,,0,0,0,1
Menendez-Maceiras A.,139,24,6,18,3.321666666666667,2,5,4,13
Menezes J.,199,1,0,1,,0,0,0,1
Mergea F.,277,2,1,1,,0,0,1,1
Mertens Y.,208,3,1,2,2.1525,1,2,0,0
Mertinak M.,555,13,4,9,2.7765833333333334,0,1,4,8
Mertl J.,306,2,1,1,4.8100000000000005,0,0,1,1
Mesaros K.,295,1,0,1,,0,1,0,0
Michelsen A.,140,7,4,3,2.2408333333333337,0,0,4,3
Michon A.,206,2,1,1,4.6,0,0,1,1
Middelkoop M.,210,1,0,1,,0,0,0,1
Miedler L.,258,3,0,3,,0,2,0,1
Millman J.,140,256,113,143,2.9067541308249276,21,22,92,121
Millot V.,291,30,8,22,4.096704545454545,3,10,5,12
Milojevic N.,136,14,6,8,3.602291666666667,1,1,5,7
Mina G.,269,5,1,4,8.39125,0,0,1,4
Minar I.,216,96,33,63,3.2516101694915256,1,7,32,56
Minar J.,303,3,0,3,,0,0,0,3
Miranda I.,126,3,1,2,2.58,0,0,1,2
Mirnegg M.,306,1,0,1,,0,0,0,1
Mirnyi M.,260,180,85,95,2.233355514316013,30,20,55,75
Misolic F.,158,11,6,5,2.8120000000000003,0,1,6,4
Mitchell B.,231,5,0,5,,0,0,0,5
Mmoh M.,112,55,20,35,3.4961571428571427,0,3,20,32
Mochizuki S.,200,8,0,8,,0,1,0,7
Moeller M.,0,1,0,1,,0,0,0,1
Molcan A.,120,86,45,41,3.0756802168021684,1,6,44,35
Molleker R.,251,15,4,11,3.9413636363636364,0,0,4,11
Molteni A.,280,2,0,2,,0,0,0,2
Monaco J.,124,580,324,256,2.4381929371123103,30,28,294,228
Monaco J. ,30,2,1,1,3.35,1,1,0,0
Monfils G.,323,816,510,306,2.0732851867869755,131,65,379,241
Monfils G. ,16,2,1,1,1.135,1,1,0,0
Montanes A.,312,454,216,238,3.223802080846662,12,23,204,215
Montanes A. ,34,3,2,1,7.25,2,1,0,0
Montcourt M.,123,15,5,10,3.9099999999999997,0,1,5,9
Monteiro J.,502,1,0,1,,0,0,0,1
Monteiro T.,121,171,69,102,2.7851578418711433,9,11,60,91
Moodie W.,157,93,40,53,2.829141328828829,6,13,34,40
Moraing M.,253,3,1,2,8.56,0,0,1,2
Moraru G.,418,1,0,1,,0,0,0,1
Moriya H.,253,14,3,11,5.7331666666666665,1,2,2,9
Moroni G.,265,2,1,1,2.31,0,0,1,1
Moroni G.M.,181,2,0,2,,0,0,0,2
Morrison J.,157,48,19,29,2.5806830065359474,4,5,15,24
Moser F.,424,1,0,1,,0,1,0,0
Motomura G.,273,7,2,5,3.3465,1,1,1,4
Mott B.,481,2,0,2,,0,0,0,2
Moundir A.,720,1,0,1,,0,0,0,1
Moutet C.,80,118,50,68,2.79250450180072,5,11,45,57
Moya C.,514,304,189,115,1.9310221478115284,7,12,182,103
Moyano D.,247,1,0,1,,0,0,0,1
Mpetshi G.,233,2,0,2,,0,0,0,2
Mukund S.,356,3,0,3,,0,0,0,3
Muller A.,81,22,9,13,4.383931623931624,0,1,9,12
Muller G.,127,397,200,197,2.7862812386675646,38,39,162,158
Munar J.,104,178,75,103,2.4800174757281557,7,12,68,91
Munoz De La Nava D.,138,8,1,7,2.1357142857142857,0,0,1,7
Munoz de La Nava D.,182,1,0,1,,0,0,0,1
Munoz de la Nava D.,200,1,0,1,,0,0,0,1
Munoz-De La Nava D.,69,27,8,19,3.741184210526316,1,1,7,18
Murray A.,44,932,687,245,1.7917897000209777,132,47,555,198
Murray A. ,4,5,5,0,,5,0,0,0
Musetti L.,18,143,79,64,2.3607815953385574,12,12,67,52
Muster T.,974,3,0,3,,0,2,0,1
Mutis O.,125,23,7,16,3.321066666666667,1,2,6,14
Myneni S.,192,2,0,2,,0,0,0,2
Nadal R.,2,1223,1017,206,1.4538463585195291,76,40,941,166
Nadal R. ,1,3,2,1,1.585,2,1,0,0
Nader M.,0,1,0,1,,0,0,0,1
Nagal S.,503,17,3,14,3.9540476190476195,0,1,3,13
Nakashima B.,70,106,57,49,1.9993161475116366,6,5,51,44
Nalbandian D.,124,396,266,130,1.8321200095057035,71,26,195,104
Nam H.W.,467,2,0,2,,0,0,0,2
Nam J.S.,590,3,0,3,,0,0,0,3
Napolitano S.,555,4,1,3,4.25,0,0,1,3
Nardi L.,151,11,2,9,2.762777777777778,1,3,1,6
Naso G.,200,14,3,11,3.251666666666667,0,0,3,11
Nava E.,242,13,2,11,4.150909090909091,0,0,2,11
Navarro S.,209,1,0,1,,0,0,0,1
Navarro-Pastor I.,310,100,35,65,3.5779748684979538,1,4,34,61
Nedelko I.,508,2,0,2,,0,2,0,0
Nedovyesov A.,115,23,4,19,3.895592105263158,0,3,4,16
Nedovyesov O.,124,1,0,1,,0,1,0,0
Nedunchezhiyan J.,314,1,0,1,,0,0,0,1
Nestor D.,0,2,0,2,,0,0,0,2
Neumayer L.,980,1,0,1,,0,0,0,1
Nielsen F.,558,10,0,10,,0,3,0,7
Nielsen M.,309,3,0,3,,0,0,0,3
Niemeyer F.,487,12,3,9,4.2375,1,3,2,6
Nieminen J.,145,572,294,278,2.616822130448951,89,68,205,210
Nieminen J. ,122,2,1,1,3.31,1,1,0,0
Niki T.,340,1,0,1,,0,0,0,1
Nikles J.,317,4,1,3,4.5216666666666665,0,0,1,3
Niland C.,197,3,0,3,,0,0,0,3
Nishikori K.,439,617,408,209,2.3175042420814482,70,33,338,176
Nishioka Y.,31,215,99,116,3.2080342902711325,15,15,84,101
Noguchi R.,291,2,1,1,4.95,0,0,1,1
Norman D.,263,37,10,27,2.963125,1,3,9,24
Norrie C.,13,287,172,115,2.4133323162979914,15,18,157,97
Novak D.,166,58,15,43,3.092077519379845,6,16,9,27
Novak J.,122,127,71,56,2.0874242788461537,7,10,64,46
Novikov D.,219,16,5,11,3.8329999999999997,0,0,5,11
Nunez E.,531,1,0,1,,0,0,0,1
O Connell C.,74,65,26,39,2.8349358974358974,0,0,26,39
O'Connell C.,115,3,0,3,,0,0,0,3
O'Neal J.,748,1,0,1,,0,0,0,1
Odesnik W.,176,99,40,59,2.985725022104332,3,5,37,54
Ofner S.,61,34,16,18,3.7487847222222226,1,2,15,16
Ojeda Lara R.,206,6,3,3,3.591666666666667,0,0,3,3
Okun N.,273,26,8,18,3.0820285714285713,0,3,8,15
Olaso G.,309,6,2,4,3.8287500000000003,0,1,2,3
Olejniczak D.,202,3,0,3,,0,0,0,3
Oliel Y.,383,2,0,2,,0,2,0,0
Olivetti A.,793,14,5,9,3.593333333333333,5,5,0,4
Olivieri G.,231,3,2,1,8.7175,0,0,2,1
Olivo R.,179,55,23,32,3.5202414772727275,4,4,19,28
Opelka R.,17,168,88,80,2.253829833141542,17,10,71,70
Ortega-Olmedo R.,310,1,0,1,,0,0,0,1
Oswald P.,1059,4,1,3,3.6666666666666665,0,1,1,2
Otte O.,233,78,33,45,2.7419756944444447,6,14,27,31
Ouahab L.,617,15,5,10,3.8585000000000003,0,1,5,9
Ouanna J.,156,26,9,17,3.6122058823529413,3,5,6,12
Oudsema S.,261,5,1,4,,0,1,1,3
Ouyang B.,1098,1,0,1,,0,0,0,1
Pacheco Mendez R.,817,3,0,3,,0,0,0,3
Paes L.,0,1,0,1,,0,0,0,1
Paire B.,149,527,237,290,2.7490480557593546,39,56,198,234
Panfil G.,911,1,0,1,,0,0,0,1
Pannu K.,717,2,0,2,,0,0,0,2
Parada F.,385,2,0,2,,0,0,0,2
Parmar A.,230,10,3,7,4.3445833333333335,2,2,1,5
Pasha N.,1187,1,0,1,,0,0,0,1
Pashanski B.,166,72,24,48,3.2200872093023256,2,2,22,46
Passaro F.,126,10,3,7,2.586904761904762,1,1,2,6
Patience O.,199,76,26,50,2.9276401952085185,1,3,25,47
Patino L.,809,1,0,1,,0,0,0,1
Patriarca D.,284,1,0,1,,0,0,0,1
Paul T.,14,204,111,93,2.3093179592636113,19,13,92,80
Pavel A.,646,165,74,91,2.404459546165884,12,18,62,73
Pavic A.,449,13,3,10,3.3198333333333334,0,3,3,7
Pavic M.,0,13,3,10,7.064,0,1,3,9
Pavlasek A.,185,14,5,9,4.208444444444444,0,1,5,8
Pecotic M.,784,2,1,1,5.0,0,0,1,1
Pedroso A.,286,1,0,1,,0,0,0,1
Peliwo F.,526,6,2,4,4.6875,0,0,2,4
Pella G.,199,260,118,142,3.0915944384254246,14,16,104,126
Pellegrino A.,292,2,1,1,3.625,0,0,1,1
Peniston R.,268,13,6,7,2.8191666666666664,0,0,6,7
Perez D.,578,2,0,2,,0,0,0,2
Peric T.,1255,1,0,1,,0,0,0,1
Pervolarakis M.,377,1,0,1,,0,0,0,1
Pescosolido S.,157,5,1,4,3.0191250000000003,0,0,1,4
Petrovic D.,157,5,2,3,3.6383333333333336,0,1,2,2
Petzschner P.,524,183,83,100,2.9098168431300957,25,23,58,77
Petzschner P. ,76,1,0,1,,0,1,0,0
Peya A.,311,56,15,41,3.3688504504504504,4,7,11,34
Phau B.,223,189,73,116,3.441720300348619,15,20,58,96
Philippoussis M.,113,63,28,35,2.026239393939394,3,4,25,31
Phillips T.,413,1,0,1,,0,0,0,1
Piccari F.,234,1,0,1,,0,0,0,1
Piros Z.,124,3,1,2,2.1,0,0,1,2
Pless K.,128,52,13,39,3.7187,3,6,10,33
Podlipnik H.,517,2,0,2,,0,0,0,2
Poerschke L.,332,2,0,2,,0,2,0,0
Polansky P.,172,50,11,39,3.702331002331003,0,3,11,36
Poljicak M.,537,1,0,1,,0,0,0,1
Polmans M.,165,19,5,14,3.2462857142857144,0,3,5,11
Popko D.,188,2,0,2,,0,2,0,0
Popp A.,241,43,15,28,2.4660083333333334,1,5,14,23
Popp T.,222,2,0,2,,0,0,0,2
Popyrin A.,90,140,59,81,2.665760233918129,9,13,50,68
Portas A.,131,53,16,37,2.769052777777778,0,0,16,37
Pospisil J.,213,8,1,7,,1,2,0,5
Pospisil V.,99,280,122,158,2.8807159161651796,39,34,83,124
Pouille L.,675,259,134,125,2.7920477611940298,35,26,99,99
Prashanth V.,557,1,0,1,,0,0,0,1
Prinosil D.,368,1,0,1,,0,0,0,1
Prizmic D.,287,5,2,3,2.8658333333333332,0,0,2,3
Prodon E.,115,15,0,15,,0,1,0,14
Prpic A.,205,1,0,1,,0,0,0,1
Prpic F.,310,9,2,7,3.36,1,2,1,5
Przysiezny M.,315,78,19,59,3.4432309941520467,7,14,12,45
Pucinelli de Almeida M.,264,2,1,1,3.75,1,1,0,0
Puerta M.,10,63,37,26,2.3651515151515152,4,7,33,19
Puetz T.,183,3,1,2,2.39,0,0,1,2
Purcell M.,78,28,9,19,3.27280701754386,0,0,9,19
Querrey S.,287,678,369,309,2.3024898596774626,48,39,321,270
Querry S.,545,7,2,5,3.4875,0,1,2,4
Quigley E.,463,1,0,1,,0,0,0,1
Quinn E.,394,3,1,2,4.255,0,0,1,2
Quinzi G.,304,2,1,1,3.01,0,0,1,1
Quiroz R.,293,6,3,3,3.475,0,0,3,3
Qureshi A.,154,10,4,6,3.6064999999999996,0,1,4,5
Qureshi A.U.H.,207,5,1,4,3.65625,0,1,1,3
Rachidi Y.,923,1,0,1,,0,0,0,1
Raja P.,907,1,0,1,,0,1,0,0
Ram A.,233,6,1,5,2.975,0,1,1,4
Ram R.,235,147,55,92,3.2434816561844864,3,16,52,76
Ramanathan R.,435,40,14,26,3.2187087912087913,0,4,14,22
Ramirez C.,476,3,0,3,,0,0,0,3
Ramirez-Hidalgo R.,165,180,62,118,3.1444698657308514,2,6,60,112
Ramos A.,97,148,68,80,3.117757352941177,9,13,59,67
Ramos-Vinolas A.,82,437,204,233,2.771057284299858,17,31,187,202
Raonic M.,849,540,361,179,1.9176600888861068,64,34,297,145
Rascon T.,484,1,0,1,,0,1,0,0
Rastogi K.,480,5,1,4,,0,1,1,3
Rea S.,963,1,0,1,,0,0,0,1
Recouderc L.,207,15,3,12,3.875166666666667,0,4,3,8
Rehberg M.,412,3,0,3,,0,0,0,3
Rehnquist B.,191,11,3,8,5.010357142857143,1,3,2,5
Reichel A.,1154,1,0,1,,0,1,0,0
Reid M.,216,1,0,1,,0,0,0,1
Reid T.,175,26,12,14,2.5475941558441555,0,0,12,14
Reinberg E.,1032,1,0,1,,0,0,0,1
Reister J.,759,48,14,34,3.064017857142857,0,4,14,30
Reix C.,502,2,1,1,10.75,1,1,0,0
Renavand N.,364,2,1,1,5.0,1,1,0,0
Rettenmaier T.,297,4,2,2,2.915,1,1,1,1
Reyes-Varela M.A.,502,2,0,2,,0,0,0,2
Reynolds B.,133,98,28,70,3.205188923395445,1,11,27,59
Riba P.,228,85,24,61,3.2977732240437154,1,7,23,54
Riba-Madrid P.,78,2,0,2,,0,0,0,2
Riedi L.,135,5,1,4,3.45125,1,1,0,3
Rieschick S.,253,4,1,3,3.685,1,1,0,2
Riffice S.,542,1,0,1,,0,0,0,1
Rincon D.,841,2,0,2,,0,0,0,2
Rinderknech A.,67,96,46,50,2.548147826086957,16,12,30,38
Rios F.,1285,1,0,1,,0,0,0,1
Ritschard A.,163,9,3,6,5.124166666666667,1,1,2,5
Robert S.,661,113,38,75,3.8619481981981982,3,6,35,69
Robredo R.,6,3,1,2,3.665,1,2,0,0
Robredo T.,362,684,411,273,2.2224067019400353,44,41,367,232
Robredo T. ,15,3,2,1,2.6174999999999997,2,1,0,0
Roca Batalla O.,1055,3,1,2,3.3125,0,0,1,2
Rocha D.,999,2,1,1,,0,0,1,1
Rocha H.,596,1,0,1,,0,0,0,1
Rochus C.,1502,186,63,123,3.4226736131934032,14,27,49,96
Rochus C. ,88,1,0,1,,0,1,0,0
Rochus O.,143,344,162,182,2.6918351428270264,36,38,126,144
Rochus O. ,61,1,0,1,,0,1,0,0
Roddick A.,22,550,412,138,1.6745213149446727,87,34,325,104
Rodionov J.,118,26,9,17,3.2409150326797387,2,3,7,14
Rodrigues M.,275,2,1,1,8.125,1,1,0,0
Rodriguez B.,439,1,0,1,,0,0,0,1
Rodriguez Taverna S.,201,1,0,1,,0,0,0,1
Roger-Vasselin E.,186,208,84,124,3.0001508363201914,21,29,63,95
Roitman S.,121,80,23,57,3.146904186795491,0,3,23,54
Rola B.,163,27,9,18,3.5502777777777776,1,2,8,16
Romboli F.,244,1,0,1,,0,0,0,1
Rosenholm P.,371,3,1,2,13.0,1,2,0,0
Roshardt R.,588,2,0,2,,0,0,0,2
Rosol L.,226,259,110,149,3.2047223917022576,22,34,88,115
Rosset M.,140,12,4,8,2.9801875,2,4,2,4
Roumane R.,431,1,0,1,,0,1,0,0
Rubin N.,306,29,8,21,3.515125,0,2,8,19
Rublev A.,7,392,255,137,2.071563725490196,57,34,198,103
Ruevski P.,210,1,0,1,,0,0,0,1
Rufin G.,91,44,16,28,3.74977380952381,4,2,12,26
Rune H.,6,131,83,48,2.2399517276422767,28,9,55,39
Rusedski G.,136,109,57,52,2.3845805052790348,14,9,43,43
Russell M.,156,170,62,108,3.3725257009345793,15,18,47,90
Ruud C.,4,275,176,99,2.0666268398268395,19,16,157,83
Ruusuvuori E.,55,158,79,79,2.1670886075949367,16,18,63,61
Rybakov A.,378,1,0,1,,0,1,0,0
Ryderstedt M.,340,20,8,12,3.869702380952381,5,6,3,6
Sa A.,238,5,1,4,2.895833333333333,0,0,1,4
Saavedra Corvalan C.,395,1,0,1,,0,0,0,1
Sabau R.,163,36,9,27,2.9616444444444445,0,3,9,24
Sabry S.,586,1,0,1,,0,0,0,1
Sachko V.,1041,3,0,3,,0,1,0,2
Sadecky A.,401,3,1,2,4.5625,0,0,1,2
Safin M.,65,290,171,119,1.836935885794996,45,23,126,96
Safiullin R.,92,42,20,22,3.0005681818181817,7,7,13,15
Safranek V.,225,2,0,2,,0,0,0,2
Safwat M.,135,14,2,12,3.130909090909091,0,0,2,12
Sakamoto P.,389,1,0,1,,0,1,0,0
Sakharov G.,252,4,1,3,3.3766666666666665,0,0,1,3
Salamanca C.,310,1,0,1,,0,0,0,1
Salva B.,326,5,0,5,,0,0,0,5
Salzenstein J.,495,22,6,16,2.7264999999999997,0,1,6,15
Samper-Montana J.,410,2,0,2,,0,0,0,2
Sanchez D.,138,71,29,42,2.3861115384615386,0,2,29,40
Sanchez De Luna J.,304,2,0,2,,0,0,0,2
Sanchez M.,624,2,0,2,,0,0,0,2
Sanchez de Luna J.A.,494,1,0,1,,0,0,0,1
Sandbichler A.,570,1,0,1,,0,0,0,1
Sandgren T.,153,121,47,74,2.891803930260047,2,9,45,65
Sanguinetti D.,253,126,49,77,2.7908991156239766,7,17,42,60
Santillan A.,163,9,2,7,2.322857142857143,0,1,2,6
Santopadre V.,145,1,0,1,,0,1,0,0
Santoro F.,67,224,111,113,2.9695778278278278,24,30,87,83
Saoudi S.,524,4,2,2,,0,0,2,2
Saretta F.,543,63,26,37,2.562871031746032,2,1,24,36
Sargsian S.,391,57,20,37,2.7672030360531306,5,7,15,30
Sarkissian A.,478,6,2,4,3.515,0,0,2,4
Sarmiento R.,705,1,0,1,,0,0,0,1
Satral J.,226,3,1,2,7.375,0,0,1,2
Saulnier C.,259,109,49,60,2.426158081373647,22,16,27,44
Saville L.,221,8,2,6,4.648333333333333,0,0,2,6
Savolt A.,592,2,0,2,,0,1,0,1
Schalken S.,202,52,24,28,2.0286397306397306,5,5,19,23
Scherrer J.C.,1121,4,1,3,2.86,0,0,1,3
Schiessling T.,652,1,0,1,,0,0,0,1
Schnur B.,233,19,4,15,2.8559166666666664,4,4,0,11
Scholtz N.,662,1,0,1,,0,0,0,1
Schoolkate T.,844,1,0,1,,0,0,0,1
Schoorel T.,108,6,1,5,4.3,0,3,1,2
Schuettler R.,113,276,113,163,2.6114724842767294,23,33,90,130
Schuettler R. ,85,1,0,1,,0,1,0,0
Schukin Y.,127,30,12,18,3.636777777777778,0,3,12,15
Schuttler P.,350,1,0,1,,0,1,0,0
Schwank E.,139,98,37,61,2.994187853107345,3,5,34,56
Schwartzman D.,95,428,233,195,2.721377593911774,32,27,201,168
Sekulic M.,68,1,0,1,,0,1,0,0
Sela D.,146,289,120,169,3.0402112919132147,16,23,104,146
Seppi A.,141,758,363,395,2.835152073926578,74,85,289,310
Seppi A. ,51,2,1,1,8.33,1,1,0,0
Serdarusic N.,702,9,1,8,3.64,0,3,1,5
Sergeyev I.,209,2,1,1,8.0,0,0,1,1
Serra F.,450,289,122,167,2.939715453628497,18,36,104,131
Serra F. ,71,2,1,1,3.7,1,1,0,0
Setkic A.,165,3,0,3,,0,1,0,2
Settergren J.,383,1,0,1,,0,1,0,0
Seyboth Wild T.,117,28,12,16,2.948833333333333,7,3,5,13
Shane R.,1410,1,0,1,,0,0,0,1
Shang J.,149,12,4,8,3.138125,0,0,4,8
Shapovalov D.,29,298,166,132,2.1015288426433005,30,27,136,105
Shelbayh A.,240,6,1,5,3.04,0,0,1,5
Shelton B.,43,34,13,21,2.270054945054945,0,0,13,21
Sherwood D.,261,2,1,1,4.25,0,0,1,1
Shevchenko A.,93,20,8,12,3.3116666666666665,0,2,8,10
Shi B.,0,1,0,1,,0,1,0,0
Shimabukuro S.,161,4,1,3,4.75,0,0,1,3
Shimizu Y.,451,1,0,1,,0,0,0,1
Shyla Y.,366,1,0,1,,0,1,0,0
Si Y.M.,0,1,0,1,,0,1,0,0
Sidorenko A.,255,13,4,9,3.5175,2,4,2,5
Sijsling I.,114,133,47,86,2.8353554443053817,21,22,26,64
Silva D.,263,1,0,1,,0,0,0,1
Silva F.,249,2,0,2,,0,0,0,2
Silva F.F.,263,3,1,2,3.725,0,0,1,2
Silva J.,228,7,1,6,,0,0,1,6
Simmonds P.,428,3,0,3,,0,0,0,3
Simon G.,188,869,491,378,2.3613384668035593,135,94,356,284
Simon G. ,12,3,2,1,1.445,2,1,0,0
Simonsson F.,674,1,0,1,,0,0,0,1
Singh N.,817,1,0,1,,0,1,0,0
Singh S.,373,1,0,1,,0,1,0,0
Sinner J.,8,224,153,71,1.8798123249299725,42,19,111,52
Sirianni J.,254,17,6,11,3.2150757575757574,0,0,6,11
Siriluethaiwattana P.,1194,2,0,2,,0,2,0,0
Sitak A.,0,2,0,2,,0,0,0,2
Skatov T.,147,5,1,4,4.8875,1,2,0,2
Skoch D.,0,3,0,3,,0,0,0,3
Skugor F.,351,27,7,20,3.166642857142857,0,3,7,17
Slabinsky A.,558,2,0,2,,0,0,0,2
Slanar M.,232,3,1,2,4.5125,0,0,1,2
Sluiter R.,866,96,39,57,2.7156606060606063,6,12,33,45
Smeets R.,168,9,1,8,4.692857142857143,0,1,1,7
Smethurst D.,234,1,0,1,,0,0,0,1
Smit J.,711,1,0,1,,0,1,0,0
Smith A.,0,1,0,1,,0,0,0,1
Smith J.P.,306,27,5,22,2.825,0,2,5,20
Smyczek T.,281,128,43,85,3.056138166894665,5,8,38,77
Snobel P.,184,3,0,3,,0,1,0,2
Sock J.,166,324,177,147,2.440407586763519,38,24,139,123
Soderling R.,5,427,273,154,2.1152942998760844,99,38,174,116
Soderlund C.,479,2,1,1,5.18,0,0,1,1
Soeda G.,119,105,29,76,4.060342497670083,7,13,22,63
Sonego L.,43,221,107,114,2.3342994753238235,19,17,88,97
Sorensen L.,236,6,2,4,3.8674999999999997,0,0,2,4
Sousa J.,147,436,189,247,3.2964156784094873,42,44,147,203
Sousa P.,475,36,9,27,3.6319444444444446,1,3,8,24
Souza J.,131,72,25,47,3.614277482269504,6,6,19,41
Spadea V.,361,250,118,132,2.440582315340909,19,27,99,105
Spizzirri E.,0,1,0,1,,0,0,0,1
Squillari F.,135,19,10,9,2.5066875,0,0,10,9
Squire H.,291,1,0,1,,0,0,0,1
Srichaphan P.,83,195,102,93,2.269010710194731,25,19,77,74
Stadler S.,288,16,6,10,3.8275,2,2,4,8
Stakhovsky S.,200,339,145,194,3.1661791593822843,46,51,99,143
Starace P.,176,333,146,187,2.8836261909391405,12,24,134,163
Statham J.,360,8,2,6,5.410833333333333,0,0,2,6
Statham R.,557,1,0,1,,0,0,0,1
Stebe C-M.,177,2,1,1,3.415,0,0,1,1
Stebe C.M.,231,76,28,48,3.698095238095238,4,7,24,41
Steckley R.,583,1,0,1,,0,0,0,1
Stepanek M.,25,2,1,1,1.88,0,0,1,1
Stepanek R.,102,558,319,239,2.652736570011189,82,47,237,192
Stepanek R. ,14,4,3,1,3.0216666666666665,3,1,0,0
Stoliarov A.,361,1,0,1,,0,1,0,0
Stoppini A.,209,11,3,8,5.916666666666666,0,1,3,7
Stricker D.,106,20,10,10,2.777,2,2,8,8
Strode B.,393,1,0,1,,0,1,0,0
Struff J-L.,106,1,0,1,,0,0,0,1
Struff J.L.,21,369,170,199,2.5281531185338455,43,42,127,157
Struvay E.,336,2,0,2,,0,0,0,2
Sugita Y.,131,129,47,82,3.1148546964193047,6,12,41,70
Sultan-Khalfan A.,1497,1,0,1,,0,0,0,1
Summerer T.,219,9,1,8,,0,1,1,7
Sun P.,557,5,1,4,,0,0,1,4
Suzuki T.,355,17,8,9,5.265694444444444,0,0,8,9
Svajda Z.,233,8,2,6,4.43,0,1,2,5
Svrcina D.,216,2,1,1,3.375,0,0,1,1
Sweeny D.,797,2,1,1,3.875,0,0,1,1
Sweeting R.,156,89,33,56,3.4786383928571425,1,9,32,47
Tabara M.,111,21,7,14,3.49125,1,1,6,13
Taberner C.,181,37,13,24,2.7503205128205126,4,6,9,18
Tabilo A.,122,44,21,23,2.6279399585921324,5,4,16,19
Tahiri M.,566,4,1,3,4.875,0,0,1,3
Taino E.,255,4,1,3,2.263333333333333,0,1,1,2
Takahashi Y.,262,1,0,1,,0,0,0,1
Takeuchi K.,441,1,0,1,,0,1,0,0
Tavares L.,246,3,1,2,3.75,0,0,1,2
Tearney F.,447,2,0,2,,0,0,0,2
Tecau H.,352,1,0,1,,0,0,0,1
Teixeira M.,340,6,1,5,4.397,0,2,1,3
Tenconi T.,147,1,0,1,,0,0,0,1
Tepavac M.,201,1,0,1,,0,1,0,0
Terachi T.,411,5,2,3,3.966666666666667,0,0,2,3
Thiem D.,116,517,327,190,2.0680376629647514,53,39,274,151
Thiem D. ,5,5,3,2,2.548333333333334,3,2,0,0
Thomann N.,266,10,2,8,,1,4,1,4
Thompson C.,2159,1,0,1,,0,0,0,1
Thompson J.,71,221,96,125,2.588425263157895,10,10,86,115
Thron A.,901,2,0,2,,0,1,0,1
Tiafoe F.,10,303,158,145,2.3218030554343083,24,23,134,122
Tien L.,1042,1,0,1,,0,0,0,1
Tipsarevic J.,251,481,243,238,2.367034664830119,52,49,191,189
Tipsarevic J. ,39,2,1,1,2.14,1,1,0,0
Tirante T.A.,136,5,2,3,3.5308333333333333,0,0,2,3
Tiurnev E.,304,1,0,1,,0,1,0,0
Tomic B.,233,349,169,180,2.642903846153846,13,23,156,157
Topic J.,605,1,0,1,,0,0,0,1
Topo M.,478,4,0,4,,0,0,0,4
Torebko P.,384,2,0,2,,0,0,0,2
Torpegaard M.,188,4,1,3,2.658333333333333,0,0,1,3
Travaglia S.,1024,81,27,54,2.7477777777777774,5,12,22,42
Trevisan M.,462,1,0,1,,0,0,0,1
Trinker B.,417,3,1,2,6.75,0,0,1,2
Troicki V.,230,525,269,256,2.633720265858209,61,51,208,205
Troicki V. ,29,2,1,1,2.575,1,1,0,0
Trongcharoenchaikul W.,1217,1,0,1,,0,1,0,0
Trujillo G.,237,2,1,1,7.55,0,0,1,1
Trungelliti M.,240,33,13,20,3.4615833333333335,2,2,11,18
Trusendi W.,386,1,0,1,,0,0,0,1
Tseng C. H.,108,8,2,6,3.2158333333333333,0,1,2,5
Tseng C.H.,145,9,1,8,2.44875,0,0,1,8
Tsitsipas P.,970,1,0,1,,0,1,0,0
Tsitsipas S.,5,390,264,126,1.8607575665399239,49,32,215,94
Tsitsipas S. ,6,5,4,1,2.6875,4,1,0,0
Tsonga J.W.,297,672,444,228,2.032182844413296,139,62,305,166
Tsonga J.W. ,9,1,0,1,,0,1,0,0
Tu L.,252,5,1,4,3.3125,0,0,1,4
Tuksar S.,166,5,0,5,,0,1,0,4
Tursunov D.,645,429,218,211,2.6261244693038615,55,41,163,170
Tveit E.,925,1,0,1,,0,0,0,1
Tyurnev E.,548,1,0,1,,0,1,0,0
Uchida K.,155,4,1,3,4.305,0,0,1,3
Uchiyama Y.,314,33,9,24,3.305486111111111,1,3,8,21
Udomchoke D.,145,64,15,49,3.121100303951368,3,10,12,39
Uebel L.,288,1,0,1,,0,0,0,1
Ugo Carabelli C.,122,5,2,3,3.059166666666667,0,1,2,2
Ulihrach B.,145,43,13,30,3.2249886363636366,3,5,10,25
Ungur A.,203,33,6,27,5.313425925925925,0,1,6,26
Uppal V.,526,1,0,1,,0,0,0,1
Urban F.,560,1,0,1,,0,0,0,1
Vacek J.,342,23,7,16,3.354702380952381,0,0,7,16
Vacherot V.,357,1,0,1,,0,0,0,1
Vagnozzi S.,192,11,4,7,4.033333333333333,0,0,4,7
Vahaly B.,164,16,3,13,2.6753333333333336,0,2,3,11
Vaisse M.,309,1,0,1,,0,0,0,1
Valent R.,1088,1,0,1,,0,1,0,0
Valkusz M.,323,1,0,1,,0,0,0,1
Van Assche L.,68,20,7,13,2.9723626373626373,0,3,7,10
Van D. Merwe I.,118,1,0,1,,0,1,0,0
Van De Zandschulp B.,44,117,63,54,2.7035449735449735,11,11,52,43
Van Der Merwe I.,155,10,6,4,3.0408333333333335,0,1,6,3
Van Rijthoven T.,110,19,10,9,3.4004444444444446,0,4,10,5
Van der Dium A.,995,1,0,1,,0,1,0,0
Van der Merwe I.,286,3,1,2,2.425,0,0,1,2
Vanek J.,155,106,35,71,3.379643270944742,3,10,32,61
Vanni L.,163,23,5,18,3.51764705882353,3,6,2,12
Vardhan V.,313,2,0,2,,0,0,0,2
Varillas J. P.,1345,20,9,11,2.7432323232323235,2,1,7,10
Varillas J.P.,77,22,10,12,3.0788333333333333,1,3,9,9
Vasilevski A.,785,1,0,1,,0,1,0,0
Vassallo-Arguello M.,102,121,46,75,3.1579785531370037,1,3,45,72
Vassallo-Arguello M. ,72,1,0,1,,0,1,0,0
Vatutin A.,295,8,2,6,2.868333333333333,0,2,2,4
Vavassori A.,128,12,5,7,3.428,1,1,4,6
Vega Hernandez D.,440,1,0,1,,0,0,0,1
Veger F.,836,1,0,1,,0,1,0,0
Veic A.,228,32,10,22,4.394272727272727,2,6,8,16
Velotti A.,184,4,0,4,,0,0,0,4
Vemic D.,178,18,8,10,3.1470000000000002,0,1,8,9
Ventura S.,139,97,38,59,2.8086339285714286,0,0,38,59
Venus M.,0,11,1,10,5.3365,0,0,1,10
Verdasco F.,244,962,537,425,2.20486088071483,79,79,458,346
Verdasco F. ,8,4,3,1,1.7966666666666669,3,1,0,0
Verdasco M.,53,2,1,1,1.79,0,0,1,1
Verkerk M.,270,50,23,27,2.4057827272727272,2,3,21,24
Veronelli D.,172,1,0,1,,0,0,0,1
Vesely J.,528,288,130,158,2.4616816308507508,6,19,124,139
Vicente F.,268,45,12,33,2.886894265232975,0,1,12,32
Vicente M.,188,1,0,1,,0,0,0,1
Vico U.,254,7,2,5,,1,2,1,3
Vik R.,378,54,19,35,3.310248161764706,4,8,15,27
Vilella Martinez M.,167,10,4,6,3.7391666666666667,0,0,4,6
Villanueva G.,279,1,0,1,,0,0,0,1
Vinciguerra A.,572,16,6,10,3.5944444444444446,1,3,5,7
Viola M.,218,15,4,11,3.7498863636363633,2,4,2,7
Viola Mat.,148,2,0,2,,0,1,0,1
Virtanen O.,127,2,0,2,,0,0,0,2
Vliegen K.,307,184,78,106,2.8080965489989462,19,21,59,85
Volandri F.,226,344,149,195,2.889173994118913,9,21,140,174
Voltchkov V.,182,7,2,5,2.63905,1,1,1,4
Vovk S.,1216,1,0,1,,0,1,0,0
Vrbensky M.,311,1,0,1,,0,1,0,0
Vukic A.,62,36,15,21,2.5793809523809523,2,1,13,20
Wachiramanowong K.,523,3,0,3,,0,3,0,0
Wagh A.,0,1,0,1,,0,1,0,0
Walter L.,287,1,0,1,,0,0,0,1
Wang C.,553,2,1,1,9.0,0,0,1,1
Wang J.,118,21,8,13,3.2606730769230765,1,1,7,12
Wang Y.,88,3,0,3,,0,0,0,3
Wang Y. Jr,401,2,1,1,,0,0,1,1
Wang Y.Jr.,484,1,0,1,,0,0,0,1
Wang Y.T.,164,40,14,26,3.7534027777777776,5,7,9,19
Warburg S.,169,15,5,10,3.8320000000000003,2,4,3,6
Ward A.,869,4,0,4,,0,0,0,4
Ward J.,340,65,15,50,3.599598639455783,1,2,14,48
Washington M.,864,1,0,1,,0,0,0,1
Waske A.,139,60,21,39,2.8128364153627317,3,5,18,34
Wassen R.,542,2,1,1,,1,1,0,0
Watanuki Y.,99,25,11,14,3.175974025974026,0,0,11,14
Wawrinka S.,72,854,535,319,2.2231002479862214,84,69,451,250
Wawrinka S. ,21,3,2,1,2.985,2,1,0,0
Weiner G.,230,21,7,14,2.616185897435898,0,2,7,12
Weintraub A.,0,6,1,5,4.022,0,0,1,5
Wessels L.,347,3,1,2,8.0825,0,0,1,2
Wessels P.,200,30,12,18,2.9228529411764708,0,5,12,13
Westerhof B.,236,1,0,1,,0,0,0,1
Whitehouse W.,373,10,4,6,3.222,0,0,4,6
Whittington A.,210,5,2,3,3.5875000000000004,0,0,2,3
Widom T.,232,10,5,5,3.8833333333333333,2,1,3,4
Williams R.,220,25,7,18,3.6675,1,1,6,17
Willis M.,772,2,1,1,14.875,0,0,1,1
Wilson B.,249,5,1,4,,1,2,0,2
Witten J.,186,10,2,8,5.2275,0,2,2,6
Wolf J.J.,45,75,39,36,2.4885042735042733,8,6,31,30
Wolmarans F.,261,3,1,2,2.0425,0,0,1,2
Wu D.,339,24,4,20,5.29425,0,0,4,20
Wu T.L.,175,6,1,5,3.911,0,0,1,5
Wu Y.,90,36,15,21,2.8138095238095238,5,0,10,21
Xu J.C.,594,1,0,1,,0,0,0,1
Yang T.H.,249,4,0,4,,0,1,0,3
Yani M.,238,17,4,13,4.1431818181818185,1,2,3,11
Ymer E.,186,81,24,57,3.052780320366133,3,11,21,46
Ymer M.,59,130,58,72,2.8642217432950194,18,23,40,49
Yoo D.,0,1,0,1,,0,0,0,1
Young D.,327,312,125,187,3.0380895652173914,22,28,103,159
Youzhny A.,18,1,0,1,,0,1,0,0
Youzhny M.,110,718,390,328,2.287147573898494,108,65,282,263
Youzhny M. ,23,5,4,1,3.02125,4,1,0,0
Yu X.Y.,515,2,0,2,,0,0,0,2
Yuksel A.,507,1,0,1,,0,0,0,1
Zabaleta M.,118,114,58,56,2.130133267195767,1,3,57,53
Zampieri C.,316,3,1,2,3.4375,0,0,1,2
Zapata Miralles B.,54,80,32,48,2.746302083333333,1,6,31,42
Zayed M. S.,1855,1,0,1,,0,0,0,1
Zayed M.S.,0,1,0,1,,0,0,0,1
Zayid M.,0,1,0,1,,0,0,0,1
Zayid M. S.,1512,1,0,1,,0,0,0,1
Zayid M.S.,0,2,0,2,,0,0,0,2
Zeballos H.,149,217,87,130,3.107203041144902,12,17,75,113
Zeballos H. ,42,1,0,1,,0,1,0,0
Zekic M.,316,3,1,2,5.725,0,0,1,2
Zemlja G.,151,64,28,36,3.9875357142857144,8,7,20,29
Zeng S.X.,393,5,1,4,6.88375,0,0,1,4
Zeppieri G.,129,13,4,9,3.33125,0,1,4,8
Zhang Z.,187,15,4,11,6.704545454545454,0,0,4,11
Zhang Ze,216,11,1,10,5.4185,0,0,1,10
Zhang Ze.,179,2,0,2,,0,0,0,2
Zhang Zh.,53,44,20,24,3.147125,1,2,19,22
Zhu B.Q.,646,3,1,2,3.915,0,0,1,2
Zhukayev B.,258,2,0,2,,0,1,0,1
Ziadi M.,757,5,0,5,,0,0,0,5
Zib T.,292,88,28,60,3.160857279693487,2,10,26,50
Zimonjic N.,520,7,2,5,,0,1,2,4
Zitko R.,487,1,0,1,,0,0,0,1
Zlatanovic A.,1421,1,0,1,,0,0,0,1
Zopp J.,133,47,16,31,3.862862903225807,5,10,11,21
Zovko L.,769,5,2,3,4.0925,1,2,1,1
Zuk K.,172,3,0,3,,0,2,0,1
Zverev A.,19,500,346,154,1.9151367400715227,60,31,286,123
Zverev A. ,7,4,2,2,2.175,2,2,0,0
Zverev M.,280,333,134,199,2.943071314650262,40,45,94,154
de Chaunac S.,312,19,5,14,3.673741666666667,3,5,2,9
de Voest R.,135,25,10,15,3.4460583333333332,4,5,6,10
di Mauro A.,135,48,14,34,3.216263221153846,0,1,14,33
di Pasquale A.,228,12,3,9,2.7195,0,0,3,9
van Gemerden M.,106,10,4,6,3.455,0,0,4,6
van Lottum J.,493,17,3,14,2.726,1,1,2,13
van Scheppingen D.,278,27,8,19,2.984394736842105,3,4,5,15
van der Meer N.,620,1,0,1,,0,0,0,1
