player1_name,player1_atprank,player1_games,player1_wins,player1_losses,player1_indoor_wins,player1_indoor_losses,player1_outdoor_wins,player1_outdoor_losses,player2_name,player2_atprank,player2_games,player2_wins,player2_losses,player2_indoor_wins,player2_indoor_losses,player2_outdoor_wins,player2_outdoor_losses,tournament_name,tournament_location,tournament_court,tournament_surface,match_date,match_odd_player1,match_odd_player2,winner_player1
Mager G.,67,59,24,35,3,7,21,28,Harrison R.,481,272,117,155,16,17,101,138,Delray Beach Open,Delray Beach,Outdoor,Hard,2021-01-07,2.0,1.72,1
Kwon S.W.,68,108,53,55,12,6,41,49,Korda S.,26,126,75,51,15,9,60,42,Delray Beach Open,Delray Beach,Outdoor,Hard,2021-01-07,2.0,1.72,0
Paul T.,14,204,111,93,19,13,92,80,Nam J.S.,590,3,0,3,0,0,0,3,Delray Beach Open,Delray Beach,Outdoor,Hard,2021-01-07,1.12,6.0,1
Travaglia S.,1024,81,27,54,5,12,22,42,Kecmanovic M.,40,210,107,103,12,16,95,87,Antalya Open,Antalya,Indoor,Hard,2021-01-07,2.62,1.44,1
Bellucci T.,915,380,179,201,22,24,157,177,Monteiro T.,121,171,69,102,9,11,60,91,Delray Beach Open,Delray Beach,Outdoor,Hard,2021-01-07,3.0,1.36,0
Caruso S.,146,63,19,44,5,9,14,35,Bublik A.,25,219,110,109,39,30,71,79,Antalya Open,Antalya,Indoor,Hard,2021-01-07,2.2,1.61,0
Arnaboldi A.,267,14,4,10,0,1,4,9,Basilashvili N.,118,301,138,163,26,34,112,129,Antalya Open,Antalya,Indoor,Hard,2021-01-07,2.5,1.5,0
Zuk K.,172,3,0,3,0,2,0,1,Celikbilek A.,230,9,4,5,3,3,1,2,Antalya Open,Antalya,Indoor,Hard,2021-01-07,1.5,2.5,0
Ruusuvuori E.,55,158,79,79,16,18,63,61,Vesely J.,528,288,130,158,6,19,124,139,Antalya Open,Antalya,Indoor,Hard,2021-01-07,1.5,2.5,1
Goffin D.,123,522,296,226,66,52,230,174,Herbert P.H.,157,202,89,113,31,38,58,75,Antalya Open,Antalya,Indoor,Hard,2021-01-07,1.4,2.75,1
Querrey S.,287,678,369,309,48,39,321,270,Mcdonald M.,60,190,87,103,11,15,76,88,Delray Beach Open,Delray Beach,Outdoor,Hard,2021-01-08,1.8,1.9,1
Harrison C.,251,15,6,9,0,0,6,9,Etcheverry T.,34,60,26,34,5,3,21,31,Delray Beach Open,Delray Beach,Outdoor,Hard,2021-01-08,1.33,3.25,1
Galan D.E.,76,78,33,45,3,5,30,40,Martin A.,723,258,107,151,6,13,101,138,Delray Beach Open,Delray Beach,Outdoor,Hard,2021-01-08,1.4,2.75,1
Rubin N.,306,29,8,21,0,2,8,19,Quiroz R.,293,6,3,3,0,0,3,3,Delray Beach Open,Delray Beach,Outdoor,Hard,2021-01-08,1.72,2.0,0
Fratangelo B.,695,62,22,40,0,1,22,39,King K.,304,7,1,6,0,0,1,6,Delray Beach Open,Delray Beach,Outdoor,Hard,2021-01-08,1.5,2.5,1
Aragone J.C.,299,1,0,1,0,0,0,1,Norrie C.,13,287,172,115,15,18,157,97,Delray Beach Open,Delray Beach,Outdoor,Hard,2021-01-08,4.33,1.2,0
Andujar P.,323,404,164,240,12,30,152,210,Karlovic I.,221,674,351,323,80,66,271,257,Delray Beach Open,Delray Beach,Outdoor,Hard,2021-01-08,1.44,2.62,0
Chardy J.,542,591,289,302,44,48,245,254,Albot R.,97,215,86,129,26,26,60,103,Antalya Open,Antalya,Indoor,Hard,2021-01-08,2.0,1.72,1
Kuzmanov D.,207,12,4,8,2,8,2,0,Djere L.,38,243,120,123,10,22,110,101,Antalya Open,Antalya,Indoor,Hard,2021-01-08,2.62,1.44,1
Fognini F.,128,742,383,359,39,48,344,311,Vrbensky M.,311,1,0,1,0,1,0,0,Antalya Open,Antalya,Indoor,Hard,2021-01-08,1.4,2.75,1
Kuhn N.,259,12,3,9,1,1,2,8,Bachinger M.,279,86,31,55,14,17,17,38,Antalya Open,Antalya,Indoor,Hard,2021-01-08,2.25,1.57,1
Jaziri M.,444,217,83,134,8,20,75,114,De Minaur A.,19,272,161,111,30,19,131,92,Antalya Open,Antalya,Indoor,Hard,2021-01-08,13.0,1.04,0
Berrettini M.,38,217,142,75,14,11,128,64,Kirkin E.,446,2,0,2,0,1,0,1,Antalya Open,Antalya,Indoor,Hard,2021-01-08,1.03,15.0,1
Molcan A.,120,86,45,41,1,6,44,35,Grenier H.,122,16,5,11,1,2,4,9,Antalya Open,Antalya,Indoor,Hard,2021-01-08,1.9,1.8,0
Ilhan M.,571,74,20,54,3,11,17,43,Andreev A.,319,8,2,6,2,6,0,0,Antalya Open,Antalya,Indoor,Hard,2021-01-08,4.33,1.2,0
Gerasimov E.,150,93,43,50,19,19,24,31,Lamasine T.,271,9,3,6,1,2,2,4,Antalya Open,Antalya,Indoor,Hard,2021-01-08,1.16,5.0,0
Struff J.L.,21,369,170,199,43,42,127,157,Kotov P.,89,25,10,15,1,4,9,11,Antalya Open,Antalya,Indoor,Hard,2021-01-08,1.22,4.0,1
Young D.,327,312,125,187,22,28,103,159,Tiafoe F.,10,303,158,145,24,23,134,122,Delray Beach Open,Delray Beach,Outdoor,Hard,2021-01-09,4.0,1.22,0
Garin C.,101,190,103,87,15,13,88,74,Harrison C.,251,15,6,9,0,0,6,9,Delray Beach Open,Delray Beach,Outdoor,Hard,2021-01-09,1.44,2.62,0
Mager G.,67,59,24,35,3,7,21,28,Querrey S.,287,678,369,309,48,39,321,270,Delray Beach Open,Delray Beach,Outdoor,Hard,2021-01-09,4.0,1.22,1
Goffin D.,123,522,296,226,66,52,230,174,Kuhn N.,259,12,3,9,1,1,2,8,Antalya Open,Antalya,Indoor,Hard,2021-01-09,1.11,6.5,1
Korda S.,26,126,75,51,15,9,60,42,Paul T.,14,204,111,93,19,13,92,80,Delray Beach Open,Delray Beach,Outdoor,Hard,2021-01-09,2.37,1.53,1
Ruusuvuori E.,55,158,79,79,16,18,63,61,Travaglia S.,1024,81,27,54,5,12,22,42,Antalya Open,Antalya,Indoor,Hard,2021-01-09,1.44,2.62,0
Basilashvili N.,118,301,138,163,26,34,112,129,Celikbilek A.,230,9,4,5,3,3,1,2,Antalya Open,Antalya,Indoor,Hard,2021-01-09,1.4,2.75,1
De Minaur A.,19,272,161,111,30,19,131,92,Andreev A.,319,8,2,6,2,6,0,0,Antalya Open,Antalya,Indoor,Hard,2021-01-09,1.08,8.0,1
Tiafoe F.,10,303,158,145,24,23,134,122,Fratangelo B.,695,62,22,40,0,1,22,39,Delray Beach Open,Delray Beach,Outdoor,Hard,2021-01-10,1.3,3.4,1
Quiroz R.,293,6,3,3,0,0,3,3,Karlovic I.,221,674,351,323,80,66,271,257,Delray Beach Open,Delray Beach,Outdoor,Hard,2021-01-10,2.1,1.66,1
Kuzmanov D.,207,12,4,8,2,8,2,0,Berrettini M.,38,217,142,75,14,11,128,64,Antalya Open,Antalya,Indoor,Hard,2021-01-10,9.0,1.07,0
Struff J.L.,21,369,170,199,43,42,127,157,Grenier H.,122,16,5,11,1,2,4,9,Antalya Open,Antalya,Indoor,Hard,2021-01-10,1.18,4.5,1
Lamasine T.,271,9,3,6,1,2,2,4,Bublik A.,25,219,110,109,39,30,71,79,Antalya Open,Antalya,Indoor,Hard,2021-01-10,4.5,1.18,0
Chardy J.,542,591,289,302,44,48,245,254,Fognini F.,128,742,383,359,39,48,344,311,Antalya Open,Antalya,Indoor,Hard,2021-01-10,2.2,1.61,1
Galan D.E.,76,78,33,45,3,5,30,40,Hurkacz H.,17,238,137,101,27,24,110,77,Delray Beach Open,Delray Beach,Outdoor,Hard,2021-01-10,3.0,1.36,0
Isner J.,114,755,465,290,53,45,412,245,Monteiro T.,121,171,69,102,9,11,60,91,Delray Beach Open,Delray Beach,Outdoor,Hard,2021-01-10,1.5,2.5,1
Mannarino A.,27,567,264,303,60,73,204,230,Norrie C.,13,287,172,115,15,18,157,97,Delray Beach Open,Delray Beach,Outdoor,Hard,2021-01-11,1.9,1.8,0
Mager G.,67,59,24,35,3,7,21,28,Harrison C.,251,15,6,9,0,0,6,9,Delray Beach Open,Delray Beach,Outdoor,Hard,2021-01-11,2.1,1.72,0
Hurkacz H.,17,238,137,101,27,24,110,77,Quiroz R.,293,6,3,3,0,0,3,3,Delray Beach Open,Delray Beach,Outdoor,Hard,2021-01-11,1.16,5.0,1
Isner J.,114,755,465,290,53,45,412,245,Korda S.,26,126,75,51,15,9,60,42,Delray Beach Open,Delray Beach,Outdoor,Hard,2021-01-11,1.72,2.1,0
Goffin D.,123,522,296,226,66,52,230,174,Travaglia S.,1024,81,27,54,5,12,22,42,Antalya Open,Antalya,Indoor,Hard,2021-01-11,1.33,3.4,1
De Minaur A.,19,272,161,111,30,19,131,92,Basilashvili N.,118,301,138,163,26,34,112,129,Antalya Open,Antalya,Indoor,Hard,2021-01-11,1.11,6.5,1
Bublik A.,25,219,110,109,39,30,71,79,Berrettini M.,38,217,142,75,14,11,128,64,Antalya Open,Antalya,Indoor,Hard,2021-01-11,4.0,1.25,1
Struff J.L.,21,369,170,199,43,42,127,157,Chardy J.,542,591,289,302,44,48,245,254,Antalya Open,Antalya,Indoor,Hard,2021-01-11,1.5,2.62,0
Chardy J.,542,591,289,302,44,48,245,254,Bublik A.,25,219,110,109,39,30,71,79,Antalya Open,Antalya,Indoor,Hard,2021-01-12,3.0,1.4,0
Goffin D.,123,522,296,226,66,52,230,174,De Minaur A.,19,272,161,111,30,19,131,92,Antalya Open,Antalya,Indoor,Hard,2021-01-12,2.5,1.53,0
Norrie C.,13,287,172,115,15,18,157,97,Tiafoe F.,10,303,158,145,24,23,134,122,Delray Beach Open,Delray Beach,Outdoor,Hard,2021-01-12,2.1,1.72,1
Hurkacz H.,17,238,137,101,27,24,110,77,Harrison C.,251,15,6,9,0,0,6,9,Delray Beach Open,Delray Beach,Outdoor,Hard,2021-01-12,1.36,3.2,1
Norrie C.,13,287,172,115,15,18,157,97,Korda S.,26,126,75,51,15,9,60,42,Delray Beach Open,Delray Beach,Outdoor,Hard,2021-01-13,2.2,1.66,0
Hurkacz H.,17,238,137,101,27,24,110,77,Korda S.,26,126,75,51,15,9,60,42,Delray Beach Open,Delray Beach,Outdoor,Hard,2021-01-13,1.8,2.0,1
Bublik A.,25,219,110,109,39,30,71,79,De Minaur A.,19,272,161,111,30,19,131,92,Antalya Open,Antalya,Indoor,Hard,2021-01-13,4.5,1.2,0
Vukic A.,62,36,15,21,2,1,13,20,Lu Y.,625,11,1,10,0,0,1,10,Great Ocean Road Open,Melbourne,Outdoor,Hard,2021-01-31,1.16,5.0,1
Djere L.,38,243,120,123,10,22,110,101,Majchrzak K.,121,50,19,31,3,4,16,27,Great Ocean Road Open,Melbourne,Outdoor,Hard,2021-01-31,2.75,1.4,0
Uchiyama Y.,314,33,9,24,1,3,8,21,Bedene A.,347,291,131,160,18,23,113,137,Great Ocean Road Open,Melbourne,Outdoor,Hard,2021-01-31,2.75,1.4,0
Polmans M.,165,19,5,14,0,3,5,11,Bourchier H.,324,2,1,1,0,0,1,1,Murray River Open,Melbourne,Outdoor,Hard,2021-02-01,1.44,2.62,0
Cilic M.,100,853,543,310,119,65,424,245,Chardy J.,542,591,289,302,44,48,245,254,Murray River Open,Melbourne,Outdoor,Hard,2021-02-01,1.66,2.1,0
Nagal S.,503,17,3,14,0,1,3,13,Berankis R.,212,249,104,145,36,31,68,114,Murray River Open,Melbourne,Outdoor,Hard,2021-02-01,3.5,1.28,0
Bolt A.,345,40,13,27,0,0,13,27,Kokkinakis T.,86,124,55,69,0,4,55,65,Murray River Open,Melbourne,Outdoor,Hard,2021-02-01,3.25,1.33,1
Moutet C.,80,118,50,68,5,11,45,57,Tiafoe F.,10,303,158,145,24,23,134,122,Murray River Open,Melbourne,Outdoor,Hard,2021-02-01,3.0,1.36,1
Tu L.,252,5,1,4,0,0,1,4,Sousa P.,475,36,9,27,1,3,8,24,Murray River Open,Melbourne,Outdoor,Hard,2021-02-01,1.4,2.75,0
Mannarino A.,27,567,264,303,60,73,204,230,Ymer M.,59,130,58,72,18,23,40,49,Murray River Open,Melbourne,Outdoor,Hard,2021-02-01,1.4,2.75,1
Mcdonald M.,60,190,87,103,11,15,76,88,Gasquet R.,48,948,581,367,133,82,448,285,Murray River Open,Melbourne,Outdoor,Hard,2021-02-01,2.62,1.44,1
Albot R.,97,215,86,129,26,26,60,103,Coria F.,108,99,43,56,2,6,41,50,Murray River Open,Melbourne,Outdoor,Hard,2021-02-01,1.28,3.5,0
Kubler J.,77,53,24,29,0,1,24,28,Sonego L.,43,221,107,114,19,17,88,97,Murray River Open,Melbourne,Outdoor,Hard,2021-02-01,3.0,1.36,1
Cecchinato M.,108,204,79,125,2,14,77,111,Fucsovics M.,67,249,121,128,26,24,95,104,Murray River Open,Melbourne,Outdoor,Hard,2021-02-01,5.5,1.14,0
Gerasimov E.,150,93,43,50,19,19,24,31,Harris L.,186,129,59,70,7,8,52,62,Murray River Open,Melbourne,Outdoor,Hard,2021-02-01,1.8,1.9,1
Norrie C.,13,287,172,115,15,18,157,97,Paul T.,14,204,111,93,19,13,92,80,Murray River Open,Melbourne,Outdoor,Hard,2021-02-01,2.25,1.57,0
Ramos-Vinolas A.,82,437,204,233,17,31,187,202,Mott B.,481,2,0,2,0,0,0,2,Murray River Open,Melbourne,Outdoor,Hard,2021-02-01,1.36,3.0,1
O Connell C.,74,65,26,39,0,0,26,39,Koepfer D.,84,86,38,48,3,3,35,45,Great Ocean Road Open,Melbourne,Outdoor,Hard,2021-02-01,2.25,1.57,1
Purcell M.,78,28,9,19,0,0,9,19,Gombos N.,114,66,21,45,6,14,15,31,Great Ocean Road Open,Melbourne,Outdoor,Hard,2021-02-01,2.62,1.44,1
Martin A.,723,258,107,151,6,13,101,138,Kwon S.W.,68,108,53,55,12,6,41,49,Great Ocean Road Open,Melbourne,Outdoor,Hard,2021-02-01,3.75,1.25,0
Carballes Baena R.,64,207,91,116,11,10,80,106,Travaglia S.,1024,81,27,54,5,12,22,42,Great Ocean Road Open,Melbourne,Outdoor,Hard,2021-02-01,3.0,1.36,0
Lopez F.,634,863,441,422,71,82,370,340,Anderson K.,652,598,347,251,48,38,299,213,Great Ocean Road Open,Melbourne,Outdoor,Hard,2021-02-01,2.62,1.44,0
Seppi A.,141,758,363,395,74,85,289,310,Caruso S.,146,63,19,44,5,9,14,35,Great Ocean Road Open,Melbourne,Outdoor,Hard,2021-02-01,2.0,1.72,0
Torpegaard M.,188,4,1,3,0,0,1,3,Martinez P.,135,118,50,68,7,6,43,62,Great Ocean Road Open,Melbourne,Outdoor,Hard,2021-02-02,2.25,1.57,1
Harris A.,232,3,1,2,0,0,1,2,Daniel T.,111,178,67,111,3,10,64,101,Murray River Open,Melbourne,Outdoor,Hard,2021-02-02,3.25,1.33,1
Muller A.,81,22,9,13,0,1,9,12,Kyrgios N.,25,303,195,108,11,7,184,101,Murray River Open,Melbourne,Outdoor,Hard,2021-02-02,6.5,1.11,0
Ferreira Silva F.,185,2,0,2,0,0,0,2,Vesely J.,528,288,130,158,6,19,124,139,Murray River Open,Melbourne,Outdoor,Hard,2021-02-02,2.62,1.44,0
Halys Q.,79,72,23,49,3,10,20,39,Sugita Y.,131,129,47,82,6,12,41,70,Murray River Open,Melbourne,Outdoor,Hard,2021-02-02,1.57,2.25,0
Gojo B.,115,14,3,11,0,1,3,10,Popyrin A.,90,140,59,81,9,13,50,68,Murray River Open,Melbourne,Outdoor,Hard,2021-02-02,2.2,1.61,0
Kukushkin M.,221,352,141,211,50,49,91,162,Londero J.I.,142,83,34,49,3,5,31,44,Murray River Open,Melbourne,Outdoor,Hard,2021-02-02,1.44,2.62,1
Machac T.,108,18,6,12,1,1,5,11,Duckworth J.,123,143,55,88,10,9,45,79,Murray River Open,Melbourne,Outdoor,Hard,2021-02-02,1.53,2.37,0
Balazs A.,745,33,16,17,0,1,16,16,Alcaraz C.,1,164,130,34,10,5,120,29,Great Ocean Road Open,Melbourne,Outdoor,Hard,2021-02-02,4.0,1.22,0
Mager G.,67,59,24,35,3,7,21,28,Thompson J.,71,221,96,125,10,10,86,115,Great Ocean Road Open,Melbourne,Outdoor,Hard,2021-02-02,2.75,1.4,0
Simon G.,188,869,491,378,135,94,356,284,Ymer E.,186,81,24,57,3,11,21,46,Murray River Open,Melbourne,Outdoor,Hard,2021-02-02,1.36,3.0,1
Nam J.S.,590,3,0,3,0,0,0,3,Sweeny D.,797,2,1,1,0,0,1,1,Great Ocean Road Open,Melbourne,Outdoor,Hard,2021-02-02,1.57,2.25,0
Andujar P.,323,404,164,240,12,30,152,210,Cuevas P.,149,421,210,211,34,25,176,186,Great Ocean Road Open,Melbourne,Outdoor,Hard,2021-02-02,1.66,2.1,0
Herbert P.H.,157,202,89,113,31,38,58,75,Cressy M.,96,96,42,54,10,11,32,43,Great Ocean Road Open,Melbourne,Outdoor,Hard,2021-02-02,1.44,2.62,1
Smith J.P.,306,27,5,22,0,2,5,20,Sandgren T.,153,121,47,74,2,9,45,65,Great Ocean Road Open,Melbourne,Outdoor,Hard,2021-02-02,2.37,1.53,0
Giron M.,69,150,68,82,20,14,48,68,Mmoh M.,112,55,20,35,0,3,20,32,Murray River Open,Melbourne,Outdoor,Hard,2021-02-02,2.1,1.66,1
Laaksonen H.,125,101,37,64,7,16,30,48,Querrey S.,287,678,369,309,48,39,321,270,Great Ocean Road Open,Melbourne,Outdoor,Hard,2021-02-02,2.5,1.5,0
Ruusuvuori E.,55,158,79,79,16,18,63,61,Troicki V.,230,525,269,256,61,51,208,205,Murray River Open,Melbourne,Outdoor,Hard,2021-02-02,1.28,3.5,1
Fucsovics M.,67,249,121,128,26,24,95,104,Gerasimov E.,150,93,43,50,19,19,24,31,Murray River Open,Melbourne,Outdoor,Hard,2021-02-02,1.5,2.5,0
Giron M.,69,150,68,82,20,14,48,68,Mannarino A.,27,567,264,303,60,73,204,230,Murray River Open,Melbourne,Outdoor,Hard,2021-02-02,2.1,1.66,1
Evans D.,30,251,124,127,18,16,106,111,Sousa P.,475,36,9,27,1,3,8,24,Murray River Open,Melbourne,Outdoor,Hard,2021-02-02,1.14,5.5,1
Delbonis F.,131,340,152,188,19,23,133,165,Ebden M.,432,203,75,128,13,18,62,110,Great Ocean Road Open,Melbourne,Outdoor,Hard,2021-02-02,,,0
Vilella Martinez M.,167,10,4,6,0,0,4,6,Hanfmann Y.,50,99,50,49,5,4,45,45,Great Ocean Road Open,Melbourne,Outdoor,Hard,2021-02-02,2.37,1.53,1
Dellien H.,164,70,22,48,5,5,17,43,Stebe C.M.,231,76,28,48,4,7,24,41,Great Ocean Road Open,Melbourne,Outdoor,Hard,2021-02-02,4.33,1.2,0
Safiullin R.,92,42,20,22,7,7,13,15,Stakhovsky S.,200,339,145,194,46,51,99,143,Great Ocean Road Open,Melbourne,Outdoor,Hard,2021-02-02,1.36,3.0,0
Coppejans K.,188,11,0,11,0,3,0,8,Haase R.,257,458,202,256,35,54,167,202,Great Ocean Road Open,Melbourne,Outdoor,Hard,2021-02-02,2.25,1.57,0
Fancutt T.,562,1,0,1,0,0,0,1,Monteiro T.,121,171,69,102,9,11,60,91,Great Ocean Road Open,Melbourne,Outdoor,Hard,2021-02-02,5.5,1.14,0
Van De Zandschulp B.,44,117,63,54,11,11,52,43,Schoolkate T.,844,1,0,1,0,0,0,1,Great Ocean Road Open,Melbourne,Outdoor,Hard,2021-02-02,1.33,3.25,1
Kubler J.,77,53,24,29,0,1,24,28,Berankis R.,212,249,104,145,36,31,68,114,Murray River Open,Melbourne,Outdoor,Hard,2021-02-02,2.62,1.44,0
Moutet C.,80,118,50,68,5,11,45,57,Ramos-Vinolas A.,82,437,204,233,17,31,187,202,Murray River Open,Melbourne,Outdoor,Hard,2021-02-03,1.44,2.62,1
Harris A.,232,3,1,2,0,0,1,2,Dimitrov G.,20,651,389,262,79,50,310,212,Murray River Open,Melbourne,Outdoor,Hard,2021-02-03,5.5,1.14,0
Auger-Aliassime F.,12,268,163,105,48,22,115,83,Sugita Y.,131,129,47,82,6,12,41,70,Murray River Open,Melbourne,Outdoor,Hard,2021-02-03,1.16,5.0,1
Kyrgios N.,25,303,195,108,11,7,184,101,Bourchier H.,324,2,1,1,0,0,1,1,Murray River Open,Melbourne,Outdoor,Hard,2021-02-03,1.12,6.0,1
Ruusuvuori E.,55,158,79,79,16,18,63,61,Coric B.,15,343,185,158,28,28,157,130,Murray River Open,Melbourne,Outdoor,Hard,2021-02-03,2.1,1.66,0
Chardy J.,542,591,289,302,44,48,245,254,Simon G.,188,869,491,378,135,94,356,284,Murray River Open,Melbourne,Outdoor,Hard,2021-02-03,1.83,1.83,1
Duckworth J.,123,143,55,88,10,9,45,79,Humbert U.,36,170,80,90,23,21,57,69,Murray River Open,Melbourne,Outdoor,Hard,2021-02-03,3.25,1.33,1
Kukushkin M.,221,352,141,211,50,49,91,162,Wawrinka S.,72,854,535,319,84,69,451,250,Murray River Open,Melbourne,Outdoor,Hard,2021-02-03,3.4,1.3,0
Paul T.,14,204,111,93,19,13,92,80,Popyrin A.,90,140,59,81,9,13,50,68,Murray River Open,Melbourne,Outdoor,Hard,2021-02-03,1.4,2.75,0
Mcdonald M.,60,190,87,103,11,15,76,88,Bolt A.,345,40,13,27,0,0,13,27,Murray River Open,Melbourne,Outdoor,Hard,2021-02-03,1.36,3.0,0
Coria F.,108,99,43,56,2,6,41,50,Fritz T.,9,356,205,151,26,22,179,129,Murray River Open,Melbourne,Outdoor,Hard,2021-02-03,5.5,1.14,0
Vesely J.,528,288,130,158,6,19,124,139,Ruud C.,4,275,176,99,19,16,157,83,Murray River Open,Melbourne,Outdoor,Hard,2021-02-03,2.0,1.72,1
Anderson K.,652,598,347,251,48,38,299,213,Stebe C.M.,231,76,28,48,4,7,24,41,Great Ocean Road Open,Melbourne,Outdoor,Hard,2021-02-03,1.2,4.33,1
Majchrzak K.,121,50,19,31,3,4,16,27,Van De Zandschulp B.,44,117,63,54,11,11,52,43,Great Ocean Road Open,Melbourne,Outdoor,Hard,2021-02-03,1.72,2.0,0
Bedene A.,347,291,131,160,18,23,113,137,Sweeny D.,797,2,1,1,0,0,1,1,Great Ocean Road Open,Melbourne,Outdoor,Hard,2021-02-03,1.14,5.5,1
Hurkacz H.,17,238,137,101,27,24,110,77,Torpegaard M.,188,4,1,3,0,0,1,3,Great Ocean Road Open,Melbourne,Outdoor,Hard,2021-02-03,1.22,4.0,1
Kwon S.W.,68,108,53,55,12,6,41,49,Kecmanovic M.,40,210,107,103,12,16,95,87,Great Ocean Road Open,Melbourne,Outdoor,Hard,2021-02-03,2.37,1.53,0
Travaglia S.,1024,81,27,54,5,12,22,42,Querrey S.,287,678,369,309,48,39,321,270,Great Ocean Road Open,Melbourne,Outdoor,Hard,2021-02-03,2.1,1.66,1
Cuevas P.,149,421,210,211,34,25,176,186,Haase R.,257,458,202,256,35,54,167,202,Great Ocean Road Open,Melbourne,Outdoor,Hard,2021-02-03,2.2,1.61,1
Herbert P.H.,157,202,89,113,31,38,58,75,Thompson J.,71,221,96,125,10,10,86,115,Great Ocean Road Open,Melbourne,Outdoor,Hard,2021-02-03,2.25,1.57,0
Monteiro T.,121,171,69,102,9,11,60,91,Ebden M.,432,203,75,128,13,18,62,110,Great Ocean Road Open,Melbourne,Outdoor,Hard,2021-02-03,1.53,2.37,1
Stakhovsky S.,200,339,145,194,46,51,99,143,Opelka R.,17,168,88,80,17,10,71,70,Great Ocean Road Open,Melbourne,Outdoor,Hard,2021-02-03,3.25,1.33,0
O Connell C.,74,65,26,39,0,0,26,39,Bublik A.,25,219,110,109,39,30,71,79,Great Ocean Road Open,Melbourne,Outdoor,Hard,2021-02-03,2.5,1.5,0
Basilashvili N.,118,301,138,163,26,34,112,129,Vilella Martinez M.,167,10,4,6,0,0,4,6,Great Ocean Road Open,Melbourne,Outdoor,Hard,2021-02-03,1.57,2.25,0
Khachanov K.,11,378,217,161,44,38,173,123,Purcell M.,78,28,9,19,0,0,9,19,Great Ocean Road Open,Melbourne,Outdoor,Hard,2021-02-03,1.14,5.5,1
Alcaraz C.,1,164,130,34,10,5,120,29,Goffin D.,123,522,296,226,66,52,230,174,Great Ocean Road Open,Melbourne,Outdoor,Hard,2021-02-03,3.25,1.33,1
Sandgren T.,153,121,47,74,2,9,45,65,Caruso S.,146,63,19,44,5,9,14,35,Great Ocean Road Open,Melbourne,Outdoor,Hard,2021-02-03,1.9,1.8,0
Vukic A.,62,36,15,21,2,1,13,20,Sinner J.,8,224,153,71,42,19,111,52,Great Ocean Road Open,Melbourne,Outdoor,Hard,2021-02-03,5.5,1.14,0
Monteiro T.,121,171,69,102,9,11,60,91,Alcaraz C.,1,164,130,34,10,5,120,29,Great Ocean Road Open,Melbourne,Outdoor,Hard,2021-02-04,3.2,1.36,1
Anderson K.,652,598,347,251,48,38,299,213,Khachanov K.,11,378,217,161,44,38,173,123,Great Ocean Road Open,Melbourne,Outdoor,Hard,2021-02-04,1.61,2.3,0
Sinner J.,8,224,153,71,42,19,111,52,Bedene A.,347,291,131,160,18,23,113,137,Great Ocean Road Open,Melbourne,Outdoor,Hard,2021-02-04,1.25,4.0,1
Van De Zandschulp B.,44,117,63,54,11,11,52,43,Opelka R.,17,168,88,80,17,10,71,70,Great Ocean Road Open,Melbourne,Outdoor,Hard,2021-02-04,3.0,1.4,1
Caruso S.,146,63,19,44,5,9,14,35,Kecmanovic M.,40,210,107,103,12,16,95,87,Great Ocean Road Open,Melbourne,Outdoor,Hard,2021-02-04,2.75,1.44,0
Bublik A.,25,219,110,109,39,30,71,79,Travaglia S.,1024,81,27,54,5,12,22,42,Great Ocean Road Open,Melbourne,Outdoor,Hard,2021-02-04,1.66,2.2,0
Thompson J.,71,221,96,125,10,10,86,115,Vilella Martinez M.,167,10,4,6,0,0,4,6,Great Ocean Road Open,Melbourne,Outdoor,Hard,2021-02-04,1.3,3.5,1
Evans D.,30,251,124,127,18,16,106,111,Giron M.,69,150,68,82,20,14,48,68,Murray River Open,Melbourne,Outdoor,Hard,2021-02-05,1.53,2.5,1
Moutet C.,80,118,50,68,5,11,45,57,Duckworth J.,123,143,55,88,10,9,45,79,Murray River Open,Melbourne,Outdoor,Hard,2021-02-05,1.72,2.1,1
Vesely J.,528,288,130,158,6,19,124,139,Berankis R.,212,249,104,145,36,31,68,114,Murray River Open,Melbourne,Outdoor,Hard,2021-02-05,2.0,1.8,1
Bolt A.,345,40,13,27,0,0,13,27,Wawrinka S.,72,854,535,319,84,69,451,250,Murray River Open,Melbourne,Outdoor,Hard,2021-02-05,3.5,1.3,0
Auger-Aliassime F.,12,268,163,105,48,22,115,83,Gerasimov E.,150,93,43,50,19,19,24,31,Murray River Open,Melbourne,Outdoor,Hard,2021-02-05,1.36,3.2,1
Popyrin A.,90,140,59,81,9,13,50,68,Dimitrov G.,20,651,389,262,79,50,310,212,Murray River Open,Melbourne,Outdoor,Hard,2021-02-05,3.0,1.4,0
Evans D.,30,251,124,127,18,16,106,111,Coric B.,15,343,185,158,28,28,157,130,Murray River Open,Melbourne,Outdoor,Hard,2021-02-05,2.62,1.5,1
Fritz T.,9,356,205,151,26,22,179,129,Chardy J.,542,591,289,302,44,48,245,254,Murray River Open,Melbourne,Outdoor,Hard,2021-02-05,1.57,2.37,0
Kyrgios N.,25,303,195,108,11,7,184,101,Coric B.,15,343,185,158,28,28,157,130,Murray River Open,Melbourne,Outdoor,Hard,2021-02-05,2.1,1.72,0
Wawrinka S.,72,854,535,319,84,69,451,250,Chardy J.,542,591,289,302,44,48,245,254,Murray River Open,Melbourne,Outdoor,Hard,2021-02-05,1.9,1.9,0
Hurkacz H.,17,238,137,101,27,24,110,77,Cuevas P.,149,421,210,211,34,25,176,186,Great Ocean Road Open,Melbourne,Outdoor,Hard,2021-02-05,1.22,4.33,1
Monteiro T.,121,171,69,102,9,11,60,91,Thompson J.,71,221,96,125,10,10,86,115,Great Ocean Road Open,Melbourne,Outdoor,Hard,2021-02-05,2.75,1.44,1
Kecmanovic M.,40,210,107,103,12,16,95,87,Sinner J.,8,224,153,71,42,19,111,52,Great Ocean Road Open,Melbourne,Outdoor,Hard,2021-02-05,3.75,1.28,0
Van De Zandschulp B.,44,117,63,54,11,11,52,43,Khachanov K.,11,378,217,161,44,38,173,123,Great Ocean Road Open,Melbourne,Outdoor,Hard,2021-02-05,3.5,1.3,0
Hurkacz H.,17,238,137,101,27,24,110,77,Travaglia S.,1024,81,27,54,5,12,22,42,Great Ocean Road Open,Melbourne,Outdoor,Hard,2021-02-05,1.4,3.0,0
Dimitrov G.,20,651,389,262,79,50,310,212,Moutet C.,80,118,50,68,5,11,45,57,Murray River Open,Melbourne,Outdoor,Hard,2021-02-05,,,0
Auger-Aliassime F.,12,268,163,105,48,22,115,83,Vesely J.,528,288,130,158,6,19,124,139,Murray River Open,Melbourne,Outdoor,Hard,2021-02-05,1.5,2.62,1
Chardy J.,542,591,289,302,44,48,245,254,Evans D.,30,251,124,127,18,16,106,111,Murray River Open,Melbourne,Outdoor,Hard,2021-02-06,2.1,1.72,0
Auger-Aliassime F.,12,268,163,105,48,22,115,83,Moutet C.,80,118,50,68,5,11,45,57,Murray River Open,Melbourne,Outdoor,Hard,2021-02-06,1.4,3.0,1
Sinner J.,8,224,153,71,42,19,111,52,Khachanov K.,11,378,217,161,44,38,173,123,Great Ocean Road Open,Melbourne,Outdoor,Hard,2021-02-06,1.44,2.75,1
Travaglia S.,1024,81,27,54,5,12,22,42,Monteiro T.,121,171,69,102,9,11,60,91,Great Ocean Road Open,Melbourne,Outdoor,Hard,2021-02-06,1.72,2.1,1
Travaglia S.,1024,81,27,54,5,12,22,42,Sinner J.,8,224,153,71,42,19,111,52,Great Ocean Road Open,Melbourne,Outdoor,Hard,2021-02-07,4.0,1.25,0
Evans D.,30,251,124,127,18,16,106,111,Auger-Aliassime F.,12,268,163,105,48,22,115,83,Murray River Open,Melbourne,Outdoor,Hard,2021-02-07,2.2,1.66,1
Humbert U.,36,170,80,90,23,21,57,69,Uchiyama Y.,314,33,9,24,1,3,8,21,Australian Open,Melbourne,Outdoor,Hard,2021-02-08,1.14,5.5,1
Muller A.,81,22,9,13,0,1,9,12,Londero J.I.,142,83,34,49,3,5,31,44,Australian Open,Melbourne,Outdoor,Hard,2021-02-08,1.8,2.0,1
Nishikori K.,439,617,408,209,70,33,338,176,Carreno Busta P.,16,352,214,138,33,25,181,113,Australian Open,Melbourne,Outdoor,Hard,2021-02-08,3.4,1.33,0
Tiafoe F.,10,303,158,145,24,23,134,122,Travaglia S.,1024,81,27,54,5,12,22,42,Australian Open,Melbourne,Outdoor,Hard,2021-02-08,1.28,3.75,1
Cilic M.,100,853,543,310,119,65,424,245,Dimitrov G.,20,651,389,262,79,50,310,212,Australian Open,Melbourne,Outdoor,Hard,2021-02-08,2.62,1.5,0
Dellien H.,164,70,22,48,5,5,17,43,Koepfer D.,84,86,38,48,3,3,35,45,Australian Open,Melbourne,Outdoor,Hard,2021-02-08,4.33,1.22,0
Lajovic D.,66,378,163,215,21,36,142,179,Stakhovsky S.,200,339,145,194,46,51,99,143,Australian Open,Melbourne,Outdoor,Hard,2021-02-08,1.36,3.2,1
Auger-Aliassime F.,12,268,163,105,48,22,115,83,Stebe C.M.,231,76,28,48,4,7,24,41,Australian Open,Melbourne,Outdoor,Hard,2021-02-08,1.12,6.0,1
Schwartzman D.,95,428,233,195,32,27,201,168,Ymer E.,186,81,24,57,3,11,21,46,Australian Open,Melbourne,Outdoor,Hard,2021-02-08,1.04,13.0,1
Sugita Y.,131,129,47,82,6,12,41,70,Tomic B.,233,349,169,180,13,23,156,157,Australian Open,Melbourne,Outdoor,Hard,2021-02-08,1.66,2.2,0
Kyrgios N.,25,303,195,108,11,7,184,101,Ferreira Silva F.,185,2,0,2,0,0,0,2,Australian Open,Melbourne,Outdoor,Hard,2021-02-08,1.14,5.5,1
Cressy M.,96,96,42,54,10,11,32,43,Daniel T.,111,178,67,111,3,10,64,101,Australian Open,Melbourne,Outdoor,Hard,2021-02-08,2.1,1.72,1
Chardy J.,542,591,289,302,44,48,245,254,Djokovic N.,2,1207,1012,195,146,42,866,153,Australian Open,Melbourne,Outdoor,Hard,2021-02-08,26.0,1.01,0
Sinner J.,8,224,153,71,42,19,111,52,Shapovalov D.,29,298,166,132,30,27,136,105,Australian Open,Melbourne,Outdoor,Hard,2021-02-08,2.62,1.5,0
Coppejans K.,188,11,0,11,0,3,0,8,Vesely J.,528,288,130,158,6,19,124,139,Australian Open,Melbourne,Outdoor,Hard,2021-02-08,4.0,1.25,0
Duckworth J.,123,143,55,88,10,9,45,79,Dzumhur D.,202,234,107,127,31,29,76,98,Australian Open,Melbourne,Outdoor,Hard,2021-02-08,1.36,3.2,1
Coria F.,108,99,43,56,2,6,41,50,Raonic M.,849,540,361,179,64,34,297,145,Australian Open,Melbourne,Outdoor,Hard,2021-02-08,26.0,1.01,0
Bedene A.,347,291,131,160,18,23,113,137,Bublik A.,25,219,110,109,39,30,71,79,Australian Open,Melbourne,Outdoor,Hard,2021-02-08,1.8,2.0,0
Paire B.,149,527,237,290,39,56,198,234,Gerasimov E.,150,93,43,50,19,19,24,31,Australian Open,Melbourne,Outdoor,Hard,2021-02-08,5.0,1.16,0
Novak D.,166,58,15,43,6,16,9,27,Mannarino A.,27,567,264,303,60,73,204,230,Australian Open,Melbourne,Outdoor,Hard,2021-02-08,2.2,1.66,0
Ruusuvuori E.,55,158,79,79,16,18,63,61,Monfils G.,323,816,510,306,131,65,379,241,Australian Open,Melbourne,Outdoor,Hard,2021-02-08,1.61,2.3,1
Moutet C.,80,118,50,68,5,11,45,57,Millman J.,140,256,113,143,21,22,92,121,Australian Open,Melbourne,Outdoor,Hard,2021-02-08,3.0,1.4,1
Wawrinka S.,72,854,535,319,84,69,451,250,Sousa P.,475,36,9,27,1,3,8,24,Australian Open,Melbourne,Outdoor,Hard,2021-02-08,1.08,8.0,1
Bolt A.,345,40,13,27,0,0,13,27,Gombos N.,114,66,21,45,6,14,15,31,Australian Open,Melbourne,Outdoor,Hard,2021-02-08,1.66,2.2,1
Opelka R.,17,168,88,80,17,10,71,70,Lu Y.,625,11,1,10,0,0,1,10,Australian Open,Melbourne,Outdoor,Hard,2021-02-08,1.06,10.0,1
Ramos-Vinolas A.,82,437,204,233,17,31,187,202,Fritz T.,9,356,205,151,26,22,179,129,Australian Open,Melbourne,Outdoor,Hard,2021-02-08,5.5,1.14,0
Polmans M.,165,19,5,14,0,3,5,11,Fucsovics M.,67,249,121,128,26,24,95,104,Australian Open,Melbourne,Outdoor,Hard,2021-02-08,5.0,1.16,0
Kukushkin M.,221,352,141,211,50,49,91,162,Thiem D.,116,517,327,190,53,39,274,151,Australian Open,Melbourne,Outdoor,Hard,2021-02-08,17.0,1.02,0
Mager G.,67,59,24,35,3,7,21,28,Karatsev A.,75,136,66,70,10,22,56,48,Australian Open,Melbourne,Outdoor,Hard,2021-02-08,4.0,1.25,0
Majchrzak K.,121,50,19,31,3,4,16,27,Kecmanovic M.,40,210,107,103,12,16,95,87,Australian Open,Melbourne,Outdoor,Hard,2021-02-08,2.75,1.44,0
Zverev A.,19,500,346,154,60,31,286,123,Giron M.,69,150,68,82,20,14,48,68,Australian Open,Melbourne,Outdoor,Hard,2021-02-08,1.05,11.0,1
Nishioka Y.,31,215,99,116,15,15,84,101,Martinez P.,135,118,50,68,7,6,43,62,Australian Open,Melbourne,Outdoor,Hard,2021-02-08,1.36,3.2,0
De Minaur A.,19,272,161,111,30,19,131,92,Sandgren T.,153,121,47,74,2,9,45,65,Australian Open,Melbourne,Outdoor,Hard,2021-02-09,1.12,6.0,1
Paul T.,14,204,111,93,19,13,92,80,Basilashvili N.,118,301,138,163,26,34,112,129,Australian Open,Melbourne,Outdoor,Hard,2021-02-09,1.2,4.5,1
Nadal R.,2,1223,1017,206,76,40,941,166,Djere L.,38,243,120,123,10,22,110,101,Australian Open,Melbourne,Outdoor,Hard,2021-02-09,1.01,26.0,1
Laaksonen H.,125,101,37,64,7,16,30,48,Caruso S.,146,63,19,44,5,9,14,35,Australian Open,Melbourne,Outdoor,Hard,2021-02-09,2.37,1.57,0
Mmoh M.,112,55,20,35,0,3,20,32,Troicki V.,230,525,269,256,61,51,208,205,Australian Open,Melbourne,Outdoor,Hard,2021-02-09,1.66,2.2,1
Balazs A.,745,33,16,17,0,1,16,16,Carballes Baena R.,64,207,91,116,11,10,80,106,Australian Open,Melbourne,Outdoor,Hard,2021-02-09,8.0,1.08,0
Querrey S.,287,678,369,309,48,39,321,270,Sonego L.,43,221,107,114,19,17,88,97,Australian Open,Melbourne,Outdoor,Hard,2021-02-09,2.0,1.8,0
Machac T.,108,18,6,12,1,1,5,11,Vilella Martinez M.,167,10,4,6,0,0,4,6,Australian Open,Melbourne,Outdoor,Hard,2021-02-09,1.44,2.75,1
Fognini F.,128,742,383,359,39,48,344,311,Herbert P.H.,157,202,89,113,31,38,58,75,Australian Open,Melbourne,Outdoor,Hard,2021-02-09,1.72,2.1,1
Simon G.,188,869,491,378,135,94,356,284,Tsitsipas S.,5,390,264,126,49,32,215,94,Australian Open,Melbourne,Outdoor,Hard,2021-02-09,10.0,1.06,0
Kwon S.W.,68,108,53,55,12,6,41,49,Kokkinakis T.,86,124,55,69,0,4,55,65,Australian Open,Melbourne,Outdoor,Hard,2021-02-09,2.1,1.72,0
Anderson K.,652,598,347,251,48,38,299,213,Berrettini M.,38,217,142,75,14,11,128,64,Australian Open,Melbourne,Outdoor,Hard,2021-02-09,3.4,1.33,0
Ivashka I.,113,159,78,81,19,18,59,63,Safiullin R.,92,42,20,22,7,7,13,15,Australian Open,Melbourne,Outdoor,Hard,2021-02-09,2.37,1.57,0
Evans D.,30,251,124,127,18,16,106,111,Norrie C.,13,287,172,115,15,18,157,97,Australian Open,Melbourne,Outdoor,Hard,2021-02-09,1.4,3.0,0
Lopez F.,634,863,441,422,71,82,370,340,Tu L.,252,5,1,4,0,0,1,4,Australian Open,Melbourne,Outdoor,Hard,2021-02-09,1.33,3.4,1
Ruud C.,4,275,176,99,19,16,157,83,Thompson J.,71,221,96,125,10,10,86,115,Australian Open,Melbourne,Outdoor,Hard,2021-02-09,1.8,2.0,1
Berankis R.,212,249,104,145,36,31,68,114,Nagal S.,503,17,3,14,0,1,3,13,Australian Open,Melbourne,Outdoor,Hard,2021-02-09,1.12,6.0,1
Pospisil V.,99,280,122,158,39,34,83,124,Medvedev D.,3,406,289,117,69,27,220,90,Australian Open,Melbourne,Outdoor,Hard,2021-02-09,13.0,1.04,0
Harris L.,186,129,59,70,7,8,52,62,Torpegaard M.,188,4,1,3,0,0,1,3,Australian Open,Melbourne,Outdoor,Hard,2021-02-09,1.36,3.2,1
Mcdonald M.,60,190,87,103,11,15,76,88,Cecchinato M.,108,204,79,125,2,14,77,111,Australian Open,Melbourne,Outdoor,Hard,2021-02-09,1.36,3.2,1
Martin A.,723,258,107,151,6,13,101,138,Monteiro T.,121,171,69,102,9,11,60,91,Australian Open,Melbourne,Outdoor,Hard,2021-02-09,4.33,1.22,0
Pella G.,199,260,118,142,14,16,104,126,Coric B.,15,343,185,158,28,28,157,130,Australian Open,Melbourne,Outdoor,Hard,2021-02-09,6.0,1.12,0
Alcaraz C.,1,164,130,34,10,5,120,29,Van De Zandschulp B.,44,117,63,54,11,11,52,43,Australian Open,Melbourne,Outdoor,Hard,2021-02-09,1.66,2.2,1
Hurkacz H.,17,238,137,101,27,24,110,77,Ymer M.,59,130,58,72,18,23,40,49,Australian Open,Melbourne,Outdoor,Hard,2021-02-09,1.22,4.33,0
O Connell C.,74,65,26,39,0,0,26,39,Struff J.L.,21,369,170,199,43,42,127,157,Australian Open,Melbourne,Outdoor,Hard,2021-02-09,4.5,1.2,1
Popyrin A.,90,140,59,81,9,13,50,68,Goffin D.,123,522,296,226,66,52,230,174,Australian Open,Melbourne,Outdoor,Hard,2021-02-09,3.0,1.4,1
Vukic A.,62,36,15,21,2,1,13,20,Khachanov K.,11,378,217,161,44,38,173,123,Australian Open,Melbourne,Outdoor,Hard,2021-02-09,7.0,1.1,0
Bautista Agut R.,25,379,234,145,31,29,203,116,Albot R.,97,215,86,129,26,26,60,103,Australian Open,Melbourne,Outdoor,Hard,2021-02-09,1.05,11.0,0
Seppi A.,141,758,363,395,74,85,289,310,Cuevas P.,149,421,210,211,34,25,176,186,Australian Open,Melbourne,Outdoor,Hard,2021-02-09,2.2,1.66,0
Krajinovic F.,93,240,115,125,38,34,77,91,Haase R.,257,458,202,256,35,54,167,202,Australian Open,Melbourne,Outdoor,Hard,2021-02-09,1.22,4.33,1
Halys Q.,79,72,23,49,3,10,20,39,Andujar P.,323,404,164,240,12,30,152,210,Australian Open,Melbourne,Outdoor,Hard,2021-02-09,1.4,3.0,0
Rublev A.,7,392,255,137,57,34,198,103,Hanfmann Y.,50,99,50,49,5,4,45,45,Australian Open,Melbourne,Outdoor,Hard,2021-02-09,1.01,23.0,1
Opelka R.,17,168,88,80,17,10,71,70,Fritz T.,9,356,205,151,26,22,179,129,Australian Open,Melbourne,Outdoor,Hard,2021-02-10,2.2,1.66,0
Dimitrov G.,20,651,389,262,79,50,310,212,Bolt A.,345,40,13,27,0,0,13,27,Australian Open,Melbourne,Outdoor,Hard,2021-02-10,1.22,4.33,1
Cressy M.,96,96,42,54,10,11,32,43,Zverev A.,19,500,346,154,60,31,286,123,Australian Open,Melbourne,Outdoor,Hard,2021-02-10,8.0,1.08,0
Carreno Busta P.,16,352,214,138,33,25,181,113,Vesely J.,528,288,130,158,6,19,124,139,Australian Open,Melbourne,Outdoor,Hard,2021-02-10,1.22,4.33,1
Mannarino A.,27,567,264,303,60,73,204,230,Kecmanovic M.,40,210,107,103,12,16,95,87,Australian Open,Melbourne,Outdoor,Hard,2021-02-10,2.1,1.72,1
Shapovalov D.,29,298,166,132,30,27,136,105,Tomic B.,233,349,169,180,13,23,156,157,Australian Open,Melbourne,Outdoor,Hard,2021-02-10,1.07,9.0,1
Bublik A.,25,219,110,109,39,30,71,79,Lajovic D.,66,378,163,215,21,36,142,179,Australian Open,Melbourne,Outdoor,Hard,2021-02-10,1.44,2.75,0
Kyrgios N.,25,303,195,108,11,7,184,101,Humbert U.,36,170,80,90,23,21,57,69,Australian Open,Melbourne,Outdoor,Hard,2021-02-10,1.8,2.0,1
Tiafoe F.,10,303,158,145,24,23,134,122,Djokovic N.,2,1207,1012,195,146,42,866,153,Australian Open,Melbourne,Outdoor,Hard,2021-02-10,0.967,29.0,0
Moutet C.,80,118,50,68,5,11,45,57,Raonic M.,849,540,361,179,64,34,297,145,Australian Open,Melbourne,Outdoor,Hard,2021-02-10,6.0,1.12,0
Muller A.,81,22,9,13,0,1,9,12,Schwartzman D.,95,428,233,195,32,27,201,168,Australian Open,Melbourne,Outdoor,Hard,2021-02-10,8.0,1.08,0
Duckworth J.,123,143,55,88,10,9,45,79,Auger-Aliassime F.,12,268,163,105,48,22,115,83,Australian Open,Melbourne,Outdoor,Hard,2021-02-10,4.5,1.2,0
Ruusuvuori E.,55,158,79,79,16,18,63,61,Martinez P.,135,118,50,68,7,6,43,62,Australian Open,Melbourne,Outdoor,Hard,2021-02-10,1.4,3.0,0
Wawrinka S.,72,854,535,319,84,69,451,250,Fucsovics M.,67,249,121,128,26,24,95,104,Australian Open,Melbourne,Outdoor,Hard,2021-02-10,1.4,3.0,0
Gerasimov E.,150,93,43,50,19,19,24,31,Karatsev A.,75,136,66,70,10,22,56,48,Australian Open,Melbourne,Outdoor,Hard,2021-02-10,2.5,1.53,0
Thiem D.,116,517,327,190,53,39,274,151,Koepfer D.,84,86,38,48,3,3,35,45,Australian Open,Melbourne,Outdoor,Hard,2021-02-10,1.06,10.0,1
Mmoh M.,112,55,20,35,0,3,20,32,Nadal R.,2,1223,1017,206,76,40,941,166,Australian Open,Melbourne,Outdoor,Hard,2021-02-11,23.0,1.01,0
Carballes Baena R.,64,207,91,116,11,10,80,106,Medvedev D.,3,406,289,117,69,27,220,90,Australian Open,Melbourne,Outdoor,Hard,2021-02-11,29.0,1.005,0
Cuevas P.,149,421,210,211,34,25,176,186,De Minaur A.,19,272,161,111,30,19,131,92,Australian Open,Melbourne,Outdoor,Hard,2021-02-11,8.0,1.08,0
Norrie C.,13,287,172,115,15,18,157,97,Safiullin R.,92,42,20,22,7,7,13,15,Australian Open,Melbourne,Outdoor,Hard,2021-02-11,1.36,3.2,1
Fognini F.,128,742,383,359,39,48,344,311,Caruso S.,146,63,19,44,5,9,14,35,Australian Open,Melbourne,Outdoor,Hard,2021-02-11,1.4,3.0,1
O Connell C.,74,65,26,39,0,0,26,39,Albot R.,97,215,86,129,26,26,60,103,Australian Open,Melbourne,Outdoor,Hard,2021-02-11,1.53,2.5,0
Machac T.,108,18,6,12,1,1,5,11,Berrettini M.,38,217,142,75,14,11,128,64,Australian Open,Melbourne,Outdoor,Hard,2021-02-11,11.0,1.05,0
Coric B.,15,343,185,158,28,28,157,130,Mcdonald M.,60,190,87,103,11,15,76,88,Australian Open,Melbourne,Outdoor,Hard,2021-02-11,1.2,4.5,0
Krajinovic F.,93,240,115,125,38,34,77,91,Andujar P.,323,404,164,240,12,30,152,210,Australian Open,Melbourne,Outdoor,Hard,2021-02-11,1.12,6.0,1
Berankis R.,212,249,104,145,36,31,68,114,Khachanov K.,11,378,217,161,44,38,173,123,Australian Open,Melbourne,Outdoor,Hard,2021-02-11,4.0,1.25,0
Paul T.,14,204,111,93,19,13,92,80,Ruud C.,4,275,176,99,19,16,157,83,Australian Open,Melbourne,Outdoor,Hard,2021-02-11,2.1,1.72,0
Ymer M.,59,130,58,72,18,23,40,49,Alcaraz C.,1,164,130,34,10,5,120,29,Australian Open,Melbourne,Outdoor,Hard,2021-02-11,2.62,1.5,1
Harris L.,186,129,59,70,7,8,52,62,Popyrin A.,90,140,59,81,9,13,50,68,Australian Open,Melbourne,Outdoor,Hard,2021-02-11,1.61,2.3,1
Monteiro T.,121,171,69,102,9,11,60,91,Rublev A.,7,392,255,137,57,34,198,103,Australian Open,Melbourne,Outdoor,Hard,2021-02-11,13.0,1.04,0
Lopez F.,634,863,441,422,71,82,370,340,Sonego L.,43,221,107,114,19,17,88,97,Australian Open,Melbourne,Outdoor,Hard,2021-02-11,4.0,1.25,1
Tsitsipas S.,5,390,264,126,49,32,215,94,Kokkinakis T.,86,124,55,69,0,4,55,65,Australian Open,Melbourne,Outdoor,Hard,2021-02-11,1.08,8.0,1
Djokovic N.,2,1207,1012,195,146,42,866,153,Fritz T.,9,356,205,151,26,22,179,129,Australian Open,Melbourne,Outdoor,Hard,2021-02-12,1.01,21.0,1
Thiem D.,116,517,327,190,53,39,274,151,Kyrgios N.,25,303,195,108,11,7,184,101,Australian Open,Melbourne,Outdoor,Hard,2021-02-12,1.28,3.75,1
Auger-Aliassime F.,12,268,163,105,48,22,115,83,Shapovalov D.,29,298,166,132,30,27,136,105,Australian Open,Melbourne,Outdoor,Hard,2021-02-12,2.75,1.44,1
Raonic M.,849,540,361,179,64,34,297,145,Fucsovics M.,67,249,121,128,26,24,95,104,Australian Open,Melbourne,Outdoor,Hard,2021-02-12,1.14,5.5,1
Mannarino A.,27,567,264,303,60,73,204,230,Zverev A.,19,500,346,154,60,31,286,123,Australian Open,Melbourne,Outdoor,Hard,2021-02-12,5.5,1.14,0
Lajovic D.,66,378,163,215,21,36,142,179,Martinez P.,135,118,50,68,7,6,43,62,Australian Open,Melbourne,Outdoor,Hard,2021-02-12,1.72,2.1,1
Carreno Busta P.,16,352,214,138,33,25,181,113,Dimitrov G.,20,651,389,262,79,50,310,212,Australian Open,Melbourne,Outdoor,Hard,2021-02-12,2.1,1.72,0
Schwartzman D.,95,428,233,195,32,27,201,168,Karatsev A.,75,136,66,70,10,22,56,48,Australian Open,Melbourne,Outdoor,Hard,2021-02-12,1.33,3.4,0
Nadal R.,2,1223,1017,206,76,40,941,166,Norrie C.,13,287,172,115,15,18,157,97,Australian Open,Melbourne,Outdoor,Hard,2021-02-13,1.02,19.0,1
Fognini F.,128,742,383,359,39,48,344,311,De Minaur A.,19,272,161,111,30,19,131,92,Australian Open,Melbourne,Outdoor,Hard,2021-02-13,5.5,1.14,1
Khachanov K.,11,378,217,161,44,38,173,123,Berrettini M.,38,217,142,75,14,11,128,64,Australian Open,Melbourne,Outdoor,Hard,2021-02-13,3.0,1.4,0
Rublev A.,7,392,255,137,57,34,198,103,Lopez F.,634,863,441,422,71,82,370,340,Australian Open,Melbourne,Outdoor,Hard,2021-02-13,1.02,19.0,1
Medvedev D.,3,406,289,117,69,27,220,90,Krajinovic F.,93,240,115,125,38,34,77,91,Australian Open,Melbourne,Outdoor,Hard,2021-02-13,1.05,11.0,1
Harris L.,186,129,59,70,7,8,52,62,Mcdonald M.,60,190,87,103,11,15,76,88,Australian Open,Melbourne,Outdoor,Hard,2021-02-13,1.66,2.2,0
Albot R.,97,215,86,129,26,26,60,103,Ruud C.,4,275,176,99,19,16,157,83,Australian Open,Melbourne,Outdoor,Hard,2021-02-13,3.4,1.33,0
Ymer M.,59,130,58,72,18,23,40,49,Tsitsipas S.,5,390,264,126,49,32,215,94,Australian Open,Melbourne,Outdoor,Hard,2021-02-13,15.0,1.03,0
Auger-Aliassime F.,12,268,163,105,48,22,115,83,Karatsev A.,75,136,66,70,10,22,56,48,Australian Open,Melbourne,Outdoor,Hard,2021-02-14,1.53,2.5,0
Dimitrov G.,20,651,389,262,79,50,310,212,Thiem D.,116,517,327,190,53,39,274,151,Australian Open,Melbourne,Outdoor,Hard,2021-02-14,3.4,1.33,1
Zverev A.,19,500,346,154,60,31,286,123,Lajovic D.,66,378,163,215,21,36,142,179,Australian Open,Melbourne,Outdoor,Hard,2021-02-14,1.06,10.0,1
Raonic M.,849,540,361,179,64,34,297,145,Djokovic N.,2,1207,1012,195,146,42,866,153,Australian Open,Melbourne,Outdoor,Hard,2021-02-14,2.75,1.44,0
Berrettini M.,38,217,142,75,14,11,128,64,Tsitsipas S.,5,390,264,126,49,32,215,94,Australian Open,Melbourne,Outdoor,Hard,2021-02-15,4.0,1.25,0
Nadal R.,2,1223,1017,206,76,40,941,166,Fognini F.,128,742,383,359,39,48,344,311,Australian Open,Melbourne,Outdoor,Hard,2021-02-15,1.16,5.0,1
Ruud C.,4,275,176,99,19,16,157,83,Rublev A.,7,392,255,137,57,34,198,103,Australian Open,Melbourne,Outdoor,Hard,2021-02-15,8.0,1.08,0
Mcdonald M.,60,190,87,103,11,15,76,88,Medvedev D.,3,406,289,117,69,27,220,90,Australian Open,Melbourne,Outdoor,Hard,2021-02-15,15.0,1.03,0
Dimitrov G.,20,651,389,262,79,50,310,212,Karatsev A.,75,136,66,70,10,22,56,48,Australian Open,Melbourne,Outdoor,Hard,2021-02-16,1.3,3.5,0
Zverev A.,19,500,346,154,60,31,286,123,Djokovic N.,2,1207,1012,195,146,42,866,153,Australian Open,Melbourne,Outdoor,Hard,2021-02-16,2.37,1.57,0
Rublev A.,7,392,255,137,57,34,198,103,Medvedev D.,3,406,289,117,69,27,220,90,Australian Open,Melbourne,Outdoor,Hard,2021-02-17,2.75,1.44,0
Nadal R.,2,1223,1017,206,76,40,941,166,Tsitsipas S.,5,390,264,126,49,32,215,94,Australian Open,Melbourne,Outdoor,Hard,2021-02-17,1.44,2.75,0
Djokovic N.,2,1207,1012,195,146,42,866,153,Karatsev A.,75,136,66,70,10,22,56,48,Australian Open,Melbourne,Outdoor,Hard,2021-02-18,1.07,9.0,1
Tsitsipas S.,5,390,264,126,49,32,215,94,Medvedev D.,3,406,289,117,69,27,220,90,Australian Open,Melbourne,Outdoor,Hard,2021-02-19,3.0,1.4,0
Medvedev D.,3,406,289,117,69,27,220,90,Djokovic N.,2,1207,1012,195,146,42,866,153,Australian Open,Melbourne,Outdoor,Hard,2021-02-21,2.0,1.83,0
Kovalik J.,172,68,24,44,5,8,19,36,Galan D.E.,76,78,33,45,3,5,30,40,Cordoba Open,Cordoba,Outdoor,Clay,2021-02-22,2.0,1.72,1
Nishioka Y.,31,215,99,116,15,15,84,101,Mmoh M.,112,55,20,35,0,3,20,32,Singapore Open,Singapore,Indoor,Hard,2021-02-22,1.61,2.2,1
Popyrin A.,90,140,59,81,9,13,50,68,Eubanks C.,29,64,28,36,1,3,27,33,Singapore Open,Singapore,Indoor,Hard,2021-02-22,1.5,2.5,1
Harris L.,186,129,59,70,7,8,52,62,Andreev A.,319,8,2,6,2,6,0,0,Singapore Open,Singapore,Indoor,Hard,2021-02-22,1.2,4.33,0
Cressy M.,96,96,42,54,10,11,32,43,Jung J.,276,32,10,22,5,4,5,18,Singapore Open,Singapore,Indoor,Hard,2021-02-22,1.44,2.62,1
Daniel T.,111,178,67,111,3,10,64,101,Ramanathan R.,435,40,14,26,0,4,14,22,Singapore Open,Singapore,Indoor,Hard,2021-02-22,1.4,2.75,1
Gombos N.,114,66,21,45,6,14,15,31,Humbert U.,36,170,80,90,23,21,57,69,Open Sud de France,Montpellier,Indoor,Hard,2021-02-22,4.5,1.18,0
Gaston H.,109,58,24,34,5,9,19,25,Sonego L.,43,221,107,114,19,17,88,97,Open Sud de France,Montpellier,Indoor,Hard,2021-02-22,2.75,1.4,0
Jarry N.,28,141,73,68,9,6,64,62,Munar J.,104,178,75,103,7,12,68,91,Cordoba Open,Cordoba,Outdoor,Clay,2021-02-22,3.75,1.25,1
Tsonga J.W.,297,672,444,228,139,62,305,166,Korda S.,26,126,75,51,15,9,60,42,Open Sud de France,Montpellier,Indoor,Hard,2021-02-22,2.75,1.4,0
Uchiyama Y.,314,33,9,24,1,3,8,21,Polmans M.,165,19,5,14,0,3,5,11,Singapore Open,Singapore,Indoor,Hard,2021-02-23,1.66,2.1,1
Gerasimov E.,150,93,43,50,19,19,24,31,Murray A.,44,932,687,245,132,47,555,198,Open Sud de France,Montpellier,Indoor,Hard,2021-02-23,2.62,1.44,1
Giron M.,69,150,68,82,20,14,48,68,Griekspoor T.,37,97,47,50,7,14,40,36,Open Sud de France,Montpellier,Indoor,Hard,2021-02-23,1.5,2.5,0
Struff J.L.,21,369,170,199,43,42,127,157,Gojowczyk P.,108,172,75,97,17,18,58,79,Open Sud de France,Montpellier,Indoor,Hard,2021-02-23,1.36,3.0,0
Pouille L.,675,259,134,125,35,26,99,99,Bonzi B.,107,83,37,46,10,13,27,33,Open Sud de France,Montpellier,Indoor,Hard,2021-02-23,2.25,1.57,0
Ymer M.,59,130,58,72,18,23,40,49,Vesely J.,528,288,130,158,6,19,124,139,Open Sud de France,Montpellier,Indoor,Hard,2021-02-23,1.83,1.83,0
Novak D.,166,58,15,43,6,16,9,27,Simon G.,188,869,491,378,135,94,356,284,Open Sud de France,Montpellier,Indoor,Hard,2021-02-23,2.25,1.57,1
Smith J.P.,306,27,5,22,0,2,5,20,Albot R.,97,215,86,129,26,26,60,103,Singapore Open,Singapore,Indoor,Hard,2021-02-23,3.0,1.36,0
Mager G.,67,59,24,35,3,7,21,28,Cerundolo F.,21,104,58,46,3,7,55,39,Cordoba Open,Cordoba,Outdoor,Clay,2021-02-23,2.5,1.5,0
Celikbilek A.,230,9,4,5,3,3,1,2,Mochizuki S.,200,8,0,8,0,1,0,7,Singapore Open,Singapore,Indoor,Hard,2021-02-23,1.33,3.25,1
Sousa J.,147,436,189,247,42,44,147,203,Carballes Baena R.,64,207,91,116,11,10,80,106,Cordoba Open,Cordoba,Outdoor,Clay,2021-02-23,3.75,1.25,0
Cecchinato M.,108,204,79,125,2,14,77,111,Dellien H.,164,70,22,48,5,5,17,43,Cordoba Open,Cordoba,Outdoor,Clay,2021-02-23,1.28,3.5,1
Coria F.,108,99,43,56,2,6,41,50,Koepfer D.,84,86,38,48,3,3,35,45,Cordoba Open,Cordoba,Outdoor,Clay,2021-02-23,1.61,2.2,1
Cerundolo J.M.,106,29,12,17,2,3,10,14,Seyboth Wild T.,117,28,12,16,7,3,5,13,Cordoba Open,Cordoba,Outdoor,Clay,2021-02-23,3.25,1.33,1
Bagnis F.,135,121,39,82,9,8,30,74,Kicker N.,203,47,19,28,1,3,18,25,Cordoba Open,Cordoba,Outdoor,Clay,2021-02-23,1.2,4.33,1
Etcheverry T.,34,60,26,34,5,3,21,31,Martin A.,723,258,107,151,6,13,101,138,Cordoba Open,Cordoba,Outdoor,Clay,2021-02-23,1.72,2.0,1
Duckworth J.,123,143,55,88,10,9,45,79,Hanfmann Y.,50,99,50,49,5,4,45,45,Singapore Open,Singapore,Indoor,Hard,2021-02-23,1.61,2.2,0
Londero J.I.,142,83,34,49,3,5,31,44,Ramos-Vinolas A.,82,437,204,233,17,31,187,202,Cordoba Open,Cordoba,Outdoor,Clay,2021-02-23,1.61,2.2,0
Goffin D.,123,522,296,226,66,52,230,174,Bonzi B.,107,83,37,46,10,13,27,33,Open Sud de France,Montpellier,Indoor,Hard,2021-02-24,1.53,2.37,1
Bublik A.,25,219,110,109,39,30,71,79,Celikbilek A.,230,9,4,5,3,3,1,2,Singapore Open,Singapore,Indoor,Hard,2021-02-24,1.2,4.33,1
Cressy M.,96,96,42,54,10,11,32,43,Nishioka Y.,31,215,99,116,15,15,84,101,Singapore Open,Singapore,Indoor,Hard,2021-02-24,2.0,1.72,0
Cilic M.,100,853,543,310,119,65,424,245,Daniel T.,111,178,67,111,3,10,64,101,Singapore Open,Singapore,Indoor,Hard,2021-02-24,1.33,3.25,1
Bhambri Y.,862,40,14,26,2,5,12,21,Ebden M.,432,203,75,128,13,18,62,110,Singapore Open,Singapore,Indoor,Hard,2021-02-24,3.75,1.25,0
Gulbis E.,191,453,221,232,55,51,166,181,Marcora R.,208,7,3,4,1,1,2,3,Singapore Open,Singapore,Indoor,Hard,2021-02-24,1.83,1.83,0
Kwiatkowski T.S.,219,6,0,6,0,1,0,5,Kwon S.W.,68,108,53,55,12,6,41,49,Singapore Open,Singapore,Indoor,Hard,2021-02-24,3.0,1.36,0
Humbert U.,36,170,80,90,23,21,57,69,Griekspoor T.,37,97,47,50,7,14,40,36,Open Sud de France,Montpellier,Indoor,Hard,2021-02-24,1.22,4.0,1
Andreev A.,319,8,2,6,2,6,0,0,Popyrin A.,90,140,59,81,9,13,50,68,Singapore Open,Singapore,Indoor,Hard,2021-02-24,4.0,1.22,0
Korda S.,26,126,75,51,15,9,60,42,Sonego L.,43,221,107,114,19,17,88,97,Open Sud de France,Montpellier,Indoor,Hard,2021-02-24,1.53,2.37,0
Coria F.,108,99,43,56,2,6,41,50,Cerundolo F.,21,104,58,46,3,7,55,39,Cordoba Open,Cordoba,Outdoor,Clay,2021-02-24,2.25,1.57,1
Bedene A.,347,291,131,160,18,23,113,137,Sinner J.,8,224,153,71,42,19,111,52,Open Sud de France,Montpellier,Indoor,Hard,2021-02-24,4.5,1.18,1
Zapata Miralles B.,54,80,32,48,1,6,31,42,Davidovich Fokina A.,39,168,84,84,17,20,67,64,Open Sud de France,Montpellier,Indoor,Hard,2021-02-24,2.25,1.57,0
Delbonis F.,131,340,152,188,19,23,133,165,Bagnis F.,135,121,39,82,9,8,30,74,Cordoba Open,Cordoba,Outdoor,Clay,2021-02-24,1.72,2.0,0
Barrere G.,59,79,31,48,11,16,20,32,Basilashvili N.,118,301,138,163,26,34,112,129,Open Sud de France,Montpellier,Indoor,Hard,2021-02-24,1.53,2.37,1
Barrios M.,121,10,3,7,0,0,3,7,Kovalik J.,172,68,24,44,5,8,19,36,Cordoba Open,Cordoba,Outdoor,Clay,2021-02-24,2.25,1.57,0
Monteiro T.,121,171,69,102,9,11,60,91,Menezes J.,199,1,0,1,0,0,0,1,Cordoba Open,Cordoba,Outdoor,Clay,2021-02-24,1.22,4.0,1
Sousa P.,475,36,9,27,1,3,8,24,Delbonis F.,131,340,152,188,19,23,133,165,Cordoba Open,Cordoba,Outdoor,Clay,2021-02-24,2.37,1.53,0
Etcheverry T.,34,60,26,34,5,3,21,31,Ramos-Vinolas A.,82,437,204,233,17,31,187,202,Cordoba Open,Cordoba,Outdoor,Clay,2021-02-25,2.37,1.53,0
Monteiro T.,121,171,69,102,9,11,60,91,Carballes Baena R.,64,207,91,116,11,10,80,106,Cordoba Open,Cordoba,Outdoor,Clay,2021-02-25,1.36,3.0,1
Paire B.,149,527,237,290,39,56,198,234,Jarry N.,28,141,73,68,9,6,64,62,Cordoba Open,Cordoba,Outdoor,Clay,2021-02-25,2.62,1.44,1
Albot R.,97,215,86,129,26,26,60,103,Hanfmann Y.,50,99,50,49,5,4,45,45,Singapore Open,Singapore,Indoor,Hard,2021-02-25,1.66,2.1,1
Millman J.,140,256,113,143,21,22,92,121,Ebden M.,432,203,75,128,13,18,62,110,Singapore Open,Singapore,Indoor,Hard,2021-02-25,1.25,3.75,0
Marcora R.,208,7,3,4,1,1,2,3,Mannarino A.,27,567,264,303,60,73,204,230,Singapore Open,Singapore,Indoor,Hard,2021-02-25,4.5,1.18,0
Kwon S.W.,68,108,53,55,12,6,41,49,Uchiyama Y.,314,33,9,24,1,3,8,21,Singapore Open,Singapore,Indoor,Hard,2021-02-25,1.4,2.75,1
Barrere G.,59,79,31,48,11,16,20,32,Bautista Agut R.,25,379,234,145,31,29,203,116,Open Sud de France,Montpellier,Indoor,Hard,2021-02-25,3.5,1.28,0
Novak D.,166,58,15,43,6,16,9,27,Lajovic D.,66,378,163,215,21,36,142,179,Open Sud de France,Montpellier,Indoor,Hard,2021-02-25,1.83,1.83,1
Hurkacz H.,17,238,137,101,27,24,110,77,Davidovich Fokina A.,39,168,84,84,17,20,67,64,Open Sud de France,Montpellier,Indoor,Hard,2021-02-25,1.61,2.2,0
Gojowczyk P.,108,172,75,97,17,18,58,79,Vesely J.,528,288,130,158,6,19,124,139,Open Sud de France,Montpellier,Indoor,Hard,2021-02-25,2.62,1.44,1
Gerasimov E.,150,93,43,50,19,19,24,31,Bedene A.,347,291,131,160,18,23,113,137,Open Sud de France,Montpellier,Indoor,Hard,2021-02-25,2.0,1.72,1
Cecchinato M.,108,204,79,125,2,14,77,111,Schwartzman D.,95,428,233,195,32,27,201,168,Cordoba Open,Cordoba,Outdoor,Clay,2021-02-25,3.4,1.3,0
Cerundolo J.M.,106,29,12,17,2,3,10,14,Kecmanovic M.,40,210,107,103,12,16,95,87,Cordoba Open,Cordoba,Outdoor,Clay,2021-02-25,2.75,1.4,1
Mannarino A.,27,567,264,303,60,73,204,230,Albot R.,97,215,86,129,26,26,60,103,Singapore Open,Singapore,Indoor,Hard,2021-02-26,1.44,2.75,0
Kwon S.W.,68,108,53,55,12,6,41,49,Cilic M.,100,853,543,310,119,65,424,245,Singapore Open,Singapore,Indoor,Hard,2021-02-26,2.0,1.8,0
Bublik A.,25,219,110,109,39,30,71,79,Nishioka Y.,31,215,99,116,15,15,84,101,Singapore Open,Singapore,Indoor,Hard,2021-02-26,1.72,2.1,1
Ebden M.,432,203,75,128,13,18,62,110,Popyrin A.,90,140,59,81,9,13,50,68,Singapore Open,Singapore,Indoor,Hard,2021-02-26,2.62,1.5,0
Paire B.,149,527,237,290,39,56,198,234,Coria F.,108,99,43,56,2,6,41,50,Cordoba Open,Cordoba,Outdoor,Clay,2021-02-26,2.0,1.8,0
Goffin D.,123,522,296,226,66,52,230,174,Sonego L.,43,221,107,114,19,17,88,97,Open Sud de France,Montpellier,Indoor,Hard,2021-02-26,2.1,1.72,1
Gerasimov E.,150,93,43,50,19,19,24,31,Davidovich Fokina A.,39,168,84,84,17,20,67,64,Open Sud de France,Montpellier,Indoor,Hard,2021-02-26,2.0,1.8,1
Monteiro T.,121,171,69,102,9,11,60,91,Cerundolo J.M.,106,29,12,17,2,3,10,14,Cordoba Open,Cordoba,Outdoor,Clay,2021-02-26,1.28,3.75,0
Humbert U.,36,170,80,90,23,21,57,69,Bautista Agut R.,25,379,234,145,31,29,203,116,Open Sud de France,Montpellier,Indoor,Hard,2021-02-26,2.0,1.8,0
Novak D.,166,58,15,43,6,16,9,27,Gojowczyk P.,108,172,75,97,17,18,58,79,Open Sud de France,Montpellier,Indoor,Hard,2021-02-26,1.8,2.0,0
Ramos-Vinolas A.,82,437,204,233,17,31,187,202,Schwartzman D.,95,428,233,195,32,27,201,168,Cordoba Open,Cordoba,Outdoor,Clay,2021-02-26,7.0,1.1,1
Kovalik J.,172,68,24,44,5,8,19,36,Bagnis F.,135,121,39,82,9,8,30,74,Cordoba Open,Cordoba,Outdoor,Clay,2021-02-26,2.62,1.5,0
Bautista Agut R.,25,379,234,145,31,29,203,116,Gojowczyk P.,108,172,75,97,17,18,58,79,Open Sud de France,Montpellier,Indoor,Hard,2021-02-27,1.2,4.5,1
Goffin D.,123,522,296,226,66,52,230,174,Gerasimov E.,150,93,43,50,19,19,24,31,Open Sud de France,Montpellier,Indoor,Hard,2021-02-27,1.5,2.62,1
Cerundolo J.M.,106,29,12,17,2,3,10,14,Coria F.,108,99,43,56,2,6,41,50,Cordoba Open,Cordoba,Outdoor,Clay,2021-02-27,2.75,1.44,1
Popyrin A.,90,140,59,81,9,13,50,68,Cilic M.,100,853,543,310,119,65,424,245,Singapore Open,Singapore,Indoor,Hard,2021-02-27,2.37,1.57,1
Bublik A.,25,219,110,109,39,30,71,79,Albot R.,97,215,86,129,26,26,60,103,Singapore Open,Singapore,Indoor,Hard,2021-02-27,1.44,2.75,1
Bagnis F.,135,121,39,82,9,8,30,74,Ramos-Vinolas A.,82,437,204,233,17,31,187,202,Cordoba Open,Cordoba,Outdoor,Clay,2021-02-28,2.0,1.8,0
Ramos-Vinolas A.,82,437,204,233,17,31,187,202,Cerundolo J.M.,106,29,12,17,2,3,10,14,Cordoba Open,Cordoba,Outdoor,Clay,2021-02-28,1.5,2.62,0
Bublik A.,25,219,110,109,39,30,71,79,Popyrin A.,90,140,59,81,9,13,50,68,Singapore Open,Singapore,Indoor,Hard,2021-02-28,1.61,2.3,0
Bautista Agut R.,25,379,234,145,31,29,203,116,Goffin D.,123,522,296,226,66,52,230,174,Open Sud de France,Montpellier,Indoor,Hard,2021-02-28,1.4,3.0,0
Norrie C.,13,287,172,115,15,18,157,97,Basilashvili N.,118,301,138,163,26,34,112,129,ABN AMRO World Tennis Tournament,Rotterdam,Indoor,Hard,2021-03-01,1.18,4.5,1
Opelka R.,17,168,88,80,17,10,71,70,Fucsovics M.,67,249,121,128,26,24,95,104,ABN AMRO World Tennis Tournament,Rotterdam,Indoor,Hard,2021-03-01,2.3,1.61,0
Carballes Baena R.,64,207,91,116,11,10,80,106,Monteiro T.,121,171,69,102,9,11,60,91,Argentina Open,Buenos Aires,Outdoor,Clay,2021-03-01,2.75,1.44,0
Haase R.,257,458,202,256,35,54,167,202,Murray A.,44,932,687,245,132,47,555,198,ABN AMRO World Tennis Tournament,Rotterdam,Indoor,Hard,2021-03-01,2.75,1.44,0
Nishikori K.,439,617,408,209,70,33,338,176,Auger-Aliassime F.,12,268,163,105,48,22,115,83,ABN AMRO World Tennis Tournament,Rotterdam,Indoor,Hard,2021-03-01,3.4,1.33,1
Tirante T.A.,136,5,2,3,0,0,2,3,Koepfer D.,84,86,38,48,3,3,35,45,Argentina Open,Buenos Aires,Outdoor,Clay,2021-03-01,2.3,1.61,0
Cecchinato M.,108,204,79,125,2,14,77,111,Djere L.,38,243,120,123,10,22,110,101,Argentina Open,Buenos Aires,Outdoor,Clay,2021-03-01,1.8,2.0,0
Andujar P.,323,404,164,240,12,30,152,210,Londero J.I.,142,83,34,49,3,5,31,44,Argentina Open,Buenos Aires,Outdoor,Clay,2021-03-01,1.8,2.0,1
Klein L.,142,7,2,5,0,1,2,4,Martin A.,723,258,107,151,6,13,101,138,Argentina Open,Buenos Aires,Outdoor,Clay,2021-03-02,1.66,2.2,1
De Minaur A.,19,272,161,111,30,19,131,92,Millman J.,140,256,113,143,21,22,92,121,ABN AMRO World Tennis Tournament,Rotterdam,Indoor,Hard,2021-03-02,1.16,5.0,1
Giron M.,69,150,68,82,20,14,48,68,Rublev A.,7,392,255,137,57,34,198,103,ABN AMRO World Tennis Tournament,Rotterdam,Indoor,Hard,2021-03-02,6.0,1.12,0
Hurkacz H.,17,238,137,101,27,24,110,77,Mannarino A.,27,567,264,303,60,73,204,230,ABN AMRO World Tennis Tournament,Rotterdam,Indoor,Hard,2021-03-02,1.8,2.0,1
Khachanov K.,11,378,217,161,44,38,173,123,Wawrinka S.,72,854,535,319,84,69,451,250,ABN AMRO World Tennis Tournament,Rotterdam,Indoor,Hard,2021-03-02,1.8,2.0,1
Chardy J.,542,591,289,302,44,48,245,254,Humbert U.,36,170,80,90,23,21,57,69,ABN AMRO World Tennis Tournament,Rotterdam,Indoor,Hard,2021-03-02,2.75,1.44,1
Gerasimov E.,150,93,43,50,19,19,24,31,Tsitsipas S.,5,390,264,126,49,32,215,94,ABN AMRO World Tennis Tournament,Rotterdam,Indoor,Hard,2021-03-02,4.5,1.2,0
Coric B.,15,343,185,158,28,28,157,130,Van De Zandschulp B.,44,117,63,54,11,11,52,43,ABN AMRO World Tennis Tournament,Rotterdam,Indoor,Hard,2021-03-02,1.33,3.4,1
Sousa J.,147,436,189,247,42,44,147,203,Nagal S.,503,17,3,14,0,1,3,13,Argentina Open,Buenos Aires,Outdoor,Clay,2021-03-02,3.0,1.4,0
Delbonis F.,131,340,152,188,19,23,133,165,Cerundolo J.M.,106,29,12,17,2,3,10,14,Argentina Open,Buenos Aires,Outdoor,Clay,2021-03-02,1.57,2.37,1
Tiafoe F.,10,303,158,145,24,23,134,122,Bagnis F.,135,121,39,82,9,8,30,74,Argentina Open,Buenos Aires,Outdoor,Clay,2021-03-02,1.8,2.0,1
Rune H.,6,131,83,48,28,9,55,39,Ramos-Vinolas A.,82,437,204,233,17,31,187,202,Argentina Open,Buenos Aires,Outdoor,Clay,2021-03-02,3.0,1.4,0
Cerundolo F.,21,104,58,46,3,7,55,39,Coria F.,108,99,43,56,2,6,41,50,Argentina Open,Buenos Aires,Outdoor,Clay,2021-03-02,1.61,2.3,1
Munar J.,104,178,75,103,7,12,68,91,Diaz Acosta F.,137,5,1,4,0,0,1,4,Argentina Open,Buenos Aires,Outdoor,Clay,2021-03-02,1.12,6.0,1
Caruso S.,146,63,19,44,5,9,14,35,Mager G.,67,59,24,35,3,7,21,28,Argentina Open,Buenos Aires,Outdoor,Clay,2021-03-02,1.8,2.0,0
Sonego L.,43,221,107,114,19,17,88,97,Paul T.,14,204,111,93,19,13,92,80,ABN AMRO World Tennis Tournament,Rotterdam,Indoor,Hard,2021-03-03,1.57,2.37,0
Bublik A.,25,219,110,109,39,30,71,79,Zverev A.,19,500,346,154,60,31,286,123,ABN AMRO World Tennis Tournament,Rotterdam,Indoor,Hard,2021-03-03,5.0,1.16,1
Davidovich Fokina A.,39,168,84,84,17,20,67,64,Bautista Agut R.,25,379,234,145,31,29,203,116,ABN AMRO World Tennis Tournament,Rotterdam,Indoor,Hard,2021-03-03,3.2,1.36,1
Nishikori K.,439,617,408,209,70,33,338,176,De Minaur A.,19,272,161,111,30,19,131,92,ABN AMRO World Tennis Tournament,Rotterdam,Indoor,Hard,2021-03-03,3.4,1.33,1
Rublev A.,7,392,255,137,57,34,198,103,Murray A.,44,932,687,245,132,47,555,198,ABN AMRO World Tennis Tournament,Rotterdam,Indoor,Hard,2021-03-03,1.12,6.0,1
Goffin D.,123,522,296,226,66,52,230,174,Struff J.L.,21,369,170,199,43,42,127,157,ABN AMRO World Tennis Tournament,Rotterdam,Indoor,Hard,2021-03-03,1.57,2.37,1
Medvedev D.,3,406,289,117,69,27,220,90,Lajovic D.,66,378,163,215,21,36,142,179,ABN AMRO World Tennis Tournament,Rotterdam,Indoor,Hard,2021-03-03,1.08,8.0,0
Khachanov K.,11,378,217,161,44,38,173,123,Norrie C.,13,287,172,115,15,18,157,97,ABN AMRO World Tennis Tournament,Rotterdam,Indoor,Hard,2021-03-03,1.53,2.5,1
Ramos-Vinolas A.,82,437,204,233,17,31,187,202,Koepfer D.,84,86,38,48,3,3,35,45,Argentina Open,Buenos Aires,Outdoor,Clay,2021-03-03,2.1,1.72,1
Monteiro T.,121,171,69,102,9,11,60,91,Kecmanovic M.,40,210,107,103,12,16,95,87,Argentina Open,Buenos Aires,Outdoor,Clay,2021-03-03,1.53,2.5,0
Delbonis F.,131,340,152,188,19,23,133,165,Djere L.,38,243,120,123,10,22,110,101,Argentina Open,Buenos Aires,Outdoor,Clay,2021-03-03,2.2,1.66,0
Nagal S.,503,17,3,14,0,1,3,13,Garin C.,101,190,103,87,15,13,88,74,Argentina Open,Buenos Aires,Outdoor,Clay,2021-03-03,2.75,1.44,1
Coric B.,15,343,185,158,28,28,157,130,Lajovic D.,66,378,163,215,21,36,142,179,ABN AMRO World Tennis Tournament,Rotterdam,Indoor,Hard,2021-03-04,1.53,2.5,1
Klein L.,142,7,2,5,0,1,2,4,Schwartzman D.,95,428,233,195,32,27,201,168,Argentina Open,Buenos Aires,Outdoor,Clay,2021-03-04,5.0,1.16,0
Tiafoe F.,10,303,158,145,24,23,134,122,Munar J.,104,178,75,103,7,12,68,91,Argentina Open,Buenos Aires,Outdoor,Clay,2021-03-04,1.9,1.9,0
Cerundolo F.,21,104,58,46,3,7,55,39,Paire B.,149,527,237,290,39,56,198,234,Argentina Open,Buenos Aires,Outdoor,Clay,2021-03-04,1.33,3.4,1
Andujar P.,323,404,164,240,12,30,152,210,Mager G.,67,59,24,35,3,7,21,28,Argentina Open,Buenos Aires,Outdoor,Clay,2021-03-04,1.53,2.5,1
Davidovich Fokina A.,39,168,84,84,17,20,67,64,Fucsovics M.,67,249,121,128,26,24,95,104,ABN AMRO World Tennis Tournament,Rotterdam,Indoor,Hard,2021-03-04,2.3,1.61,0
Hurkacz H.,17,238,137,101,27,24,110,77,Tsitsipas S.,5,390,264,126,49,32,215,94,ABN AMRO World Tennis Tournament,Rotterdam,Indoor,Hard,2021-03-04,4.5,1.2,0
Bublik A.,25,219,110,109,39,30,71,79,Paul T.,14,204,111,93,19,13,92,80,ABN AMRO World Tennis Tournament,Rotterdam,Indoor,Hard,2021-03-04,1.8,2.0,0
Goffin D.,123,522,296,226,66,52,230,174,Chardy J.,542,591,289,302,44,48,245,254,ABN AMRO World Tennis Tournament,Rotterdam,Indoor,Hard,2021-03-04,1.25,4.0,0
Cerundolo F.,21,104,58,46,3,7,55,39,Andujar P.,323,404,164,240,12,30,152,210,Argentina Open,Buenos Aires,Outdoor,Clay,2021-03-05,1.8,2.0,1
Nishikori K.,439,617,408,209,70,33,338,176,Coric B.,15,343,185,158,28,28,157,130,ABN AMRO World Tennis Tournament,Rotterdam,Indoor,Hard,2021-03-05,2.2,1.66,0
Fucsovics M.,67,249,121,128,26,24,95,104,Paul T.,14,204,111,93,19,13,92,80,ABN AMRO World Tennis Tournament,Rotterdam,Indoor,Hard,2021-03-05,1.5,2.62,1
Kecmanovic M.,40,210,107,103,12,16,95,87,Djere L.,38,243,120,123,10,22,110,101,Argentina Open,Buenos Aires,Outdoor,Clay,2021-03-05,2.2,1.66,1
Munar J.,104,178,75,103,7,12,68,91,Schwartzman D.,95,428,233,195,32,27,201,168,Argentina Open,Buenos Aires,Outdoor,Clay,2021-03-05,3.4,1.33,0
Nagal S.,503,17,3,14,0,1,3,13,Ramos-Vinolas A.,82,437,204,233,17,31,187,202,Argentina Open,Buenos Aires,Outdoor,Clay,2021-03-05,2.3,1.61,0
Chardy J.,542,591,289,302,44,48,245,254,Rublev A.,7,392,255,137,57,34,198,103,ABN AMRO World Tennis Tournament,Rotterdam,Indoor,Hard,2021-03-05,6.0,1.12,0
Tsitsipas S.,5,390,264,126,49,32,215,94,Khachanov K.,11,378,217,161,44,38,173,123,ABN AMRO World Tennis Tournament,Rotterdam,Indoor,Hard,2021-03-05,1.36,3.2,1
Schwartzman D.,95,428,233,195,32,27,201,168,Kecmanovic M.,40,210,107,103,12,16,95,87,Argentina Open,Buenos Aires,Outdoor,Clay,2021-03-06,1.25,4.0,1
Tsitsipas S.,5,390,264,126,49,32,215,94,Rublev A.,7,392,255,137,57,34,198,103,ABN AMRO World Tennis Tournament,Rotterdam,Indoor,Hard,2021-03-06,1.8,2.0,0
Cerundolo F.,21,104,58,46,3,7,55,39,Ramos-Vinolas A.,82,437,204,233,17,31,187,202,Argentina Open,Buenos Aires,Outdoor,Clay,2021-03-06,1.61,2.3,1
Fucsovics M.,67,249,121,128,26,24,95,104,Coric B.,15,343,185,158,28,28,157,130,ABN AMRO World Tennis Tournament,Rotterdam,Indoor,Hard,2021-03-06,2.2,1.66,1
Schwartzman D.,95,428,233,195,32,27,201,168,Cerundolo F.,21,104,58,46,3,7,55,39,Argentina Open,Buenos Aires,Outdoor,Clay,2021-03-07,1.2,4.5,1
Fucsovics M.,67,249,121,128,26,24,95,104,Rublev A.,7,392,255,137,57,34,198,103,ABN AMRO World Tennis Tournament,Rotterdam,Indoor,Hard,2021-03-07,4.0,1.25,0
Millman J.,140,256,113,143,21,22,92,121,Basilashvili N.,118,301,138,163,26,34,112,129,Qatar Exxon Mobil Open,Doha,Outdoor,Hard,2021-03-08,1.25,4.0,0
Novak D.,166,58,15,43,6,16,9,27,Gaston H.,109,58,24,34,5,9,19,25,Open 13,Marseille,Indoor,Hard,2021-03-08,1.57,2.37,0
Barrere G.,59,79,31,48,11,16,20,32,Sinner J.,8,224,153,71,42,19,111,52,Open 13,Marseille,Indoor,Hard,2021-03-08,5.0,1.16,0
Bagnis F.,135,121,39,82,9,8,30,74,Cecchinato M.,108,204,79,125,2,14,77,111,Chile Open,Santiago,Indoor,Clay,2021-03-08,2.2,1.66,1
Altmaier D.,51,79,28,51,1,5,27,46,Galan D.E.,76,78,33,45,3,5,30,40,Chile Open,Santiago,Indoor,Clay,2021-03-08,1.8,2.0,0
Carballes Baena R.,64,207,91,116,11,10,80,106,Caruso S.,146,63,19,44,5,9,14,35,Chile Open,Santiago,Indoor,Clay,2021-03-08,1.9,1.9,1
Jarry N.,28,141,73,68,9,6,64,62,Tiafoe F.,10,303,158,145,24,23,134,122,Chile Open,Santiago,Indoor,Clay,2021-03-08,2.37,1.57,0
Sousa P.,475,36,9,27,1,3,8,24,Mayer L.,146,358,165,193,13,24,152,169,Chile Open,Santiago,Indoor,Clay,2021-03-08,1.9,1.9,1
Nishioka Y.,31,215,99,116,15,15,84,101,Ruusuvuori E.,55,158,79,79,16,18,63,61,Open 13,Marseille,Indoor,Hard,2021-03-08,1.9,1.9,0
Bautista Agut R.,25,379,234,145,31,29,203,116,Opelka R.,17,168,88,80,17,10,71,70,Qatar Exxon Mobil Open,Doha,Outdoor,Hard,2021-03-08,1.53,2.5,1
Gasquet R.,48,948,581,367,133,82,448,285,Rola B.,163,27,9,18,1,2,8,16,Qatar Exxon Mobil Open,Doha,Outdoor,Hard,2021-03-08,1.53,2.5,1
Fritz T.,9,356,205,151,26,22,179,129,Sonego L.,43,221,107,114,19,17,88,97,Qatar Exxon Mobil Open,Doha,Outdoor,Hard,2021-03-08,1.66,2.2,1
Karatsev A.,75,136,66,70,10,22,56,48,Zayid M.,0,1,0,1,0,0,0,1,Qatar Exxon Mobil Open,Doha,Outdoor,Hard,2021-03-08,1.0,51.0,1
Ramanathan R.,435,40,14,26,0,4,14,22,Bublik A.,25,219,110,109,39,30,71,79,Qatar Exxon Mobil Open,Doha,Outdoor,Hard,2021-03-08,3.5,1.3,0
Ebden M.,432,203,75,128,13,18,62,110,Bonzi B.,107,83,37,46,10,13,27,33,Open 13,Marseille,Indoor,Hard,2021-03-09,2.62,1.5,1
Travaglia S.,1024,81,27,54,5,12,22,42,Mcdonald M.,60,190,87,103,11,15,76,88,Open 13,Marseille,Indoor,Hard,2021-03-09,2.62,1.5,0
Kukushkin M.,221,352,141,211,50,49,91,162,Rinderknech A.,67,96,46,50,16,12,30,38,Open 13,Marseille,Indoor,Hard,2021-03-09,2.5,1.53,0
Nishikori K.,439,617,408,209,70,33,338,176,Herbert P.H.,157,202,89,113,31,38,58,75,Open 13,Marseille,Indoor,Hard,2021-03-09,1.4,3.0,0
Munar J.,104,178,75,103,7,12,68,91,Delbonis F.,131,340,152,188,19,23,133,165,Chile Open,Santiago,Indoor,Clay,2021-03-09,1.57,2.37,0
Coria F.,108,99,43,56,2,6,41,50,Mager G.,67,59,24,35,3,7,21,28,Chile Open,Santiago,Indoor,Clay,2021-03-09,2.1,1.72,1
Molcan A.,120,86,45,41,1,6,44,35,Pouille L.,675,259,134,125,35,26,99,99,Open 13,Marseille,Indoor,Hard,2021-03-09,2.75,1.44,0
Cerundolo J.M.,106,29,12,17,2,3,10,14,Lama G.,410,4,0,4,0,2,0,2,Chile Open,Santiago,Indoor,Clay,2021-03-09,1.22,4.33,1
Martin A.,723,258,107,151,6,13,101,138,Cerundolo F.,21,104,58,46,3,7,55,39,Chile Open,Santiago,Indoor,Clay,2021-03-09,2.0,1.8,1
Kovalik J.,172,68,24,44,5,8,19,36,Tabilo A.,122,44,21,23,5,4,16,19,Chile Open,Santiago,Indoor,Clay,2021-03-09,2.1,1.72,0
Tsonga J.W.,297,672,444,228,139,62,305,166,Lopez F.,634,863,441,422,71,82,370,340,Open 13,Marseille,Indoor,Hard,2021-03-09,2.0,1.8,1
Davidovich Fokina A.,39,168,84,84,17,20,67,64,Tsitsipas P.,970,1,0,1,0,1,0,0,Open 13,Marseille,Indoor,Hard,2021-03-09,1.01,23.0,1
Baez S.,72,95,47,48,6,6,41,42,Rune H.,6,131,83,48,28,9,55,39,Chile Open,Santiago,Indoor,Clay,2021-03-09,1.36,3.2,0
Chardy J.,542,591,289,302,44,48,245,254,Evans D.,30,251,124,127,18,16,106,111,Qatar Exxon Mobil Open,Doha,Outdoor,Hard,2021-03-09,2.1,1.72,0
Pospisil V.,99,280,122,158,39,34,83,124,O Connell C.,74,65,26,39,0,0,26,39,Qatar Exxon Mobil Open,Doha,Outdoor,Hard,2021-03-09,1.5,2.62,1
Jaziri M.,444,217,83,134,8,20,75,114,Gombos N.,114,66,21,45,6,14,15,31,Qatar Exxon Mobil Open,Doha,Outdoor,Hard,2021-03-09,4.0,1.25,1
Sousa J.,147,436,189,247,42,44,147,203,Varillas J. P.,1345,20,9,11,2,1,7,10,Chile Open,Santiago,Indoor,Clay,2021-03-09,3.5,1.3,0
Goffin D.,123,522,296,226,66,52,230,174,Krajinovic F.,93,240,115,125,38,34,77,91,Qatar Exxon Mobil Open,Doha,Outdoor,Hard,2021-03-09,1.66,2.2,1
Wawrinka S.,72,854,535,319,84,69,451,250,Harris L.,186,129,59,70,7,8,52,62,Qatar Exxon Mobil Open,Doha,Outdoor,Hard,2021-03-09,1.4,3.0,0
Lajovic D.,66,378,163,215,21,36,142,179,Fucsovics M.,67,249,121,128,26,24,95,104,Qatar Exxon Mobil Open,Doha,Outdoor,Hard,2021-03-09,2.3,1.61,0
Evans D.,30,251,124,127,18,16,106,111,Federer R.,8,1143,981,162,167,29,814,133,Qatar Exxon Mobil Open,Doha,Outdoor,Hard,2021-03-10,2.62,1.5,0
Tiafoe F.,10,303,158,145,24,23,134,122,Bagnis F.,135,121,39,82,9,8,30,74,Chile Open,Santiago,Indoor,Clay,2021-03-10,1.5,2.62,0
Delbonis F.,131,340,152,188,19,23,133,165,Martin A.,723,258,107,151,6,13,101,138,Chile Open,Santiago,Indoor,Clay,2021-03-10,1.57,2.37,1
Rune H.,6,131,83,48,28,9,55,39,Paire B.,149,527,237,290,39,56,198,234,Chile Open,Santiago,Indoor,Clay,2021-03-10,1.57,2.37,1
Shapovalov D.,29,298,166,132,30,27,136,105,Pospisil V.,99,280,122,158,39,34,83,124,Qatar Exxon Mobil Open,Doha,Outdoor,Hard,2021-03-10,1.44,2.75,1
Gasquet R.,48,948,581,367,133,82,448,285,Rublev A.,7,392,255,137,57,34,198,103,Qatar Exxon Mobil Open,Doha,Outdoor,Hard,2021-03-10,7.0,1.1,0
Humbert U.,36,170,80,90,23,21,57,69,Tsonga J.W.,297,672,444,228,139,62,305,166,Open 13,Marseille,Indoor,Hard,2021-03-10,1.3,3.5,1
Ebden M.,432,203,75,128,13,18,62,110,Ruusuvuori E.,55,158,79,79,16,18,63,61,Open 13,Marseille,Indoor,Hard,2021-03-10,3.0,1.4,1
Khachanov K.,11,378,217,161,44,38,173,123,Mcdonald M.,60,190,87,103,11,15,76,88,Open 13,Marseille,Indoor,Hard,2021-03-10,1.44,2.75,1
Sousa P.,475,36,9,27,1,3,8,24,Djere L.,38,243,120,123,10,22,110,101,Chile Open,Santiago,Indoor,Clay,2021-03-10,3.2,1.36,0
Norrie C.,13,287,172,115,15,18,157,97,Lestienne C.,109,40,13,27,6,9,7,18,Open 13,Marseille,Indoor,Hard,2021-03-10,1.3,3.5,1
Hanfmann Y.,50,99,50,49,5,4,45,45,Gerasimov E.,150,93,43,50,19,19,24,31,Open 13,Marseille,Indoor,Hard,2021-03-10,3.0,1.4,0
Bautista Agut R.,25,379,234,145,31,29,203,116,Bublik A.,25,219,110,109,39,30,71,79,Qatar Exxon Mobil Open,Doha,Outdoor,Hard,2021-03-10,1.33,3.4,1
Goffin D.,123,522,296,226,66,52,230,174,Fritz T.,9,356,205,151,26,22,179,129,Qatar Exxon Mobil Open,Doha,Outdoor,Hard,2021-03-10,1.44,2.75,0
Basilashvili N.,118,301,138,163,26,34,112,129,Jaziri M.,444,217,83,134,8,20,75,114,Qatar Exxon Mobil Open,Doha,Outdoor,Hard,2021-03-10,1.4,3.0,1
Harris L.,186,129,59,70,7,8,52,62,Fucsovics M.,67,249,121,128,26,24,95,104,Qatar Exxon Mobil Open,Doha,Outdoor,Hard,2021-03-10,2.2,1.66,0
Gaston H.,109,58,24,34,5,9,19,25,Sinner J.,8,224,153,71,42,19,111,52,Open 13,Marseille,Indoor,Hard,2021-03-10,5.0,1.16,0
Thiem D.,116,517,327,190,53,39,274,151,Karatsev A.,75,136,66,70,10,22,56,48,Qatar Exxon Mobil Open,Doha,Outdoor,Hard,2021-03-10,1.36,3.2,1
Garin C.,101,190,103,87,15,13,88,74,Tabilo A.,122,44,21,23,5,4,16,19,Chile Open,Santiago,Indoor,Clay,2021-03-11,1.5,2.62,1
Varillas J. P.,1345,20,9,11,2,1,7,10,Coria F.,108,99,43,56,2,6,41,50,Chile Open,Santiago,Indoor,Clay,2021-03-11,2.2,1.66,1
Tsitsipas S.,5,390,264,126,49,32,215,94,Pouille L.,675,259,134,125,35,26,99,99,Open 13,Marseille,Indoor,Hard,2021-03-11,1.1,7.0,1
Cerundolo J.M.,106,29,12,17,2,3,10,14,Carballes Baena R.,64,207,91,116,11,10,80,106,Chile Open,Santiago,Indoor,Clay,2021-03-11,2.1,1.72,0
Rinderknech A.,67,96,46,50,16,12,30,38,Davidovich Fokina A.,39,168,84,84,17,20,67,64,Open 13,Marseille,Indoor,Hard,2021-03-11,3.0,1.4,1
Herbert P.H.,157,202,89,113,31,38,58,75,Norrie C.,13,287,172,115,15,18,157,97,Open 13,Marseille,Indoor,Hard,2021-03-11,1.8,2.0,1
Shapovalov D.,29,298,166,132,30,27,136,105,Fritz T.,9,356,205,151,26,22,179,129,Qatar Exxon Mobil Open,Doha,Outdoor,Hard,2021-03-11,1.5,2.62,0
Rublev A.,7,392,255,137,57,34,198,103,Fucsovics M.,67,249,121,128,26,24,95,104,Qatar Exxon Mobil Open,Doha,Outdoor,Hard,2021-03-11,1.2,4.5,1
Basilashvili N.,118,301,138,163,26,34,112,129,Federer R.,8,1143,981,162,167,29,814,133,Qatar Exxon Mobil Open,Doha,Outdoor,Hard,2021-03-11,5.5,1.14,1
Bautista Agut R.,25,379,234,145,31,29,203,116,Thiem D.,116,517,327,190,53,39,274,151,Qatar Exxon Mobil Open,Doha,Outdoor,Hard,2021-03-11,2.75,1.44,1
Galan D.E.,76,78,33,45,3,5,30,40,Andujar P.,323,404,164,240,12,30,152,210,Chile Open,Santiago,Indoor,Clay,2021-03-11,2.37,1.57,1
Gerasimov E.,150,93,43,50,19,19,24,31,Medvedev D.,3,406,289,117,69,27,220,90,Open 13,Marseille,Indoor,Hard,2021-03-11,5.5,1.14,0
Bautista Agut R.,25,379,234,145,31,29,203,116,Rublev A.,7,392,255,137,57,34,198,103,Qatar Exxon Mobil Open,Doha,Outdoor,Hard,2021-03-12,3.2,1.36,1
Carballes Baena R.,64,207,91,116,11,10,80,106,Galan D.E.,76,78,33,45,3,5,30,40,Chile Open,Santiago,Indoor,Clay,2021-03-12,1.72,2.1,0
Humbert U.,36,170,80,90,23,21,57,69,Rinderknech A.,67,96,46,50,16,12,30,38,Open 13,Marseille,Indoor,Hard,2021-03-12,1.33,3.4,1
Tsitsipas S.,5,390,264,126,49,32,215,94,Herbert P.H.,157,202,89,113,31,38,58,75,Open 13,Marseille,Indoor,Hard,2021-03-12,1.16,5.0,0
Sinner J.,8,224,153,71,42,19,111,52,Medvedev D.,3,406,289,117,69,27,220,90,Open 13,Marseille,Indoor,Hard,2021-03-12,3.4,1.33,0
Khachanov K.,11,378,217,161,44,38,173,123,Ebden M.,432,203,75,128,13,18,62,110,Open 13,Marseille,Indoor,Hard,2021-03-12,1.14,5.5,0
Fritz T.,9,356,205,151,26,22,179,129,Basilashvili N.,118,301,138,163,26,34,112,129,Qatar Exxon Mobil Open,Doha,Outdoor,Hard,2021-03-12,1.4,3.0,0
Bagnis F.,135,121,39,82,9,8,30,74,Djere L.,38,243,120,123,10,22,110,101,Chile Open,Santiago,Indoor,Clay,2021-03-12,2.2,1.66,1
Garin C.,101,190,103,87,15,13,88,74,Varillas J. P.,1345,20,9,11,2,1,7,10,Chile Open,Santiago,Indoor,Clay,2021-03-12,1.36,3.2,1
Rune H.,6,131,83,48,28,9,55,39,Delbonis F.,131,340,152,188,19,23,133,165,Chile Open,Santiago,Indoor,Clay,2021-03-12,2.5,1.53,0
Bagnis F.,135,121,39,82,9,8,30,74,Delbonis F.,131,340,152,188,19,23,133,165,Chile Open,Santiago,Indoor,Clay,2021-03-13,2.1,1.72,1
Galan D.E.,76,78,33,45,3,5,30,40,Garin C.,101,190,103,87,15,13,88,74,Chile Open,Santiago,Indoor,Clay,2021-03-13,2.5,1.53,0
Bautista Agut R.,25,379,234,145,31,29,203,116,Basilashvili N.,118,301,138,163,26,34,112,129,Qatar Exxon Mobil Open,Doha,Outdoor,Hard,2021-03-13,1.25,4.0,0
Humbert U.,36,170,80,90,23,21,57,69,Herbert P.H.,157,202,89,113,31,38,58,75,Open 13,Marseille,Indoor,Hard,2021-03-13,1.61,2.3,0
Ebden M.,432,203,75,128,13,18,62,110,Medvedev D.,3,406,289,117,69,27,220,90,Open 13,Marseille,Indoor,Hard,2021-03-13,11.0,1.05,0
Novak D.,166,58,15,43,6,16,9,27,Popyrin A.,90,140,59,81,9,13,50,68,Dubai Tennis Championships,Dubai ,Outdoor,Hard,2021-03-14,2.75,1.44,0
Tsonga J.W.,297,672,444,228,139,62,305,166,Jaziri M.,444,217,83,134,8,20,75,114,Dubai Tennis Championships,Dubai ,Outdoor,Hard,2021-03-14,1.28,3.75,0
Herbert P.H.,157,202,89,113,31,38,58,75,Medvedev D.,3,406,289,117,69,27,220,90,Open 13,Marseille,Indoor,Hard,2021-03-14,4.5,1.2,0
Karatsev A.,75,136,66,70,10,22,56,48,Gerasimov E.,150,93,43,50,19,19,24,31,Dubai Tennis Championships,Dubai ,Outdoor,Hard,2021-03-14,1.4,3.0,1
Ramos-Vinolas A.,82,437,204,233,17,31,187,202,Chardy J.,542,591,289,302,44,48,245,254,Dubai Tennis Championships,Dubai ,Outdoor,Hard,2021-03-14,3.2,1.36,0
Opelka R.,17,168,88,80,17,10,71,70,Nishikori K.,439,617,408,209,70,33,338,176,Dubai Tennis Championships,Dubai ,Outdoor,Hard,2021-03-14,1.72,2.1,0
Nishioka Y.,31,215,99,116,15,15,84,101,Bublik A.,25,219,110,109,39,30,71,79,Dubai Tennis Championships,Dubai ,Outdoor,Hard,2021-03-14,2.75,1.44,0
Garin C.,101,190,103,87,15,13,88,74,Bagnis F.,135,121,39,82,9,8,30,74,Chile Open,Santiago,Indoor,Clay,2021-03-14,1.5,2.62,1
Albot R.,97,215,86,129,26,26,60,103,Davidovich Fokina A.,39,168,84,84,17,20,67,64,Dubai Tennis Championships,Dubai ,Outdoor,Hard,2021-03-15,2.75,1.44,0
Struff J.L.,21,369,170,199,43,42,127,157,Kukushkin M.,221,352,141,211,50,49,91,162,Dubai Tennis Championships,Dubai ,Outdoor,Hard,2021-03-15,1.5,2.62,1
Millman J.,140,256,113,143,21,22,92,121,Zapata Miralles B.,54,80,32,48,1,6,31,42,Dubai Tennis Championships,Dubai ,Outdoor,Hard,2021-03-15,1.72,2.1,0
Bhambri Y.,862,40,14,26,2,5,12,21,Bedene A.,347,291,131,160,18,23,113,137,Dubai Tennis Championships,Dubai ,Outdoor,Hard,2021-03-15,3.0,1.4,0
Harris L.,186,129,59,70,7,8,52,62,O Connell C.,74,65,26,39,0,0,26,39,Dubai Tennis Championships,Dubai ,Outdoor,Hard,2021-03-15,1.36,3.2,1
Cecchinato M.,108,204,79,125,2,14,77,111,Gasquet R.,48,948,581,367,133,82,448,285,Dubai Tennis Championships,Dubai ,Outdoor,Hard,2021-03-15,3.0,1.4,0
Thompson J.,71,221,96,125,10,10,86,115,Ruusuvuori E.,55,158,79,79,16,18,63,61,Dubai Tennis Championships,Dubai ,Outdoor,Hard,2021-03-15,3.0,1.4,0
Fucsovics M.,67,249,121,128,26,24,95,104,Pospisil V.,99,280,122,158,39,34,83,124,Dubai Tennis Championships,Dubai ,Outdoor,Hard,2021-03-15,1.61,2.3,1
De Minaur A.,19,272,161,111,30,19,131,92,Chardy J.,542,591,289,302,44,48,245,254,Dubai Tennis Championships,Dubai ,Outdoor,Hard,2021-03-15,1.36,3.2,0
Djere L.,38,243,120,123,10,22,110,101,Johnson S.,197,395,196,199,16,23,180,176,Abierto Mexicano,Acapulco,Outdoor,Hard,2021-03-16,1.9,1.9,1
Zapata Miralles B.,54,80,32,48,1,6,31,42,Sonego L.,43,221,107,114,19,17,88,97,Dubai Tennis Championships,Dubai ,Outdoor,Hard,2021-03-16,2.5,1.53,0
Hurkacz H.,17,238,137,101,27,24,110,77,Gasquet R.,48,948,581,367,133,82,448,285,Dubai Tennis Championships,Dubai ,Outdoor,Hard,2021-03-16,1.53,2.5,1
Evans D.,30,251,124,127,18,16,106,111,Karatsev A.,75,136,66,70,10,22,56,48,Dubai Tennis Championships,Dubai ,Outdoor,Hard,2021-03-16,1.9,1.9,0
Shapovalov D.,29,298,166,132,30,27,136,105,Struff J.L.,21,369,170,199,43,42,127,157,Dubai Tennis Championships,Dubai ,Outdoor,Hard,2021-03-16,1.53,2.5,1
Popyrin A.,90,140,59,81,9,13,50,68,Khachanov K.,11,378,217,161,44,38,173,123,Dubai Tennis Championships,Dubai ,Outdoor,Hard,2021-03-16,2.37,1.57,0
Bublik A.,25,219,110,109,39,30,71,79,Sinner J.,8,224,153,71,42,19,111,52,Dubai Tennis Championships,Dubai ,Outdoor,Hard,2021-03-16,2.75,1.44,0
Lajovic D.,66,378,163,215,21,36,142,179,Jaziri M.,444,217,83,134,8,20,75,114,Dubai Tennis Championships,Dubai ,Outdoor,Hard,2021-03-16,1.22,4.33,1
Ruusuvuori E.,55,158,79,79,16,18,63,61,Rublev A.,7,392,255,137,57,34,198,103,Dubai Tennis Championships,Dubai ,Outdoor,Hard,2021-03-16,5.5,1.14,0
Bedene A.,347,291,131,160,18,23,113,137,Giustino L.,223,8,1,7,0,0,1,7,Dubai Tennis Championships,Dubai ,Outdoor,Hard,2021-03-16,1.16,5.0,1
Bautista Agut R.,25,379,234,145,31,29,203,116,Ebden M.,432,203,75,128,13,18,62,110,Dubai Tennis Championships,Dubai ,Outdoor,Hard,2021-03-16,1.14,5.5,1
Carreno Busta P.,16,352,214,138,33,25,181,113,Fucsovics M.,67,249,121,128,26,24,95,104,Dubai Tennis Championships,Dubai ,Outdoor,Hard,2021-03-16,2.0,1.8,0
Fritz T.,9,356,205,151,26,22,179,129,Basilashvili N.,118,301,138,163,26,34,112,129,Dubai Tennis Championships,Dubai ,Outdoor,Hard,2021-03-16,1.61,2.3,1
Goffin D.,123,522,296,226,66,52,230,174,Nishikori K.,439,617,408,209,70,33,338,176,Dubai Tennis Championships,Dubai ,Outdoor,Hard,2021-03-16,1.66,2.2,0
Davidovich Fokina A.,39,168,84,84,17,20,67,64,Krajinovic F.,93,240,115,125,38,34,77,91,Dubai Tennis Championships,Dubai ,Outdoor,Hard,2021-03-16,1.8,2.0,0
Thiem D.,116,517,327,190,53,39,274,151,Harris L.,186,129,59,70,7,8,52,62,Dubai Tennis Championships,Dubai ,Outdoor,Hard,2021-03-16,1.25,4.0,0
Koepfer D.,84,86,38,48,3,3,35,45,Lopez Villasenor G.,654,4,0,4,0,0,0,4,Abierto Mexicano,Acapulco,Outdoor,Hard,2021-03-16,1.16,5.0,1
Auger-Aliassime F.,12,268,163,105,48,22,115,83,Sandgren T.,153,121,47,74,2,9,45,65,Abierto Mexicano,Acapulco,Outdoor,Hard,2021-03-16,1.25,4.0,1
Cilic M.,100,853,543,310,119,65,424,245,Korda S.,26,126,75,51,15,9,60,42,Abierto Mexicano,Acapulco,Outdoor,Hard,2021-03-16,2.1,1.72,0
Alcaraz C.,1,164,130,34,10,5,120,29,Zverev A.,19,500,346,154,60,31,286,123,Abierto Mexicano,Acapulco,Outdoor,Hard,2021-03-16,5.5,1.14,0
Caruso S.,146,63,19,44,5,9,14,35,Isner J.,114,755,465,290,53,45,412,245,Abierto Mexicano,Acapulco,Outdoor,Hard,2021-03-16,2.62,1.5,0
Norrie C.,13,287,172,115,15,18,157,97,Kozlov S.,108,35,9,26,0,2,9,24,Abierto Mexicano,Acapulco,Outdoor,Hard,2021-03-17,1.16,5.0,1
Tsitsipas S.,5,390,264,126,49,32,215,94,Paire B.,149,527,237,290,39,56,198,234,Abierto Mexicano,Acapulco,Outdoor,Hard,2021-03-17,1.06,10.0,1
Fognini F.,128,742,383,359,39,48,344,311,Travaglia S.,1024,81,27,54,5,12,22,42,Abierto Mexicano,Acapulco,Outdoor,Hard,2021-03-17,1.72,2.1,1
Griekspoor T.,37,97,47,50,7,14,40,36,Kudla D.,137,198,70,128,5,14,65,114,Abierto Mexicano,Acapulco,Outdoor,Hard,2021-03-17,1.61,2.3,1
Tiafoe F.,10,303,158,145,24,23,134,122,Nakashima B.,70,106,57,49,6,5,51,44,Abierto Mexicano,Acapulco,Outdoor,Hard,2021-03-17,1.9,1.9,1
Musetti L.,18,143,79,64,12,12,67,52,Schwartzman D.,95,428,233,195,32,27,201,168,Abierto Mexicano,Acapulco,Outdoor,Hard,2021-03-17,4.0,1.25,1
Raonic M.,849,540,361,179,64,34,297,145,Paul T.,14,204,111,93,19,13,92,80,Abierto Mexicano,Acapulco,Outdoor,Hard,2021-03-17,1.3,3.5,1
Shapovalov D.,29,298,166,132,30,27,136,105,Hurkacz H.,17,238,137,101,27,24,110,77,Dubai Tennis Championships,Dubai ,Outdoor,Hard,2021-03-17,1.53,2.5,1
Sinner J.,8,224,153,71,42,19,111,52,Bautista Agut R.,25,379,234,145,31,29,203,116,Dubai Tennis Championships,Dubai ,Outdoor,Hard,2021-03-17,2.1,1.72,1
Sonego L.,43,221,107,114,19,17,88,97,Karatsev A.,75,136,66,70,10,22,56,48,Dubai Tennis Championships,Dubai ,Outdoor,Hard,2021-03-17,2.37,1.57,0
Nishikori K.,439,617,408,209,70,33,338,176,Bedene A.,347,291,131,160,18,23,113,137,Dubai Tennis Championships,Dubai ,Outdoor,Hard,2021-03-17,1.44,2.75,1
Fucsovics M.,67,249,121,128,26,24,95,104,Lajovic D.,66,378,163,215,21,36,142,179,Dubai Tennis Championships,Dubai ,Outdoor,Hard,2021-03-17,1.5,2.62,1
Fritz T.,9,356,205,151,26,22,179,129,Rublev A.,7,392,255,137,57,34,198,103,Dubai Tennis Championships,Dubai ,Outdoor,Hard,2021-03-17,4.0,1.25,0
Harris L.,186,129,59,70,7,8,52,62,Krajinovic F.,93,240,115,125,38,34,77,91,Dubai Tennis Championships,Dubai ,Outdoor,Hard,2021-03-17,2.0,1.8,1
Chardy J.,542,591,289,302,44,48,245,254,Khachanov K.,11,378,217,161,44,38,173,123,Dubai Tennis Championships,Dubai ,Outdoor,Hard,2021-03-17,2.37,1.57,1
Dimitrov G.,20,651,389,262,79,50,310,212,Mannarino A.,27,567,264,303,60,73,204,230,Abierto Mexicano,Acapulco,Outdoor,Hard,2021-03-17,1.44,2.75,1
Lopez F.,634,863,441,422,71,82,370,340,Kecmanovic M.,40,210,107,103,12,16,95,87,Abierto Mexicano,Acapulco,Outdoor,Hard,2021-03-17,3.0,1.4,0
Ruud C.,4,275,176,99,19,16,157,83,Galan D.E.,76,78,33,45,3,5,30,40,Abierto Mexicano,Acapulco,Outdoor,Hard,2021-03-17,1.25,4.0,1
Tiafoe F.,10,303,158,145,24,23,134,122,Musetti L.,18,143,79,64,12,12,67,52,Abierto Mexicano,Acapulco,Outdoor,Hard,2021-03-18,1.57,2.37,0
Sinner J.,8,224,153,71,42,19,111,52,Karatsev A.,75,136,66,70,10,22,56,48,Dubai Tennis Championships,Dubai ,Outdoor,Hard,2021-03-18,1.5,2.62,0
Shapovalov D.,29,298,166,132,30,27,136,105,Chardy J.,542,591,289,302,44,48,245,254,Dubai Tennis Championships,Dubai ,Outdoor,Hard,2021-03-18,1.3,3.5,1
Harris L.,186,129,59,70,7,8,52,62,Nishikori K.,439,617,408,209,70,33,338,176,Dubai Tennis Championships,Dubai ,Outdoor,Hard,2021-03-18,2.0,1.8,1
Isner J.,114,755,465,290,53,45,412,245,Tsitsipas S.,5,390,264,126,49,32,215,94,Abierto Mexicano,Acapulco,Outdoor,Hard,2021-03-18,4.33,1.22,0
Fucsovics M.,67,249,121,128,26,24,95,104,Rublev A.,7,392,255,137,57,34,198,103,Dubai Tennis Championships,Dubai ,Outdoor,Hard,2021-03-18,5.0,1.16,0
Djere L.,38,243,120,123,10,22,110,101,Zverev A.,19,500,346,154,60,31,286,123,Abierto Mexicano,Acapulco,Outdoor,Hard,2021-03-18,8.0,1.08,0
Griekspoor T.,37,97,47,50,7,14,40,36,Ruud C.,4,275,176,99,19,16,157,83,Abierto Mexicano,Acapulco,Outdoor,Hard,2021-03-18,3.2,1.36,0
Dimitrov G.,20,651,389,262,79,50,310,212,Kecmanovic M.,40,210,107,103,12,16,95,87,Abierto Mexicano,Acapulco,Outdoor,Hard,2021-03-18,1.5,2.62,1
Korda S.,26,126,75,51,15,9,60,42,Auger-Aliassime F.,12,268,163,105,48,22,115,83,Abierto Mexicano,Acapulco,Outdoor,Hard,2021-03-18,2.37,1.57,0
Raonic M.,849,540,361,179,64,34,297,145,Koepfer D.,84,86,38,48,3,3,35,45,Abierto Mexicano,Acapulco,Outdoor,Hard,2021-03-18,1.1,7.0,0
Fognini F.,128,742,383,359,39,48,344,311,Norrie C.,13,287,172,115,15,18,157,97,Abierto Mexicano,Acapulco,Outdoor,Hard,2021-03-18,1.66,2.2,0
Ruud C.,4,275,176,99,19,16,157,83,Zverev A.,19,500,346,154,60,31,286,123,Abierto Mexicano,Acapulco,Outdoor,Hard,2021-03-19,4.5,1.2,0
Auger-Aliassime F.,12,268,163,105,48,22,115,83,Tsitsipas S.,5,390,264,126,49,32,215,94,Abierto Mexicano,Acapulco,Outdoor,Hard,2021-03-19,3.2,1.36,0
Dimitrov G.,20,651,389,262,79,50,310,212,Musetti L.,18,143,79,64,12,12,67,52,Abierto Mexicano,Acapulco,Outdoor,Hard,2021-03-19,1.28,3.75,0
Rublev A.,7,392,255,137,57,34,198,103,Karatsev A.,75,136,66,70,10,22,56,48,Dubai Tennis Championships,Dubai ,Outdoor,Hard,2021-03-19,1.22,4.33,0
Shapovalov D.,29,298,166,132,30,27,136,105,Harris L.,186,129,59,70,7,8,52,62,Dubai Tennis Championships,Dubai ,Outdoor,Hard,2021-03-19,1.4,3.0,0
Koepfer D.,84,86,38,48,3,3,35,45,Norrie C.,13,287,172,115,15,18,157,97,Abierto Mexicano,Acapulco,Outdoor,Hard,2021-03-19,2.37,1.57,1
Harris L.,186,129,59,70,7,8,52,62,Karatsev A.,75,136,66,70,10,22,56,48,Dubai Tennis Championships,Dubai ,Outdoor,Hard,2021-03-20,2.62,1.5,0
Musetti L.,18,143,79,64,12,12,67,52,Tsitsipas S.,5,390,264,126,49,32,215,94,Abierto Mexicano,Acapulco,Outdoor,Hard,2021-03-20,5.0,1.16,0
Koepfer D.,84,86,38,48,3,3,35,45,Zverev A.,19,500,346,154,60,31,286,123,Abierto Mexicano,Acapulco,Outdoor,Hard,2021-03-20,5.5,1.14,0
Tsitsipas S.,5,390,264,126,49,32,215,94,Zverev A.,19,500,346,154,60,31,286,123,Abierto Mexicano,Acapulco,Outdoor,Hard,2021-03-21,1.44,2.75,0
Djere L.,38,243,120,123,10,22,110,101,Vesely J.,528,288,130,158,6,19,124,139,Miami Open,Miami,Outdoor,Hard,2021-03-24,2.37,1.57,1
Pospisil V.,99,280,122,158,39,34,83,124,Mcdonald M.,60,190,87,103,11,15,76,88,Miami Open,Miami,Outdoor,Hard,2021-03-24,2.0,1.8,0
Nava E.,242,13,2,11,0,0,2,11,Harris L.,186,129,59,70,7,8,52,62,Miami Open,Miami,Outdoor,Hard,2021-03-24,4.5,1.2,0
Zverev M.,280,333,134,199,40,45,94,154,Duckworth J.,123,143,55,88,10,9,45,79,Miami Open,Miami,Outdoor,Hard,2021-03-24,2.37,1.57,0
Hanfmann Y.,50,99,50,49,5,4,45,45,Johnson S.,197,395,196,199,16,23,180,176,Miami Open,Miami,Outdoor,Hard,2021-03-24,1.66,2.2,1
Lorenzi P.,171,284,104,180,19,26,85,154,Escobedo E.,377,57,20,37,2,2,18,35,Miami Open,Miami,Outdoor,Hard,2021-03-24,4.0,1.25,0
Berankis R.,212,249,104,145,36,31,68,114,Gaio F.,174,18,3,15,0,1,3,14,Miami Open,Miami,Outdoor,Hard,2021-03-24,1.61,2.3,1
Querrey S.,287,678,369,309,48,39,321,270,Lu Y.,625,11,1,10,0,0,1,10,Miami Open,Miami,Outdoor,Hard,2021-03-24,1.12,6.0,0
Paul T.,14,204,111,93,19,13,92,80,Giron M.,69,150,68,82,20,14,48,68,Miami Open,Miami,Outdoor,Hard,2021-03-24,1.61,2.3,0
Tabilo A.,122,44,21,23,5,4,16,19,Ymer M.,59,130,58,72,18,23,40,49,Miami Open,Miami,Outdoor,Hard,2021-03-24,2.2,1.66,0
Nishioka Y.,31,215,99,116,15,15,84,101,Norrie C.,13,287,172,115,15,18,157,97,Miami Open,Miami,Outdoor,Hard,2021-03-24,2.37,1.57,0
Sousa P.,475,36,9,27,1,3,8,24,Herbert P.H.,157,202,89,113,31,38,58,75,Miami Open,Miami,Outdoor,Hard,2021-03-24,5.0,1.16,0
Lopez F.,634,863,441,422,71,82,370,340,Popyrin A.,90,140,59,81,9,13,50,68,Miami Open,Miami,Outdoor,Hard,2021-03-24,3.2,1.36,0
Gaston H.,109,58,24,34,5,9,19,25,Koepfer D.,84,86,38,48,3,3,35,45,Miami Open,Miami,Outdoor,Hard,2021-03-24,3.0,1.4,1
Cilic M.,100,853,543,310,119,65,424,245,Coria F.,108,99,43,56,2,6,41,50,Miami Open,Miami,Outdoor,Hard,2021-03-25,1.2,4.5,1
Korda S.,26,126,75,51,15,9,60,42,Albot R.,97,215,86,129,26,26,60,103,Miami Open,Miami,Outdoor,Hard,2021-03-25,1.4,3.0,1
Sandgren T.,153,121,47,74,2,9,45,65,Martinez P.,135,118,50,68,7,6,43,62,Miami Open,Miami,Outdoor,Hard,2021-03-25,1.57,2.37,1
Seyboth Wild T.,117,28,12,16,7,3,5,13,Galan D.E.,76,78,33,45,3,5,30,40,Miami Open,Miami,Outdoor,Hard,2021-03-25,1.9,1.9,0
Musetti L.,18,143,79,64,12,12,67,52,Mmoh M.,112,55,20,35,0,3,20,32,Miami Open,Miami,Outdoor,Hard,2021-03-25,1.53,2.5,1
Dzumhur D.,202,234,107,127,31,29,76,98,Anderson K.,652,598,347,251,48,38,299,213,Miami Open,Miami,Outdoor,Hard,2021-03-25,3.2,1.36,1
Broady L.,125,47,18,29,5,3,13,26,Kecmanovic M.,40,210,107,103,12,16,95,87,Miami Open,Miami,Outdoor,Hard,2021-03-25,3.4,1.33,0
Uchiyama Y.,314,33,9,24,1,3,8,21,Caruso S.,146,63,19,44,5,9,14,35,Miami Open,Miami,Outdoor,Hard,2021-03-25,3.2,1.36,1
Kukushkin M.,221,352,141,211,50,49,91,162,Draper J.,55,51,29,22,2,3,27,19,Miami Open,Miami,Outdoor,Hard,2021-03-25,1.5,2.62,1
Kudla D.,137,198,70,128,5,14,65,114,Chardy J.,542,591,289,302,44,48,245,254,Miami Open,Miami,Outdoor,Hard,2021-03-25,3.5,1.3,1
Fratangelo B.,695,62,22,40,0,1,22,39,Verdasco F.,244,962,537,425,79,79,458,346,Miami Open,Miami,Outdoor,Hard,2021-03-25,1.36,3.2,1
Ivashka I.,113,159,78,81,19,18,59,63,Kwon S.W.,68,108,53,55,12,6,41,49,Miami Open,Miami,Outdoor,Hard,2021-03-25,2.5,1.53,1
Mochizuki S.,200,8,0,8,0,1,0,7,Kokkinakis T.,86,124,55,69,0,4,55,65,Miami Open,Miami,Outdoor,Hard,2021-03-25,7.0,1.1,0
Travaglia S.,1024,81,27,54,5,12,22,42,Tiafoe F.,10,303,158,145,24,23,134,122,Miami Open,Miami,Outdoor,Hard,2021-03-25,3.5,1.3,0
Alcaraz C.,1,164,130,34,10,5,120,29,Ruusuvuori E.,55,158,79,79,16,18,63,61,Miami Open,Miami,Outdoor,Hard,2021-03-25,2.37,1.57,0
Thompson J.,71,221,96,125,10,10,86,115,Delbonis F.,131,340,152,188,19,23,133,165,Miami Open,Miami,Outdoor,Hard,2021-03-25,1.61,2.3,1
Evans D.,30,251,124,127,18,16,106,111,Tiafoe F.,10,303,158,145,24,23,134,122,Miami Open,Miami,Outdoor,Hard,2021-03-26,1.72,2.1,0
Djere L.,38,243,120,123,10,22,110,101,Bublik A.,25,219,110,109,39,30,71,79,Miami Open,Miami,Outdoor,Hard,2021-03-26,2.5,1.53,0
Ruusuvuori E.,55,158,79,79,16,18,63,61,Zverev A.,19,500,346,154,60,31,286,123,Miami Open,Miami,Outdoor,Hard,2021-03-26,5.0,1.16,1
Bautista Agut R.,25,379,234,145,31,29,203,116,Harris L.,186,129,59,70,7,8,52,62,Miami Open,Miami,Outdoor,Hard,2021-03-26,1.36,3.2,1
Hanfmann Y.,50,99,50,49,5,4,45,45,Khachanov K.,11,378,217,161,44,38,173,123,Miami Open,Miami,Outdoor,Hard,2021-03-26,4.5,1.2,0
Medvedev D.,3,406,289,117,69,27,220,90,Lu Y.,625,11,1,10,0,0,1,10,Miami Open,Miami,Outdoor,Hard,2021-03-26,1.01,23.0,1
Auger-Aliassime F.,12,268,163,105,48,22,115,83,Herbert P.H.,157,202,89,113,31,38,58,75,Miami Open,Miami,Outdoor,Hard,2021-03-26,1.5,2.62,1
Ymer M.,59,130,58,72,18,23,40,49,Basilashvili N.,118,301,138,163,26,34,112,129,Miami Open,Miami,Outdoor,Hard,2021-03-26,2.37,1.57,1
Sinner J.,8,224,153,71,42,19,111,52,Gaston H.,109,58,24,34,5,9,19,25,Miami Open,Miami,Outdoor,Hard,2021-03-26,1.16,5.0,1
Dimitrov G.,20,651,389,262,79,50,310,212,Norrie C.,13,287,172,115,15,18,157,97,Miami Open,Miami,Outdoor,Hard,2021-03-26,1.5,2.62,0
Giron M.,69,150,68,82,20,14,48,68,Fritz T.,9,356,205,151,26,22,179,129,Miami Open,Miami,Outdoor,Hard,2021-03-26,2.62,1.5,0
Escobedo E.,377,57,20,37,2,2,18,35,Lajovic D.,66,378,163,215,21,36,142,179,Miami Open,Miami,Outdoor,Hard,2021-03-26,2.2,1.66,0
Duckworth J.,123,143,55,88,10,9,45,79,Goffin D.,123,522,296,226,66,52,230,174,Miami Open,Miami,Outdoor,Hard,2021-03-26,5.0,1.16,1
Opelka R.,17,168,88,80,17,10,71,70,Popyrin A.,90,140,59,81,9,13,50,68,Miami Open,Miami,Outdoor,Hard,2021-03-26,1.72,2.1,0
Bedene A.,347,291,131,160,18,23,113,137,Fabbiano T.,192,89,27,62,2,10,25,52,Miami Open,Miami,Outdoor,Hard,2021-03-26,1.28,3.75,1
O Connell C.,74,65,26,39,0,0,26,39,Sousa J.,147,436,189,247,42,44,147,203,Miami Open,Miami,Outdoor,Hard,2021-03-26,1.33,3.4,0
Struff J.L.,21,369,170,199,43,42,127,157,Berankis R.,212,249,104,145,36,31,68,114,Miami Open,Miami,Outdoor,Hard,2021-03-26,1.4,3.0,1
Sandgren T.,153,121,47,74,2,9,45,65,Rublev A.,7,392,255,137,57,34,198,103,Miami Open,Miami,Outdoor,Hard,2021-03-27,7.0,1.1,0
Ivashka I.,113,159,78,81,19,18,59,63,Shapovalov D.,29,298,166,132,30,27,136,105,Miami Open,Miami,Outdoor,Hard,2021-03-27,6.5,1.11,0
Kecmanovic M.,40,210,107,103,12,16,95,87,Mannarino A.,27,567,264,303,60,73,204,230,Miami Open,Miami,Outdoor,Hard,2021-03-27,1.8,2.0,0
Sousa J.,147,436,189,247,42,44,147,203,Humbert U.,36,170,80,90,23,21,57,69,Miami Open,Miami,Outdoor,Hard,2021-03-27,5.0,1.16,0
Kukushkin M.,221,352,141,211,50,49,91,162,Karatsev A.,75,136,66,70,10,22,56,48,Miami Open,Miami,Outdoor,Hard,2021-03-27,5.5,1.14,0
Garin C.,101,190,103,87,15,13,88,74,Cilic M.,100,853,543,310,119,65,424,245,Miami Open,Miami,Outdoor,Hard,2021-03-27,2.0,1.8,0
Galan D.E.,76,78,33,45,3,5,30,40,De Minaur A.,19,272,161,111,30,19,131,92,Miami Open,Miami,Outdoor,Hard,2021-03-27,6.0,1.12,1
Fucsovics M.,67,249,121,128,26,24,95,104,Kokkinakis T.,86,124,55,69,0,4,55,65,Miami Open,Miami,Outdoor,Hard,2021-03-27,1.66,2.2,1
Tsitsipas S.,5,390,264,126,49,32,215,94,Dzumhur D.,202,234,107,127,31,29,76,98,Miami Open,Miami,Outdoor,Hard,2021-03-27,1.08,8.0,1
Kudla D.,137,198,70,128,5,14,65,114,Hurkacz H.,17,238,137,101,27,24,110,77,Miami Open,Miami,Outdoor,Hard,2021-03-27,3.0,1.4,0
Thompson J.,71,221,96,125,10,10,86,115,Raonic M.,849,540,361,179,64,34,297,145,Miami Open,Miami,Outdoor,Hard,2021-03-27,5.0,1.16,0
Nishikori K.,439,617,408,209,70,33,338,176,Bedene A.,347,291,131,160,18,23,113,137,Miami Open,Miami,Outdoor,Hard,2021-03-27,1.4,3.0,1
Fratangelo B.,695,62,22,40,0,1,22,39,Sonego L.,43,221,107,114,19,17,88,97,Miami Open,Miami,Outdoor,Hard,2021-03-27,2.3,1.61,0
Mcdonald M.,60,190,87,103,11,15,76,88,Isner J.,114,755,465,290,53,45,412,245,Miami Open,Miami,Outdoor,Hard,2021-03-27,1.72,2.1,0
Paire B.,149,527,237,290,39,56,198,234,Musetti L.,18,143,79,64,12,12,67,52,Miami Open,Miami,Outdoor,Hard,2021-03-27,4.5,1.2,0
Popyrin A.,90,140,59,81,9,13,50,68,Medvedev D.,3,406,289,117,69,27,220,90,Miami Open,Miami,Outdoor,Hard,2021-03-28,6.5,1.11,0
Sinner J.,8,224,153,71,42,19,111,52,Khachanov K.,11,378,217,161,44,38,173,123,Miami Open,Miami,Outdoor,Hard,2021-03-28,1.57,2.37,1
Isner J.,114,755,465,290,53,45,412,245,Auger-Aliassime F.,12,268,163,105,48,22,115,83,Miami Open,Miami,Outdoor,Hard,2021-03-28,2.75,1.44,1
Ruusuvuori E.,55,158,79,79,16,18,63,61,Ymer M.,59,130,58,72,18,23,40,49,Miami Open,Miami,Outdoor,Hard,2021-03-28,1.5,2.62,1
Schwartzman D.,95,428,233,195,32,27,201,168,Uchiyama Y.,314,33,9,24,1,3,8,21,Miami Open,Miami,Outdoor,Hard,2021-03-28,1.14,5.5,1
Korda S.,26,126,75,51,15,9,60,42,Fognini F.,128,742,383,359,39,48,344,311,Miami Open,Miami,Outdoor,Hard,2021-03-28,1.53,2.5,1
Bautista Agut R.,25,379,234,145,31,29,203,116,Struff J.L.,21,369,170,199,43,42,127,157,Miami Open,Miami,Outdoor,Hard,2021-03-28,1.28,3.75,1
Fritz T.,9,356,205,151,26,22,179,129,Norrie C.,13,287,172,115,15,18,157,97,Miami Open,Miami,Outdoor,Hard,2021-03-29,1.61,2.3,1
Bublik A.,25,219,110,109,39,30,71,79,Duckworth J.,123,143,55,88,10,9,45,79,Miami Open,Miami,Outdoor,Hard,2021-03-29,1.4,3.0,1
Lajovic D.,66,378,163,215,21,36,142,179,Tiafoe F.,10,303,158,145,24,23,134,122,Miami Open,Miami,Outdoor,Hard,2021-03-29,2.5,1.53,0
Raonic M.,849,540,361,179,64,34,297,145,Humbert U.,36,170,80,90,23,21,57,69,Miami Open,Miami,Outdoor,Hard,2021-03-29,1.5,2.62,1
Cilic M.,100,853,543,310,119,65,424,245,Musetti L.,18,143,79,64,12,12,67,52,Miami Open,Miami,Outdoor,Hard,2021-03-29,2.2,1.66,1
Hurkacz H.,17,238,137,101,27,24,110,77,Shapovalov D.,29,298,166,132,30,27,136,105,Miami Open,Miami,Outdoor,Hard,2021-03-29,2.75,1.44,1
Rublev A.,7,392,255,137,57,34,198,103,Fucsovics M.,67,249,121,128,26,24,95,104,Miami Open,Miami,Outdoor,Hard,2021-03-29,1.14,5.5,1
Mannarino A.,27,567,264,303,60,73,204,230,Schwartzman D.,95,428,233,195,32,27,201,168,Miami Open,Miami,Outdoor,Hard,2021-03-29,3.4,1.33,0
Korda S.,26,126,75,51,15,9,60,42,Karatsev A.,75,136,66,70,10,22,56,48,Miami Open,Miami,Outdoor,Hard,2021-03-29,3.0,1.4,1
Galan D.E.,76,78,33,45,3,5,30,40,Sonego L.,43,221,107,114,19,17,88,97,Miami Open,Miami,Outdoor,Hard,2021-03-29,3.4,1.33,0
Korda S.,26,126,75,51,15,9,60,42,Schwartzman D.,95,428,233,195,32,27,201,168,Miami Open,Miami,Outdoor,Hard,2021-03-30,2.37,1.57,1
Tiafoe F.,10,303,158,145,24,23,134,122,Medvedev D.,3,406,289,117,69,27,220,90,Miami Open,Miami,Outdoor,Hard,2021-03-30,5.5,1.14,0
Raonic M.,849,540,361,179,64,34,297,145,Hurkacz H.,17,238,137,101,27,24,110,77,Miami Open,Miami,Outdoor,Hard,2021-03-30,1.36,3.2,0
Isner J.,114,755,465,290,53,45,412,245,Bautista Agut R.,25,379,234,145,31,29,203,116,Miami Open,Miami,Outdoor,Hard,2021-03-30,2.5,1.53,0
Ruusuvuori E.,55,158,79,79,16,18,63,61,Sinner J.,8,224,153,71,42,19,111,52,Miami Open,Miami,Outdoor,Hard,2021-03-30,2.75,1.44,0
Nishikori K.,439,617,408,209,70,33,338,176,Tsitsipas S.,5,390,264,126,49,32,215,94,Miami Open,Miami,Outdoor,Hard,2021-03-30,4.5,1.2,0
Bublik A.,25,219,110,109,39,30,71,79,Fritz T.,9,356,205,151,26,22,179,129,Miami Open,Miami,Outdoor,Hard,2021-03-30,2.3,1.61,1
Rublev A.,7,392,255,137,57,34,198,103,Cilic M.,100,853,543,310,119,65,424,245,Miami Open,Miami,Outdoor,Hard,2021-03-31,1.1,7.0,1
Sonego L.,43,221,107,114,19,17,88,97,Tsitsipas S.,5,390,264,126,49,32,215,94,Miami Open,Miami,Outdoor,Hard,2021-03-31,6.0,1.12,0
Bublik A.,25,219,110,109,39,30,71,79,Sinner J.,8,224,153,71,42,19,111,52,Miami Open,Miami,Outdoor,Hard,2021-03-31,3.2,1.36,0
Medvedev D.,3,406,289,117,69,27,220,90,Bautista Agut R.,25,379,234,145,31,29,203,116,Miami Open,Miami,Outdoor,Hard,2021-04-01,1.3,3.5,0
Hurkacz H.,17,238,137,101,27,24,110,77,Tsitsipas S.,5,390,264,126,49,32,215,94,Miami Open,Miami,Outdoor,Hard,2021-04-01,4.5,1.2,1
Korda S.,26,126,75,51,15,9,60,42,Rublev A.,7,392,255,137,57,34,198,103,Miami Open,Miami,Outdoor,Hard,2021-04-02,4.5,1.2,0
Sinner J.,8,224,153,71,42,19,111,52,Bautista Agut R.,25,379,234,145,31,29,203,116,Miami Open,Miami,Outdoor,Hard,2021-04-02,2.0,1.8,1
Rublev A.,7,392,255,137,57,34,198,103,Hurkacz H.,17,238,137,101,27,24,110,77,Miami Open,Miami,Outdoor,Hard,2021-04-03,1.22,4.33,0
Sinner J.,8,224,153,71,42,19,111,52,Hurkacz H.,17,238,137,101,27,24,110,77,Miami Open,Miami,Outdoor,Hard,2021-04-04,1.57,2.37,0
Carballes Baena R.,64,207,91,116,11,10,80,106,Delbonis F.,131,340,152,188,19,23,133,165,AnyTech365 Andalucia Open,Marbella,Outdoor,Hard,2021-04-05,2.2,1.66,0
Londero J.I.,142,83,34,49,3,5,31,44,Gombos N.,114,66,21,45,6,14,15,31,AnyTech365 Andalucia Open,Marbella,Outdoor,Hard,2021-04-05,1.72,2.1,0
Berankis R.,212,249,104,145,36,31,68,114,Pouille L.,675,259,134,125,35,26,99,99,AnyTech365 Andalucia Open,Marbella,Outdoor,Hard,2021-04-05,2.62,1.5,1
Kwon S.W.,68,108,53,55,12,6,41,49,Rune H.,6,131,83,48,28,9,55,39,AnyTech365 Andalucia Open,Marbella,Outdoor,Hard,2021-04-05,3.4,1.33,1
Zeppieri G.,129,13,4,9,0,1,4,8,Bedene A.,347,291,131,160,18,23,113,137,Sardegna Open,Cagliari,Outdoor,Hard,2021-04-05,3.5,1.3,0
Pella G.,199,260,118,142,14,16,104,126,Gerasimov E.,150,93,43,50,19,19,24,31,Sardegna Open,Cagliari,Outdoor,Hard,2021-04-05,1.53,2.5,0
Gaio F.,174,18,3,15,0,1,3,14,Djere L.,38,243,120,123,10,22,110,101,Sardegna Open,Cagliari,Outdoor,Hard,2021-04-05,3.75,1.28,0
Paul T.,14,204,111,93,19,13,92,80,Hanfmann Y.,50,99,50,49,5,4,45,45,Sardegna Open,Cagliari,Outdoor,Hard,2021-04-05,1.9,1.9,0
Sousa J.,147,436,189,247,42,44,147,203,Struff J.L.,21,369,170,199,43,42,127,157,Sardegna Open,Cagliari,Outdoor,Hard,2021-04-06,4.0,1.25,0
Davidovich Fokina A.,39,168,84,84,17,20,67,64,Dzumhur D.,202,234,107,127,31,29,76,98,AnyTech365 Andalucia Open,Marbella,Outdoor,Hard,2021-04-06,1.28,3.75,1
Mager G.,67,59,24,35,3,7,21,28,Kukushkin M.,221,352,141,211,50,49,91,162,AnyTech365 Andalucia Open,Marbella,Outdoor,Hard,2021-04-06,1.36,3.2,1
Lopez F.,634,863,441,422,71,82,370,340,Daniel T.,111,178,67,111,3,10,64,101,AnyTech365 Andalucia Open,Marbella,Outdoor,Hard,2021-04-06,2.2,1.66,1
Zapata Miralles B.,54,80,32,48,1,6,31,42,Vilella Martinez M.,167,10,4,6,0,0,4,6,AnyTech365 Andalucia Open,Marbella,Outdoor,Hard,2021-04-06,1.61,2.3,0
Bagnis F.,135,121,39,82,9,8,30,74,Cerundolo F.,21,104,58,46,3,7,55,39,AnyTech365 Andalucia Open,Marbella,Outdoor,Hard,2021-04-06,2.1,1.72,1
Martinez P.,135,118,50,68,7,6,43,62,Ivashka I.,113,159,78,81,19,18,59,63,AnyTech365 Andalucia Open,Marbella,Outdoor,Hard,2021-04-06,1.5,2.62,0
Milojevic N.,136,14,6,8,1,1,5,7,Alcaraz C.,1,164,130,34,10,5,120,29,AnyTech365 Andalucia Open,Marbella,Outdoor,Hard,2021-04-06,3.0,1.4,0
Laaksonen H.,125,101,37,64,7,16,30,48,Munar J.,104,178,75,103,7,12,68,91,AnyTech365 Andalucia Open,Marbella,Outdoor,Hard,2021-04-06,4.0,1.25,0
Millman J.,140,256,113,143,21,22,92,121,Coria F.,108,99,43,56,2,6,41,50,Sardegna Open,Cagliari,Outdoor,Hard,2021-04-06,2.5,1.53,1
Fabbiano T.,192,89,27,62,2,10,25,52,Cecchinato M.,108,204,79,125,2,14,77,111,Sardegna Open,Cagliari,Outdoor,Hard,2021-04-06,4.0,1.25,0
Vesely J.,528,288,130,158,6,19,124,139,Martin A.,723,258,107,151,6,13,101,138,Sardegna Open,Cagliari,Outdoor,Hard,2021-04-06,1.5,2.62,0
Travaglia S.,1024,81,27,54,5,12,22,42,Simon G.,188,869,491,378,135,94,356,284,Sardegna Open,Cagliari,Outdoor,Hard,2021-04-06,1.33,3.4,0
Huesler M.A.,88,58,21,37,8,8,13,29,Broady L.,125,47,18,29,5,3,13,26,Sardegna Open,Cagliari,Outdoor,Hard,2021-04-06,1.72,2.1,0
Nagal S.,503,17,3,14,0,1,3,13,Kovalik J.,172,68,24,44,5,8,19,36,Sardegna Open,Cagliari,Outdoor,Hard,2021-04-06,1.5,2.62,0
Musetti L.,18,143,79,64,12,12,67,52,Novak D.,166,58,15,43,6,16,9,27,Sardegna Open,Cagliari,Outdoor,Hard,2021-04-06,1.22,4.33,1
Kwon S.W.,68,108,53,55,12,6,41,49,Bagnis F.,135,121,39,82,9,8,30,74,AnyTech365 Andalucia Open,Marbella,Outdoor,Hard,2021-04-07,3.5,1.3,1
Delbonis F.,131,340,152,188,19,23,133,165,Gombos N.,114,66,21,45,6,14,15,31,AnyTech365 Andalucia Open,Marbella,Outdoor,Hard,2021-04-07,1.33,3.4,0
Fritz T.,9,356,205,151,26,22,179,129,Martin A.,723,258,107,151,6,13,101,138,Sardegna Open,Cagliari,Outdoor,Hard,2021-04-07,1.57,2.37,1
Basilashvili N.,118,301,138,163,26,34,112,129,Kovalik J.,172,68,24,44,5,8,19,36,Sardegna Open,Cagliari,Outdoor,Hard,2021-04-07,1.8,2.0,1
Bedene A.,347,291,131,160,18,23,113,137,Gerasimov E.,150,93,43,50,19,19,24,31,Sardegna Open,Cagliari,Outdoor,Hard,2021-04-07,1.8,2.0,1
Struff J.L.,21,369,170,199,43,42,127,157,Broady L.,125,47,18,29,5,3,13,26,Sardegna Open,Cagliari,Outdoor,Hard,2021-04-07,1.57,2.37,1
Berankis R.,212,249,104,145,36,31,68,114,Ramos-Vinolas A.,82,437,204,233,17,31,187,202,AnyTech365 Andalucia Open,Marbella,Outdoor,Hard,2021-04-07,3.5,1.3,0
Vilella Martinez M.,167,10,4,6,0,0,4,6,Carreno Busta P.,16,352,214,138,33,25,181,113,AnyTech365 Andalucia Open,Marbella,Outdoor,Hard,2021-04-07,3.0,1.4,0
Hanfmann Y.,50,99,50,49,5,4,45,45,Cecchinato M.,108,204,79,125,2,14,77,111,Sardegna Open,Cagliari,Outdoor,Hard,2021-04-08,1.8,2.0,1
Davidovich Fokina A.,39,168,84,84,17,20,67,64,Ivashka I.,113,159,78,81,19,18,59,63,AnyTech365 Andalucia Open,Marbella,Outdoor,Hard,2021-04-08,1.25,4.0,0
Fognini F.,128,742,383,359,39,48,344,311,Munar J.,104,178,75,103,7,12,68,91,AnyTech365 Andalucia Open,Marbella,Outdoor,Hard,2021-04-08,2.1,1.72,0
Ruud C.,4,275,176,99,19,16,157,83,Mager G.,67,59,24,35,3,7,21,28,AnyTech365 Andalucia Open,Marbella,Outdoor,Hard,2021-04-08,1.53,2.5,1
Alcaraz C.,1,164,130,34,10,5,120,29,Lopez F.,634,863,441,422,71,82,370,340,AnyTech365 Andalucia Open,Marbella,Outdoor,Hard,2021-04-08,1.36,3.2,1
Evans D.,30,251,124,127,18,16,106,111,Musetti L.,18,143,79,64,12,12,67,52,Sardegna Open,Cagliari,Outdoor,Hard,2021-04-08,3.5,1.3,0
Djere L.,38,243,120,123,10,22,110,101,Millman J.,140,256,113,143,21,22,92,121,Sardegna Open,Cagliari,Outdoor,Hard,2021-04-08,1.3,3.5,1
Sonego L.,43,221,107,114,19,17,88,97,Simon G.,188,869,491,378,135,94,356,284,Sardegna Open,Cagliari,Outdoor,Hard,2021-04-08,1.36,3.2,1
Struff J.L.,21,369,170,199,43,42,127,157,Basilashvili N.,118,301,138,163,26,34,112,129,Sardegna Open,Cagliari,Outdoor,Hard,2021-04-09,1.53,2.5,0
Musetti L.,18,143,79,64,12,12,67,52,Djere L.,38,243,120,123,10,22,110,101,Sardegna Open,Cagliari,Outdoor,Hard,2021-04-09,1.8,2.0,0
Hanfmann Y.,50,99,50,49,5,4,45,45,Sonego L.,43,221,107,114,19,17,88,97,Sardegna Open,Cagliari,Outdoor,Hard,2021-04-09,2.5,1.53,0
Fritz T.,9,356,205,151,26,22,179,129,Bedene A.,347,291,131,160,18,23,113,137,Sardegna Open,Cagliari,Outdoor,Hard,2021-04-09,1.8,2.0,1
Gombos N.,114,66,21,45,6,14,15,31,Ramos-Vinolas A.,82,437,204,233,17,31,187,202,AnyTech365 Andalucia Open,Marbella,Outdoor,Hard,2021-04-09,3.0,1.4,0
Munar J.,104,178,75,103,7,12,68,91,Ivashka I.,113,159,78,81,19,18,59,63,AnyTech365 Andalucia Open,Marbella,Outdoor,Hard,2021-04-09,1.36,3.2,1
Carreno Busta P.,16,352,214,138,33,25,181,113,Kwon S.W.,68,108,53,55,12,6,41,49,AnyTech365 Andalucia Open,Marbella,Outdoor,Hard,2021-04-09,1.22,4.33,1
Ruud C.,4,275,176,99,19,16,157,83,Alcaraz C.,1,164,130,34,10,5,120,29,AnyTech365 Andalucia Open,Marbella,Outdoor,Hard,2021-04-09,1.44,2.75,0
Basilashvili N.,118,301,138,163,26,34,112,129,Djere L.,38,243,120,123,10,22,110,101,Sardegna Open,Cagliari,Outdoor,Hard,2021-04-10,2.62,1.5,0
Fritz T.,9,356,205,151,26,22,179,129,Sonego L.,43,221,107,114,19,17,88,97,Sardegna Open,Cagliari,Outdoor,Hard,2021-04-10,2.1,1.72,0
Carreno Busta P.,16,352,214,138,33,25,181,113,Ramos-Vinolas A.,82,437,204,233,17,31,187,202,AnyTech365 Andalucia Open,Marbella,Outdoor,Hard,2021-04-10,1.4,3.0,1
Alcaraz C.,1,164,130,34,10,5,120,29,Munar J.,104,178,75,103,7,12,68,91,AnyTech365 Andalucia Open,Marbella,Outdoor,Hard,2021-04-10,1.57,2.37,0
Djere L.,38,243,120,123,10,22,110,101,Sonego L.,43,221,107,114,19,17,88,97,Sardegna Open,Cagliari,Outdoor,Hard,2021-04-11,1.66,2.2,0
Paire B.,149,527,237,290,39,56,198,234,Thompson J.,71,221,96,125,10,10,86,115,Monte Carlo Masters,Monte Carlo,Outdoor,Clay,2021-04-11,2.0,1.8,0
Munar J.,104,178,75,103,7,12,68,91,Carreno Busta P.,16,352,214,138,33,25,181,113,AnyTech365 Andalucia Open,Marbella,Outdoor,Hard,2021-04-11,2.37,1.57,0
Goffin D.,123,522,296,226,66,52,230,174,Cilic M.,100,853,543,310,119,65,424,245,Monte Carlo Masters,Monte Carlo,Outdoor,Clay,2021-04-11,1.72,2.1,1
De Minaur A.,19,272,161,111,30,19,131,92,Davidovich Fokina A.,39,168,84,84,17,20,67,64,Monte Carlo Masters,Monte Carlo,Outdoor,Clay,2021-04-12,2.2,1.66,0
Musetti L.,18,143,79,64,12,12,67,52,Karatsev A.,75,136,66,70,10,22,56,48,Monte Carlo Masters,Monte Carlo,Outdoor,Clay,2021-04-12,2.0,1.8,0
Millman J.,140,256,113,143,21,22,92,121,Humbert U.,36,170,80,90,23,21,57,69,Monte Carlo Masters,Monte Carlo,Outdoor,Clay,2021-04-12,2.62,1.5,1
Paul T.,14,204,111,93,19,13,92,80,Martinez P.,135,118,50,68,7,6,43,62,Monte Carlo Masters,Monte Carlo,Outdoor,Clay,2021-04-12,1.8,2.0,1
Andujar P.,323,404,164,240,12,30,152,210,Popyrin A.,90,140,59,81,9,13,50,68,Monte Carlo Masters,Monte Carlo,Outdoor,Clay,2021-04-13,2.62,1.5,0
Davidovich Fokina A.,39,168,84,84,17,20,67,64,Berrettini M.,38,217,142,75,14,11,128,64,Monte Carlo Masters,Monte Carlo,Outdoor,Clay,2021-04-13,2.0,1.8,1
Krajinovic F.,93,240,115,125,38,34,77,91,Basilashvili N.,118,301,138,163,26,34,112,129,Monte Carlo Masters,Monte Carlo,Outdoor,Clay,2021-04-13,1.36,3.2,1
Carreno Busta P.,16,352,214,138,33,25,181,113,Travaglia S.,1024,81,27,54,5,12,22,42,Monte Carlo Masters,Monte Carlo,Outdoor,Clay,2021-04-13,1.44,2.75,1
Djere L.,38,243,120,123,10,22,110,101,Khachanov K.,11,378,217,161,44,38,173,123,Monte Carlo Masters,Monte Carlo,Outdoor,Clay,2021-04-13,2.2,1.66,0
Sonego L.,43,221,107,114,19,17,88,97,Fucsovics M.,67,249,121,128,26,24,95,104,Monte Carlo Masters,Monte Carlo,Outdoor,Clay,2021-04-13,2.3,1.61,1
Dimitrov G.,20,651,389,262,79,50,310,212,Struff J.L.,21,369,170,199,43,42,127,157,Monte Carlo Masters,Monte Carlo,Outdoor,Clay,2021-04-13,1.61,2.3,1
Ruud C.,4,275,176,99,19,16,157,83,Rune H.,6,131,83,48,28,9,55,39,Monte Carlo Masters,Monte Carlo,Outdoor,Clay,2021-04-13,1.16,5.0,1
Fritz T.,9,356,205,151,26,22,179,129,Bautista Agut R.,25,379,234,145,31,29,203,116,Monte Carlo Masters,Monte Carlo,Outdoor,Clay,2021-04-13,3.2,1.36,0
Karatsev A.,75,136,66,70,10,22,56,48,Tsitsipas S.,5,390,264,126,49,32,215,94,Monte Carlo Masters,Monte Carlo,Outdoor,Clay,2021-04-13,2.5,1.53,0
Bublik A.,25,219,110,109,39,30,71,79,Chardy J.,542,591,289,302,44,48,245,254,Monte Carlo Masters,Monte Carlo,Outdoor,Clay,2021-04-13,2.2,1.66,0
Koepfer D.,84,86,38,48,3,3,35,45,Cecchinato M.,108,204,79,125,2,14,77,111,Monte Carlo Masters,Monte Carlo,Outdoor,Clay,2021-04-13,1.8,2.0,0
Sinner J.,8,224,153,71,42,19,111,52,Ramos-Vinolas A.,82,437,204,233,17,31,187,202,Monte Carlo Masters,Monte Carlo,Outdoor,Clay,2021-04-13,1.33,3.4,1
Mannarino A.,27,567,264,303,60,73,204,230,Delbonis F.,131,340,152,188,19,23,133,165,Monte Carlo Masters,Monte Carlo,Outdoor,Clay,2021-04-13,3.75,1.28,0
Pella G.,199,260,118,142,14,16,104,126,Pouille L.,675,259,134,125,35,26,99,99,Monte Carlo Masters,Monte Carlo,Outdoor,Clay,2021-04-13,1.8,2.0,0
Caruso S.,146,63,19,44,5,9,14,35,Catarina L.,430,4,0,4,0,0,0,4,Monte Carlo Masters,Monte Carlo,Outdoor,Clay,2021-04-13,1.14,5.5,1
Fabbiano T.,192,89,27,62,2,10,25,52,Hurkacz H.,17,238,137,101,27,24,110,77,Monte Carlo Masters,Monte Carlo,Outdoor,Clay,2021-04-13,4.0,1.25,0
Lajovic D.,66,378,163,215,21,36,142,179,Evans D.,30,251,124,127,18,16,106,111,Monte Carlo Masters,Monte Carlo,Outdoor,Clay,2021-04-13,1.53,2.5,0
Garin C.,101,190,103,87,15,13,88,74,Auger-Aliassime F.,12,268,163,105,48,22,115,83,Monte Carlo Masters,Monte Carlo,Outdoor,Clay,2021-04-13,2.1,1.72,1
Fognini F.,128,742,383,359,39,48,344,311,Kecmanovic M.,40,210,107,103,12,16,95,87,Monte Carlo Masters,Monte Carlo,Outdoor,Clay,2021-04-13,1.57,2.37,1
Krajinovic F.,93,240,115,125,38,34,77,91,Londero J.I.,142,83,34,49,3,5,31,44,Monte Carlo Masters,Monte Carlo,Outdoor,Clay,2021-04-14,1.16,5.0,1
Sonego L.,43,221,107,114,19,17,88,97,Zverev A.,19,500,346,154,60,31,286,123,Monte Carlo Masters,Monte Carlo,Outdoor,Clay,2021-04-14,2.75,1.44,0
Carreno Busta P.,16,352,214,138,33,25,181,113,Khachanov K.,11,378,217,161,44,38,173,123,Monte Carlo Masters,Monte Carlo,Outdoor,Clay,2021-04-14,2.0,1.8,1
Delbonis F.,131,340,152,188,19,23,133,165,Nadal R.,2,1223,1017,206,76,40,941,166,Monte Carlo Masters,Monte Carlo,Outdoor,Clay,2021-04-14,13.0,1.04,0
Paul T.,14,204,111,93,19,13,92,80,Bautista Agut R.,25,379,234,145,31,29,203,116,Monte Carlo Masters,Monte Carlo,Outdoor,Clay,2021-04-14,4.0,1.25,0
Evans D.,30,251,124,127,18,16,106,111,Hurkacz H.,17,238,137,101,27,24,110,77,Monte Carlo Masters,Monte Carlo,Outdoor,Clay,2021-04-14,2.5,1.53,1
Popyrin A.,90,140,59,81,9,13,50,68,Pouille L.,675,259,134,125,35,26,99,99,Monte Carlo Masters,Monte Carlo,Outdoor,Clay,2021-04-14,1.66,2.2,0
Fognini F.,128,742,383,359,39,48,344,311,Thompson J.,71,221,96,125,10,10,86,115,Monte Carlo Masters,Monte Carlo,Outdoor,Clay,2021-04-14,1.2,4.5,1
Ruud C.,4,275,176,99,19,16,157,83,Schwartzman D.,95,428,233,195,32,27,201,168,Monte Carlo Masters,Monte Carlo,Outdoor,Clay,2021-04-14,2.5,1.53,1
Sinner J.,8,224,153,71,42,19,111,52,Djokovic N.,2,1207,1012,195,146,42,866,153,Monte Carlo Masters,Monte Carlo,Outdoor,Clay,2021-04-14,3.4,1.33,0
Rublev A.,7,392,255,137,57,34,198,103,Caruso S.,146,63,19,44,5,9,14,35,Monte Carlo Masters,Monte Carlo,Outdoor,Clay,2021-04-14,1.08,8.0,1
Garin C.,101,190,103,87,15,13,88,74,Millman J.,140,256,113,143,21,22,92,121,Monte Carlo Masters,Monte Carlo,Outdoor,Clay,2021-04-14,1.28,3.75,1
Chardy J.,542,591,289,302,44,48,245,254,Dimitrov G.,20,651,389,262,79,50,310,212,Monte Carlo Masters,Monte Carlo,Outdoor,Clay,2021-04-14,3.0,1.4,0
Goffin D.,123,522,296,226,66,52,230,174,Cecchinato M.,108,204,79,125,2,14,77,111,Monte Carlo Masters,Monte Carlo,Outdoor,Clay,2021-04-14,1.57,2.37,1
Dimitrov G.,20,651,389,262,79,50,310,212,Nadal R.,2,1223,1017,206,76,40,941,166,Monte Carlo Masters,Monte Carlo,Outdoor,Clay,2021-04-15,11.0,1.05,0
Ruud C.,4,275,176,99,19,16,157,83,Carreno Busta P.,16,352,214,138,33,25,181,113,Monte Carlo Masters,Monte Carlo,Outdoor,Clay,2021-04-15,1.9,1.9,1
Krajinovic F.,93,240,115,125,38,34,77,91,Fognini F.,128,742,383,359,39,48,344,311,Monte Carlo Masters,Monte Carlo,Outdoor,Clay,2021-04-15,1.8,2.0,0
Rublev A.,7,392,255,137,57,34,198,103,Bautista Agut R.,25,379,234,145,31,29,203,116,Monte Carlo Masters,Monte Carlo,Outdoor,Clay,2021-04-15,1.44,2.75,1
Goffin D.,123,522,296,226,66,52,230,174,Zverev A.,19,500,346,154,60,31,286,123,Monte Carlo Masters,Monte Carlo,Outdoor,Clay,2021-04-15,2.5,1.53,1
Pouille L.,675,259,134,125,35,26,99,99,Davidovich Fokina A.,39,168,84,84,17,20,67,64,Monte Carlo Masters,Monte Carlo,Outdoor,Clay,2021-04-15,3.75,1.28,0
Evans D.,30,251,124,127,18,16,106,111,Djokovic N.,2,1207,1012,195,146,42,866,153,Monte Carlo Masters,Monte Carlo,Outdoor,Clay,2021-04-15,11.0,1.05,1
Tsitsipas S.,5,390,264,126,49,32,215,94,Garin C.,101,190,103,87,15,13,88,74,Monte Carlo Masters,Monte Carlo,Outdoor,Clay,2021-04-15,1.33,3.4,1
Davidovich Fokina A.,39,168,84,84,17,20,67,64,Tsitsipas S.,5,390,264,126,49,32,215,94,Monte Carlo Masters,Monte Carlo,Outdoor,Clay,2021-04-16,4.33,1.22,0
Goffin D.,123,522,296,226,66,52,230,174,Evans D.,30,251,124,127,18,16,106,111,Monte Carlo Masters,Monte Carlo,Outdoor,Clay,2021-04-16,1.53,2.5,0
Ruud C.,4,275,176,99,19,16,157,83,Fognini F.,128,742,383,359,39,48,344,311,Monte Carlo Masters,Monte Carlo,Outdoor,Clay,2021-04-16,1.72,2.1,1
Nadal R.,2,1223,1017,206,76,40,941,166,Rublev A.,7,392,255,137,57,34,198,103,Monte Carlo Masters,Monte Carlo,Outdoor,Clay,2021-04-16,1.11,6.5,0
Ruud C.,4,275,176,99,19,16,157,83,Rublev A.,7,392,255,137,57,34,198,103,Monte Carlo Masters,Monte Carlo,Outdoor,Clay,2021-04-17,3.4,1.33,0
Tsitsipas S.,5,390,264,126,49,32,215,94,Evans D.,30,251,124,127,18,16,106,111,Monte Carlo Masters,Monte Carlo,Outdoor,Clay,2021-04-17,1.16,5.0,1
Tsitsipas S.,5,390,264,126,49,32,215,94,Rublev A.,7,392,255,137,57,34,198,103,Monte Carlo Masters,Monte Carlo,Outdoor,Clay,2021-04-18,2.0,1.8,1
Pella G.,199,260,118,142,14,16,104,126,Nishikori K.,439,617,408,209,70,33,338,176,Barcelona Open,Barcelona,Outdoor,Clay,2021-04-19,3.5,1.3,0
Travaglia S.,1024,81,27,54,5,12,22,42,Krajinovic F.,93,240,115,125,38,34,77,91,Serbia Open,Belgrade,Outdoor,Clay,2021-04-19,3.0,1.4,0
Munar J.,104,178,75,103,7,12,68,91,Monteiro T.,121,171,69,102,9,11,60,91,Barcelona Open,Barcelona,Outdoor,Clay,2021-04-19,1.36,3.2,1
Ivashka I.,113,159,78,81,19,18,59,63,Griekspoor T.,37,97,47,50,7,14,40,36,Barcelona Open,Barcelona,Outdoor,Clay,2021-04-19,1.44,2.75,1
Paire B.,149,527,237,290,39,56,198,234,Gaio F.,174,18,3,15,0,1,3,14,Barcelona Open,Barcelona,Outdoor,Clay,2021-04-19,1.61,2.3,0
Millman J.,140,256,113,143,21,22,92,121,Petrovic D.,157,5,2,3,0,1,2,2,Serbia Open,Belgrade,Outdoor,Clay,2021-04-19,1.44,2.75,1
Norrie C.,13,287,172,115,15,18,157,97,Caruso S.,146,63,19,44,5,9,14,35,Barcelona Open,Barcelona,Outdoor,Clay,2021-04-19,2.3,1.61,1
Herbert P.H.,157,202,89,113,31,38,58,75,Nagal S.,503,17,3,14,0,1,3,13,Barcelona Open,Barcelona,Outdoor,Clay,2021-04-19,1.8,2.0,1
Zapata Miralles B.,54,80,32,48,1,6,31,42,Kuznetsov An.,228,162,70,92,9,19,61,73,Barcelona Open,Barcelona,Outdoor,Clay,2021-04-19,1.57,2.37,1
Simon G.,188,869,491,378,135,94,356,284,Andujar P.,323,404,164,240,12,30,152,210,Barcelona Open,Barcelona,Outdoor,Clay,2021-04-19,2.5,1.53,0
Basilashvili N.,118,301,138,163,26,34,112,129,Chardy J.,542,591,289,302,44,48,245,254,Barcelona Open,Barcelona,Outdoor,Clay,2021-04-19,3.0,1.4,0
Troicki V.,230,525,269,256,61,51,208,205,Cecchinato M.,108,204,79,125,2,14,77,111,Serbia Open,Belgrade,Outdoor,Clay,2021-04-19,4.0,1.25,0
Tsonga J.W.,297,672,444,228,139,62,305,166,Gerasimov E.,150,93,43,50,19,19,24,31,Barcelona Open,Barcelona,Outdoor,Clay,2021-04-19,3.2,1.36,0
Milojevic N.,136,14,6,8,1,1,5,7,Coria F.,108,99,43,56,2,6,41,50,Serbia Open,Belgrade,Outdoor,Clay,2021-04-19,1.61,2.3,1
Korda S.,26,126,75,51,15,9,60,42,Bedene A.,347,291,131,160,18,23,113,137,Serbia Open,Belgrade,Outdoor,Clay,2021-04-20,1.57,2.37,0
Popyrin A.,90,140,59,81,9,13,50,68,Cerundolo F.,21,104,58,46,3,7,55,39,Serbia Open,Belgrade,Outdoor,Clay,2021-04-20,1.72,2.1,1
Mager G.,67,59,24,35,3,7,21,28,Djere L.,38,243,120,123,10,22,110,101,Serbia Open,Belgrade,Outdoor,Clay,2021-04-20,3.5,1.3,1
Kecmanovic M.,40,210,107,103,12,16,95,87,Bagnis F.,135,121,39,82,9,8,30,74,Serbia Open,Belgrade,Outdoor,Clay,2021-04-20,1.8,2.0,1
Sousa J.,147,436,189,247,42,44,147,203,Daniel T.,111,178,67,111,3,10,64,101,Serbia Open,Belgrade,Outdoor,Clay,2021-04-20,,,0
Delbonis F.,131,340,152,188,19,23,133,165,Berankis R.,212,249,104,145,36,31,68,114,Serbia Open,Belgrade,Outdoor,Clay,2021-04-20,1.44,2.75,1
Kwon S.W.,68,108,53,55,12,6,41,49,Carballes Baena R.,64,207,91,116,11,10,80,106,Serbia Open,Belgrade,Outdoor,Clay,2021-04-20,2.62,1.5,1
Rinderknech A.,67,96,46,50,16,12,30,38,Londero J.I.,142,83,34,49,3,5,31,44,Serbia Open,Belgrade,Outdoor,Clay,2021-04-20,1.44,2.75,1
Norrie C.,13,287,172,115,15,18,157,97,Khachanov K.,11,378,217,161,44,38,173,123,Barcelona Open,Barcelona,Outdoor,Clay,2021-04-20,3.4,1.33,1
Bautista Agut R.,25,379,234,145,31,29,203,116,Andujar P.,323,404,164,240,12,30,152,210,Barcelona Open,Barcelona,Outdoor,Clay,2021-04-20,1.16,5.0,1
Ramos-Vinolas A.,82,437,204,233,17,31,187,202,Rune H.,6,131,83,48,28,9,55,39,Barcelona Open,Barcelona,Outdoor,Clay,2021-04-20,1.4,3.0,1
Thompson J.,71,221,96,125,10,10,86,115,Gasquet R.,48,948,581,367,133,82,448,285,Barcelona Open,Barcelona,Outdoor,Clay,2021-04-20,2.1,1.72,1
Moutet C.,80,118,50,68,5,11,45,57,Koepfer D.,84,86,38,48,3,3,35,45,Barcelona Open,Barcelona,Outdoor,Clay,2021-04-20,2.3,1.61,1
Musetti L.,18,143,79,64,12,12,67,52,Lopez F.,634,863,441,422,71,82,370,340,Barcelona Open,Barcelona,Outdoor,Clay,2021-04-20,1.28,3.75,1
Davidovich Fokina A.,39,168,84,84,17,20,67,64,Bublik A.,25,219,110,109,39,30,71,79,Barcelona Open,Barcelona,Outdoor,Clay,2021-04-20,1.5,2.62,0
Tiafoe F.,10,303,158,145,24,23,134,122,Alcaraz C.,1,164,130,34,10,5,120,29,Barcelona Open,Barcelona,Outdoor,Clay,2021-04-20,2.5,1.53,1
Goffin D.,123,522,296,226,66,52,230,174,Herbert P.H.,157,202,89,113,31,38,58,75,Barcelona Open,Barcelona,Outdoor,Clay,2021-04-20,1.4,3.0,1
Shapovalov D.,29,298,166,132,30,27,136,105,Chardy J.,542,591,289,302,44,48,245,254,Barcelona Open,Barcelona,Outdoor,Clay,2021-04-20,1.53,2.5,1
Sinner J.,8,224,153,71,42,19,111,52,Gerasimov E.,150,93,43,50,19,19,24,31,Barcelona Open,Barcelona,Outdoor,Clay,2021-04-20,1.12,6.0,1
Milojevic N.,136,14,6,8,1,1,5,7,Krajinovic F.,93,240,115,125,38,34,77,91,Serbia Open,Belgrade,Outdoor,Clay,2021-04-21,3.5,1.3,0
Berrettini M.,38,217,142,75,14,11,128,64,Cecchinato M.,108,204,79,125,2,14,77,111,Serbia Open,Belgrade,Outdoor,Clay,2021-04-21,1.53,2.5,1
Djokovic N.,2,1207,1012,195,146,42,866,153,Kwon S.W.,68,108,53,55,12,6,41,49,Serbia Open,Belgrade,Outdoor,Clay,2021-04-21,1.01,21.0,1
Kecmanovic M.,40,210,107,103,12,16,95,87,Rinderknech A.,67,96,46,50,16,12,30,38,Serbia Open,Belgrade,Outdoor,Clay,2021-04-21,1.53,2.5,1
Mannarino A.,27,567,264,303,60,73,204,230,Ramos-Vinolas A.,82,437,204,233,17,31,187,202,Barcelona Open,Barcelona,Outdoor,Clay,2021-04-21,4.0,1.25,0
Gaio F.,174,18,3,15,0,1,3,14,Rublev A.,7,392,255,137,57,34,198,103,Barcelona Open,Barcelona,Outdoor,Clay,2021-04-21,13.0,1.04,0
Musetti L.,18,143,79,64,12,12,67,52,Auger-Aliassime F.,12,268,163,105,48,22,115,83,Barcelona Open,Barcelona,Outdoor,Clay,2021-04-21,2.0,1.8,0
Moutet C.,80,118,50,68,5,11,45,57,Evans D.,30,251,124,127,18,16,106,111,Barcelona Open,Barcelona,Outdoor,Clay,2021-04-21,2.1,1.72,1
Munar J.,104,178,75,103,7,12,68,91,Tsitsipas S.,5,390,264,126,49,32,215,94,Barcelona Open,Barcelona,Outdoor,Clay,2021-04-21,4.33,1.22,0
Thompson J.,71,221,96,125,10,10,86,115,Carreno Busta P.,16,352,214,138,33,25,181,113,Barcelona Open,Barcelona,Outdoor,Clay,2021-04-21,6.0,1.12,0
Zapata Miralles B.,54,80,32,48,1,6,31,42,Fognini F.,128,742,383,359,39,48,344,311,Barcelona Open,Barcelona,Outdoor,Clay,2021-04-21,2.75,1.44,1
Nadal R.,2,1223,1017,206,76,40,941,166,Ivashka I.,113,159,78,81,19,18,59,63,Barcelona Open,Barcelona,Outdoor,Clay,2021-04-21,1.02,19.0,1
Garin C.,101,190,103,87,15,13,88,74,Nishikori K.,439,617,408,209,70,33,338,176,Barcelona Open,Barcelona,Outdoor,Clay,2021-04-21,1.5,2.62,0
Schwartzman D.,95,428,233,195,32,27,201,168,Tiafoe F.,10,303,158,145,24,23,134,122,Barcelona Open,Barcelona,Outdoor,Clay,2021-04-21,1.36,3.2,1
De Minaur A.,19,272,161,111,30,19,131,92,Bublik A.,25,219,110,109,39,30,71,79,Barcelona Open,Barcelona,Outdoor,Clay,2021-04-21,1.66,2.2,1
Carreno Busta P.,16,352,214,138,33,25,181,113,Zapata Miralles B.,54,80,32,48,1,6,31,42,Barcelona Open,Barcelona,Outdoor,Clay,2021-04-22,1.2,4.5,1
Ramos-Vinolas A.,82,437,204,233,17,31,187,202,Rublev A.,7,392,255,137,57,34,198,103,Barcelona Open,Barcelona,Outdoor,Clay,2021-04-22,5.0,1.16,0
Shapovalov D.,29,298,166,132,30,27,136,105,Auger-Aliassime F.,12,268,163,105,48,22,115,83,Barcelona Open,Barcelona,Outdoor,Clay,2021-04-22,2.0,1.8,0
Sinner J.,8,224,153,71,42,19,111,52,Bautista Agut R.,25,379,234,145,31,29,203,116,Barcelona Open,Barcelona,Outdoor,Clay,2021-04-22,1.72,2.1,1
Tsitsipas S.,5,390,264,126,49,32,215,94,De Minaur A.,19,272,161,111,30,19,131,92,Barcelona Open,Barcelona,Outdoor,Clay,2021-04-22,1.1,7.0,1
Lajovic D.,66,378,163,215,21,36,142,179,Delbonis F.,131,340,152,188,19,23,133,165,Serbia Open,Belgrade,Outdoor,Clay,2021-04-22,1.8,2.0,0
Nadal R.,2,1223,1017,206,76,40,941,166,Nishikori K.,439,617,408,209,70,33,338,176,Barcelona Open,Barcelona,Outdoor,Clay,2021-04-22,1.08,8.0,1
Schwartzman D.,95,428,233,195,32,27,201,168,Moutet C.,80,118,50,68,5,11,45,57,Barcelona Open,Barcelona,Outdoor,Clay,2021-04-22,1.22,4.33,1
Mager G.,67,59,24,35,3,7,21,28,Popyrin A.,90,140,59,81,9,13,50,68,Serbia Open,Belgrade,Outdoor,Clay,2021-04-22,1.9,1.9,1
Bedene A.,347,291,131,160,18,23,113,137,Karatsev A.,75,136,66,70,10,22,56,48,Serbia Open,Belgrade,Outdoor,Clay,2021-04-22,2.75,1.44,0
Goffin D.,123,522,296,226,66,52,230,174,Norrie C.,13,287,172,115,15,18,157,97,Barcelona Open,Barcelona,Outdoor,Clay,2021-04-22,1.4,3.0,0
Millman J.,140,256,113,143,21,22,92,121,Daniel T.,111,178,67,111,3,10,64,101,Serbia Open,Belgrade,Outdoor,Clay,2021-04-22,1.66,2.2,0
Krajinovic F.,93,240,115,125,38,34,77,91,Berrettini M.,38,217,142,75,14,11,128,64,Serbia Open,Belgrade,Outdoor,Clay,2021-04-23,1.9,1.9,0
Djokovic N.,2,1207,1012,195,146,42,866,153,Kecmanovic M.,40,210,107,103,12,16,95,87,Serbia Open,Belgrade,Outdoor,Clay,2021-04-23,1.05,11.0,1
Daniel T.,111,178,67,111,3,10,64,101,Delbonis F.,131,340,152,188,19,23,133,165,Serbia Open,Belgrade,Outdoor,Clay,2021-04-23,2.75,1.44,1
Karatsev A.,75,136,66,70,10,22,56,48,Mager G.,67,59,24,35,3,7,21,28,Serbia Open,Belgrade,Outdoor,Clay,2021-04-23,1.44,2.75,1
Sinner J.,8,224,153,71,42,19,111,52,Rublev A.,7,392,255,137,57,34,198,103,Barcelona Open,Barcelona,Outdoor,Clay,2021-04-23,1.72,2.1,1
Carreno Busta P.,16,352,214,138,33,25,181,113,Schwartzman D.,95,428,233,195,32,27,201,168,Barcelona Open,Barcelona,Outdoor,Clay,2021-04-23,2.1,1.72,1
Norrie C.,13,287,172,115,15,18,157,97,Nadal R.,2,1223,1017,206,76,40,941,166,Barcelona Open,Barcelona,Outdoor,Clay,2021-04-23,11.0,1.05,0
Auger-Aliassime F.,12,268,163,105,48,22,115,83,Tsitsipas S.,5,390,264,126,49,32,215,94,Barcelona Open,Barcelona,Outdoor,Clay,2021-04-23,3.5,1.3,0
Nadal R.,2,1223,1017,206,76,40,941,166,Carreno Busta P.,16,352,214,138,33,25,181,113,Barcelona Open,Barcelona,Outdoor,Clay,2021-04-24,1.14,5.5,1
Tsitsipas S.,5,390,264,126,49,32,215,94,Sinner J.,8,224,153,71,42,19,111,52,Barcelona Open,Barcelona,Outdoor,Clay,2021-04-24,1.44,2.75,1
Djokovic N.,2,1207,1012,195,146,42,866,153,Karatsev A.,75,136,66,70,10,22,56,48,Serbia Open,Belgrade,Outdoor,Clay,2021-04-24,1.12,6.0,0
Daniel T.,111,178,67,111,3,10,64,101,Berrettini M.,38,217,142,75,14,11,128,64,Serbia Open,Belgrade,Outdoor,Clay,2021-04-24,5.5,1.14,0
Nadal R.,2,1223,1017,206,76,40,941,166,Tsitsipas S.,5,390,264,126,49,32,215,94,Barcelona Open,Barcelona,Outdoor,Clay,2021-04-25,1.57,2.37,1
Berrettini M.,38,217,142,75,14,11,128,64,Karatsev A.,75,136,66,70,10,22,56,48,Serbia Open,Belgrade,Outdoor,Clay,2021-04-25,2.0,1.8,1
Stebe C.M.,231,76,28,48,4,7,24,41,Coria F.,108,99,43,56,2,6,41,50,BMW Open,Munich,Outdoor,Clay,2021-04-26,1.66,2.2,0
Marterer M.,144,91,31,60,2,8,29,52,Berankis R.,212,249,104,145,36,31,68,114,BMW Open,Munich,Outdoor,Clay,2021-04-26,1.72,2.1,0
Gerasimov E.,150,93,43,50,19,19,24,31,Pella G.,199,260,118,142,14,16,104,126,BMW Open,Munich,Outdoor,Clay,2021-04-26,2.75,1.44,0
Ivashka I.,113,159,78,81,19,18,59,63,Ruusuvuori E.,55,158,79,79,16,18,63,61,BMW Open,Munich,Outdoor,Clay,2021-04-26,1.36,3.2,1
Millman J.,140,256,113,143,21,22,92,121,Popyrin A.,90,140,59,81,9,13,50,68,BMW Open,Munich,Outdoor,Clay,2021-04-26,2.3,1.61,1
Munar J.,104,178,75,103,7,12,68,91,Chardy J.,542,591,289,302,44,48,245,254,Millennium Estoril Open,Estoril,Outdoor,Clay,2021-04-26,1.53,2.5,0
Andujar P.,323,404,164,240,12,30,152,210,Davidovich Fokina A.,39,168,84,84,17,20,67,64,Millennium Estoril Open,Estoril,Outdoor,Clay,2021-04-26,3.2,1.36,0
Thompson J.,71,221,96,125,10,10,86,115,Borges N.,69,28,10,18,1,1,9,17,Millennium Estoril Open,Estoril,Outdoor,Clay,2021-04-26,2.37,1.57,0
Anderson K.,652,598,347,251,48,38,299,213,Tiafoe F.,10,303,158,145,24,23,134,122,Millennium Estoril Open,Estoril,Outdoor,Clay,2021-04-26,3.2,1.36,1
Bublik A.,25,219,110,109,39,30,71,79,Martinez P.,135,118,50,68,7,6,43,62,Millennium Estoril Open,Estoril,Outdoor,Clay,2021-04-27,2.0,1.8,0
Korda S.,26,126,75,51,15,9,60,42,Galan D.E.,76,78,33,45,3,5,30,40,BMW Open,Munich,Outdoor,Clay,2021-04-27,1.36,3.2,0
Daniel T.,111,178,67,111,3,10,64,101,Hanfmann Y.,50,99,50,49,5,4,45,45,BMW Open,Munich,Outdoor,Clay,2021-04-27,3.0,1.4,0
Kohlschreiber P.,132,812,446,366,76,73,370,293,Koepfer D.,84,86,38,48,3,3,35,45,BMW Open,Munich,Outdoor,Clay,2021-04-27,2.5,1.53,0
Monteiro T.,121,171,69,102,9,11,60,91,Basilashvili N.,118,301,138,163,26,34,112,129,BMW Open,Munich,Outdoor,Clay,2021-04-27,1.66,2.2,0
Lajovic D.,66,378,163,215,21,36,142,179,Mcdonald M.,60,190,87,103,11,15,76,88,BMW Open,Munich,Outdoor,Clay,2021-04-27,1.57,2.37,0
Sandgren T.,153,121,47,74,2,9,45,65,Cuevas P.,149,421,210,211,34,25,176,186,BMW Open,Munich,Outdoor,Clay,2021-04-27,1.61,2.3,0
Gasquet R.,48,948,581,367,133,82,448,285,Londero J.I.,142,83,34,49,3,5,31,44,Millennium Estoril Open,Estoril,Outdoor,Clay,2021-04-27,1.44,2.75,1
Martin A.,723,258,107,151,6,13,101,138,Struff J.L.,21,369,170,199,43,42,127,157,BMW Open,Munich,Outdoor,Clay,2021-04-27,3.4,1.33,0
Cecchinato M.,108,204,79,125,2,14,77,111,Harris L.,186,129,59,70,7,8,52,62,Millennium Estoril Open,Estoril,Outdoor,Clay,2021-04-27,1.5,2.62,1
Sousa J.,147,436,189,247,42,44,147,203,Norrie C.,13,287,172,115,15,18,157,97,Millennium Estoril Open,Estoril,Outdoor,Clay,2021-04-27,3.4,1.33,0
Herbert P.H.,157,202,89,113,31,38,58,75,Simon G.,188,869,491,378,135,94,356,284,Millennium Estoril Open,Estoril,Outdoor,Clay,2021-04-27,1.57,2.37,1
Cilic M.,100,853,543,310,119,65,424,245,Alcaraz C.,1,164,130,34,10,5,120,29,Millennium Estoril Open,Estoril,Outdoor,Clay,2021-04-27,2.37,1.57,1
Moutet C.,80,118,50,68,5,11,45,57,Giron M.,69,150,68,82,20,14,48,68,Millennium Estoril Open,Estoril,Outdoor,Clay,2021-04-27,1.28,3.75,1
Verdasco F.,244,962,537,425,79,79,458,346,Ramos-Vinolas A.,82,437,204,233,17,31,187,202,Millennium Estoril Open,Estoril,Outdoor,Clay,2021-04-27,4.5,1.2,0
Mcdonald M.,60,190,87,103,11,15,76,88,Ivashka I.,113,159,78,81,19,18,59,63,BMW Open,Munich,Outdoor,Clay,2021-04-28,2.62,1.5,0
Zverev A.,19,500,346,154,60,31,286,123,Berankis R.,212,249,104,145,36,31,68,114,BMW Open,Munich,Outdoor,Clay,2021-04-28,1.11,6.5,1
Pella G.,199,260,118,142,14,16,104,126,Millman J.,140,256,113,143,21,22,92,121,BMW Open,Munich,Outdoor,Clay,2021-04-28,1.66,2.2,0
Anderson K.,652,598,347,251,48,38,299,213,Carballes Baena R.,64,207,91,116,11,10,80,106,Millennium Estoril Open,Estoril,Outdoor,Clay,2021-04-28,1.57,2.37,1
Cilic M.,100,853,543,310,119,65,424,245,Borges N.,69,28,10,18,1,1,9,17,Millennium Estoril Open,Estoril,Outdoor,Clay,2021-04-28,1.5,2.62,1
Cecchinato M.,108,204,79,125,2,14,77,111,Humbert U.,36,170,80,90,23,21,57,69,Millennium Estoril Open,Estoril,Outdoor,Clay,2021-04-28,1.61,2.3,0
Ruud C.,4,275,176,99,19,16,157,83,Cuevas P.,149,421,210,211,34,25,176,186,BMW Open,Munich,Outdoor,Clay,2021-04-28,1.16,5.0,1
Davidovich Fokina A.,39,168,84,84,17,20,67,64,Chardy J.,542,591,289,302,44,48,245,254,Millennium Estoril Open,Estoril,Outdoor,Clay,2021-04-28,1.5,2.62,1
Coria F.,108,99,43,56,2,6,41,50,Gombos N.,114,66,21,45,6,14,15,31,BMW Open,Munich,Outdoor,Clay,2021-04-29,2.1,1.72,0
Koepfer D.,84,86,38,48,3,3,35,45,Struff J.L.,21,369,170,199,43,42,127,157,BMW Open,Munich,Outdoor,Clay,2021-04-29,2.3,1.61,0
Hanfmann Y.,50,99,50,49,5,4,45,45,Krajinovic F.,93,240,115,125,38,34,77,91,BMW Open,Munich,Outdoor,Clay,2021-04-29,2.75,1.44,0
Herbert P.H.,157,202,89,113,31,38,58,75,Ramos-Vinolas A.,82,437,204,233,17,31,187,202,Millennium Estoril Open,Estoril,Outdoor,Clay,2021-04-29,2.75,1.44,0
Gasquet R.,48,948,581,367,133,82,448,285,Garin C.,101,190,103,87,15,13,88,74,Millennium Estoril Open,Estoril,Outdoor,Clay,2021-04-29,3.4,1.33,0
Galan D.E.,76,78,33,45,3,5,30,40,Basilashvili N.,118,301,138,163,26,34,112,129,BMW Open,Munich,Outdoor,Clay,2021-04-29,2.0,1.8,0
Shapovalov D.,29,298,166,132,30,27,136,105,Moutet C.,80,118,50,68,5,11,45,57,Millennium Estoril Open,Estoril,Outdoor,Clay,2021-04-29,1.5,2.62,0
Norrie C.,13,287,172,115,15,18,157,97,Martinez P.,135,118,50,68,7,6,43,62,Millennium Estoril Open,Estoril,Outdoor,Clay,2021-04-29,1.72,2.1,1
Humbert U.,36,170,80,90,23,21,57,69,Davidovich Fokina A.,39,168,84,84,17,20,67,64,Millennium Estoril Open,Estoril,Outdoor,Clay,2021-04-30,3.0,1.4,0
Ivashka I.,113,159,78,81,19,18,59,63,Zverev A.,19,500,346,154,60,31,286,123,BMW Open,Munich,Outdoor,Clay,2021-04-30,3.75,1.28,1
Krajinovic F.,93,240,115,125,38,34,77,91,Struff J.L.,21,369,170,199,43,42,127,157,BMW Open,Munich,Outdoor,Clay,2021-04-30,1.53,2.5,0
Moutet C.,80,118,50,68,5,11,45,57,Ramos-Vinolas A.,82,437,204,233,17,31,187,202,Millennium Estoril Open,Estoril,Outdoor,Clay,2021-04-30,2.3,1.61,0
Norrie C.,13,287,172,115,15,18,157,97,Garin C.,101,190,103,87,15,13,88,74,Millennium Estoril Open,Estoril,Outdoor,Clay,2021-04-30,2.75,1.44,1
Anderson K.,652,598,347,251,48,38,299,213,Cilic M.,100,853,543,310,119,65,424,245,Millennium Estoril Open,Estoril,Outdoor,Clay,2021-04-30,2.0,1.8,0
Ruud C.,4,275,176,99,19,16,157,83,Millman J.,140,256,113,143,21,22,92,121,BMW Open,Munich,Outdoor,Clay,2021-05-01,1.12,6.0,1
Ramos-Vinolas A.,82,437,204,233,17,31,187,202,Davidovich Fokina A.,39,168,84,84,17,20,67,64,Millennium Estoril Open,Estoril,Outdoor,Clay,2021-05-01,2.3,1.61,1
Norrie C.,13,287,172,115,15,18,157,97,Cilic M.,100,853,543,310,119,65,424,245,Millennium Estoril Open,Estoril,Outdoor,Clay,2021-05-01,1.8,2.0,1
Basilashvili N.,118,301,138,163,26,34,112,129,Gombos N.,114,66,21,45,6,14,15,31,BMW Open,Munich,Outdoor,Clay,2021-05-01,1.57,2.37,1
Ivashka I.,113,159,78,81,19,18,59,63,Struff J.L.,21,369,170,199,43,42,127,157,BMW Open,Munich,Outdoor,Clay,2021-05-01,1.57,2.37,0
Basilashvili N.,118,301,138,163,26,34,112,129,Ruud C.,4,275,176,99,19,16,157,83,BMW Open,Munich,Outdoor,Clay,2021-05-01,3.75,1.28,1
Munar J.,104,178,75,103,7,12,68,91,De Minaur A.,19,272,161,111,30,19,131,92,Mutua Madrid Open,Madrid,Outdoor,Clay,2021-05-02,1.9,1.9,0
Fucsovics M.,67,249,121,128,26,24,95,104,Bublik A.,25,219,110,109,39,30,71,79,Mutua Madrid Open,Madrid,Outdoor,Clay,2021-05-02,1.53,2.5,0
Lajovic D.,66,378,163,215,21,36,142,179,Shapovalov D.,29,298,166,132,30,27,136,105,Mutua Madrid Open,Madrid,Outdoor,Clay,2021-05-02,2.62,1.5,0
Ramos-Vinolas A.,82,437,204,233,17,31,187,202,Norrie C.,13,287,172,115,15,18,157,97,Millennium Estoril Open,Estoril,Outdoor,Clay,2021-05-02,1.57,2.37,1
Martinez P.,135,118,50,68,7,6,43,62,Paul T.,14,204,111,93,19,13,92,80,Mutua Madrid Open,Madrid,Outdoor,Clay,2021-05-02,1.66,2.2,0
Basilashvili N.,118,301,138,163,26,34,112,129,Struff J.L.,21,369,170,199,43,42,127,157,BMW Open,Munich,Outdoor,Clay,2021-05-02,1.72,2.1,1
Taberner C.,181,37,13,24,4,6,9,18,Fognini F.,128,742,383,359,39,48,344,311,Mutua Madrid Open,Madrid,Outdoor,Clay,2021-05-03,2.37,1.57,0
Carreno Busta P.,16,352,214,138,33,25,181,113,Delbonis F.,131,340,152,188,19,23,133,165,Mutua Madrid Open,Madrid,Outdoor,Clay,2021-05-03,1.3,3.5,0
Verdasco F.,244,962,537,425,79,79,458,346,Garin C.,101,190,103,87,15,13,88,74,Mutua Madrid Open,Madrid,Outdoor,Clay,2021-05-03,5.0,1.16,0
Giron M.,69,150,68,82,20,14,48,68,Andujar P.,323,404,164,240,12,30,152,210,Mutua Madrid Open,Madrid,Outdoor,Clay,2021-05-03,2.75,1.44,1
Alcaraz C.,1,164,130,34,10,5,120,29,Mannarino A.,27,567,264,303,60,73,204,230,Mutua Madrid Open,Madrid,Outdoor,Clay,2021-05-03,1.2,4.5,1
Koepfer D.,84,86,38,48,3,3,35,45,Opelka R.,17,168,88,80,17,10,71,70,Mutua Madrid Open,Madrid,Outdoor,Clay,2021-05-03,1.72,2.1,1
Karatsev A.,75,136,66,70,10,22,56,48,Humbert U.,36,170,80,90,23,21,57,69,Mutua Madrid Open,Madrid,Outdoor,Clay,2021-05-03,1.3,3.5,1
Kecmanovic M.,40,210,107,103,12,16,95,87,Isner J.,114,755,465,290,53,45,412,245,Mutua Madrid Open,Madrid,Outdoor,Clay,2021-05-03,1.66,2.2,0
Dimitrov G.,20,651,389,262,79,50,310,212,Harris L.,186,129,59,70,7,8,52,62,Mutua Madrid Open,Madrid,Outdoor,Clay,2021-05-03,1.36,3.2,0
Chardy J.,542,591,289,302,44,48,245,254,Evans D.,30,251,124,127,18,16,106,111,Mutua Madrid Open,Madrid,Outdoor,Clay,2021-05-03,2.2,1.66,0
Harris L.,186,129,59,70,7,8,52,62,De Minaur A.,19,272,161,111,30,19,131,92,Mutua Madrid Open,Madrid,Outdoor,Clay,2021-05-04,2.5,1.53,0
Thiem D.,116,517,327,190,53,39,274,151,Giron M.,69,150,68,82,20,14,48,68,Mutua Madrid Open,Madrid,Outdoor,Clay,2021-05-04,1.16,5.0,1
Berrettini M.,38,217,142,75,14,11,128,64,Fognini F.,128,742,383,359,39,48,344,311,Mutua Madrid Open,Madrid,Outdoor,Clay,2021-05-04,1.33,3.4,1
Shapovalov D.,29,298,166,132,30,27,136,105,Bublik A.,25,219,110,109,39,30,71,79,Mutua Madrid Open,Madrid,Outdoor,Clay,2021-05-04,1.44,2.75,0
Paul T.,14,204,111,93,19,13,92,80,Rublev A.,7,392,255,137,57,34,198,103,Mutua Madrid Open,Madrid,Outdoor,Clay,2021-05-04,6.5,1.11,0
Paire B.,149,527,237,290,39,56,198,234,Basilashvili N.,118,301,138,163,26,34,112,129,Mutua Madrid Open,Madrid,Outdoor,Clay,2021-05-04,4.33,1.22,1
Cecchinato M.,108,204,79,125,2,14,77,111,Bautista Agut R.,25,379,234,145,31,29,203,116,Mutua Madrid Open,Madrid,Outdoor,Clay,2021-05-04,3.5,1.3,0
Fritz T.,9,356,205,151,26,22,179,129,Ramos-Vinolas A.,82,437,204,233,17,31,187,202,Mutua Madrid Open,Madrid,Outdoor,Clay,2021-05-04,1.72,2.1,0
Popyrin A.,90,140,59,81,9,13,50,68,Struff J.L.,21,369,170,199,43,42,127,157,Mutua Madrid Open,Madrid,Outdoor,Clay,2021-05-04,2.0,1.8,1
Krajinovic F.,93,240,115,125,38,34,77,91,Nishioka Y.,31,215,99,116,15,15,84,101,Mutua Madrid Open,Madrid,Outdoor,Clay,2021-05-04,1.16,5.0,0
Herbert P.H.,157,202,89,113,31,38,58,75,Davidovich Fokina A.,39,168,84,84,17,20,67,64,Mutua Madrid Open,Madrid,Outdoor,Clay,2021-05-04,2.37,1.57,0
Khachanov K.,11,378,217,161,44,38,173,123,Nishikori K.,439,617,408,209,70,33,338,176,Mutua Madrid Open,Madrid,Outdoor,Clay,2021-05-04,2.0,1.8,0
Auger-Aliassime F.,12,268,163,105,48,22,115,83,Ruud C.,4,275,176,99,19,16,157,83,Mutua Madrid Open,Madrid,Outdoor,Clay,2021-05-04,1.8,2.0,0
Millman J.,140,256,113,143,21,22,92,121,Hurkacz H.,17,238,137,101,27,24,110,77,Mutua Madrid Open,Madrid,Outdoor,Clay,2021-05-04,2.75,1.44,1
Sinner J.,8,224,153,71,42,19,111,52,Pella G.,199,260,118,142,14,16,104,126,Mutua Madrid Open,Madrid,Outdoor,Clay,2021-05-04,1.08,8.0,1
Tsitsipas S.,5,390,264,126,49,32,215,94,Paire B.,149,527,237,290,39,56,198,234,Mutua Madrid Open,Madrid,Outdoor,Clay,2021-05-05,1.05,11.0,1
Ruud C.,4,275,176,99,19,16,157,83,Nishioka Y.,31,215,99,116,15,15,84,101,Mutua Madrid Open,Madrid,Outdoor,Clay,2021-05-05,1.11,6.5,1
Sinner J.,8,224,153,71,42,19,111,52,Popyrin A.,90,140,59,81,9,13,50,68,Mutua Madrid Open,Madrid,Outdoor,Clay,2021-05-05,1.14,5.5,0
Alcaraz C.,1,164,130,34,10,5,120,29,Nadal R.,2,1223,1017,206,76,40,941,166,Mutua Madrid Open,Madrid,Outdoor,Clay,2021-05-05,8.0,1.08,0
Delbonis F.,131,340,152,188,19,23,133,165,Ramos-Vinolas A.,82,437,204,233,17,31,187,202,Mutua Madrid Open,Madrid,Outdoor,Clay,2021-05-05,1.57,2.37,1
Isner J.,114,755,465,290,53,45,412,245,Bautista Agut R.,25,379,234,145,31,29,203,116,Mutua Madrid Open,Madrid,Outdoor,Clay,2021-05-05,3.75,1.28,1
Evans D.,30,251,124,127,18,16,106,111,Millman J.,140,256,113,143,21,22,92,121,Mutua Madrid Open,Madrid,Outdoor,Clay,2021-05-05,1.4,3.0,1
Medvedev D.,3,406,289,117,69,27,220,90,Davidovich Fokina A.,39,168,84,84,17,20,67,64,Mutua Madrid Open,Madrid,Outdoor,Clay,2021-05-05,1.57,2.37,1
Schwartzman D.,95,428,233,195,32,27,201,168,Karatsev A.,75,136,66,70,10,22,56,48,Mutua Madrid Open,Madrid,Outdoor,Clay,2021-05-05,2.3,1.61,0
Koepfer D.,84,86,38,48,3,3,35,45,Garin C.,101,190,103,87,15,13,88,74,Mutua Madrid Open,Madrid,Outdoor,Clay,2021-05-05,3.0,1.4,0
Zverev A.,19,500,346,154,60,31,286,123,Nishikori K.,439,617,408,209,70,33,338,176,Mutua Madrid Open,Madrid,Outdoor,Clay,2021-05-05,1.44,2.75,1
Karatsev A.,75,136,66,70,10,22,56,48,Bublik A.,25,219,110,109,39,30,71,79,Mutua Madrid Open,Madrid,Outdoor,Clay,2021-05-06,1.3,3.5,0
De Minaur A.,19,272,161,111,30,19,131,92,Thiem D.,116,517,327,190,53,39,274,151,Mutua Madrid Open,Madrid,Outdoor,Clay,2021-05-06,4.0,1.25,0
Medvedev D.,3,406,289,117,69,27,220,90,Garin C.,101,190,103,87,15,13,88,74,Mutua Madrid Open,Madrid,Outdoor,Clay,2021-05-06,1.61,2.3,0
Nadal R.,2,1223,1017,206,76,40,941,166,Popyrin A.,90,140,59,81,9,13,50,68,Mutua Madrid Open,Madrid,Outdoor,Clay,2021-05-06,1.04,13.0,1
Isner J.,114,755,465,290,53,45,412,245,Rublev A.,7,392,255,137,57,34,198,103,Mutua Madrid Open,Madrid,Outdoor,Clay,2021-05-06,3.5,1.3,1
Ruud C.,4,275,176,99,19,16,157,83,Tsitsipas S.,5,390,264,126,49,32,215,94,Mutua Madrid Open,Madrid,Outdoor,Clay,2021-05-06,4.0,1.25,1
Zverev A.,19,500,346,154,60,31,286,123,Evans D.,30,251,124,127,18,16,106,111,Mutua Madrid Open,Madrid,Outdoor,Clay,2021-05-06,1.25,4.0,1
Delbonis F.,131,340,152,188,19,23,133,165,Berrettini M.,38,217,142,75,14,11,128,64,Mutua Madrid Open,Madrid,Outdoor,Clay,2021-05-06,4.0,1.25,0
Garin C.,101,190,103,87,15,13,88,74,Berrettini M.,38,217,142,75,14,11,128,64,Mutua Madrid Open,Madrid,Outdoor,Clay,2021-05-07,2.5,1.53,0
Ruud C.,4,275,176,99,19,16,157,83,Bublik A.,25,219,110,109,39,30,71,79,Mutua Madrid Open,Madrid,Outdoor,Clay,2021-05-07,1.3,3.5,1
Nadal R.,2,1223,1017,206,76,40,941,166,Zverev A.,19,500,346,154,60,31,286,123,Mutua Madrid Open,Madrid,Outdoor,Clay,2021-05-07,1.22,4.33,0
Isner J.,114,755,465,290,53,45,412,245,Thiem D.,116,517,327,190,53,39,274,151,Mutua Madrid Open,Madrid,Outdoor,Clay,2021-05-07,3.75,1.28,0
Thiem D.,116,517,327,190,53,39,274,151,Zverev A.,19,500,346,154,60,31,286,123,Mutua Madrid Open,Madrid,Outdoor,Clay,2021-05-08,2.1,1.72,0
Ruud C.,4,275,176,99,19,16,157,83,Berrettini M.,38,217,142,75,14,11,128,64,Mutua Madrid Open,Madrid,Outdoor,Clay,2021-05-08,1.66,2.2,0
Berrettini M.,38,217,142,75,14,11,128,64,Zverev A.,19,500,346,154,60,31,286,123,Mutua Madrid Open,Madrid,Outdoor,Clay,2021-05-09,2.3,1.61,0
Auger-Aliassime F.,12,268,163,105,48,22,115,83,Krajinovic F.,93,240,115,125,38,34,77,91,Internazionali BNL d'Italia,Rome,Outdoor,Clay,2021-05-09,1.72,2.1,1
Carreno Busta P.,16,352,214,138,33,25,181,113,Djere L.,38,243,120,123,10,22,110,101,Internazionali BNL d'Italia,Rome,Outdoor,Clay,2021-05-09,1.36,3.2,1
Gasquet R.,48,948,581,367,133,82,448,285,Opelka R.,17,168,88,80,17,10,71,70,Internazionali BNL d'Italia,Rome,Outdoor,Clay,2021-05-09,1.72,2.1,0
Caruso S.,146,63,19,44,5,9,14,35,Goffin D.,123,522,296,226,66,52,230,174,Internazionali BNL d'Italia,Rome,Outdoor,Clay,2021-05-09,3.0,1.4,0
Mannarino A.,27,567,264,303,60,73,204,230,Dellien H.,164,70,22,48,5,5,17,43,Internazionali BNL d'Italia,Rome,Outdoor,Clay,2021-05-10,3.5,1.3,0
Bublik A.,25,219,110,109,39,30,71,79,Cilic M.,100,853,543,310,119,65,424,245,Internazionali BNL d'Italia,Rome,Outdoor,Clay,2021-05-10,2.1,1.72,0
Struff J.L.,21,369,170,199,43,42,127,157,Bedene A.,347,291,131,160,18,23,113,137,Internazionali BNL d'Italia,Rome,Outdoor,Clay,2021-05-10,1.53,2.5,1
Hurkacz H.,17,238,137,101,27,24,110,77,Musetti L.,18,143,79,64,12,12,67,52,Internazionali BNL d'Italia,Rome,Outdoor,Clay,2021-05-10,2.37,1.57,0
De Minaur A.,19,272,161,111,30,19,131,92,Mager G.,67,59,24,35,3,7,21,28,Internazionali BNL d'Italia,Rome,Outdoor,Clay,2021-05-10,1.5,2.62,0
Garin C.,101,190,103,87,15,13,88,74,Harris L.,186,129,59,70,7,8,52,62,Internazionali BNL d'Italia,Rome,Outdoor,Clay,2021-05-10,1.25,4.0,1
Travaglia S.,1024,81,27,54,5,12,22,42,Paire B.,149,527,237,290,39,56,198,234,Internazionali BNL d'Italia,Rome,Outdoor,Clay,2021-05-10,1.3,3.5,1
Khachanov K.,11,378,217,161,44,38,173,123,Delbonis F.,131,340,152,188,19,23,133,165,Internazionali BNL d'Italia,Rome,Outdoor,Clay,2021-05-10,1.8,2.0,0
Nishikori K.,439,617,408,209,70,33,338,176,Fognini F.,128,742,383,359,39,48,344,311,Internazionali BNL d'Italia,Rome,Outdoor,Clay,2021-05-10,1.72,2.1,1
Kecmanovic M.,40,210,107,103,12,16,95,87,Karatsev A.,75,136,66,70,10,22,56,48,Internazionali BNL d'Italia,Rome,Outdoor,Clay,2021-05-10,3.5,1.3,0
Fucsovics M.,67,249,121,128,26,24,95,104,Nishioka Y.,31,215,99,116,15,15,84,101,Internazionali BNL d'Italia,Rome,Outdoor,Clay,2021-05-10,,,1
Fritz T.,9,356,205,151,26,22,179,129,Evans D.,30,251,124,127,18,16,106,111,Internazionali BNL d'Italia,Rome,Outdoor,Clay,2021-05-10,2.3,1.61,1
Humbert U.,36,170,80,90,23,21,57,69,Sinner J.,8,224,153,71,42,19,111,52,Internazionali BNL d'Italia,Rome,Outdoor,Clay,2021-05-10,5.0,1.16,0
Schwartzman D.,95,428,233,195,32,27,201,168,Auger-Aliassime F.,12,268,163,105,48,22,115,83,Internazionali BNL d'Italia,Rome,Outdoor,Clay,2021-05-11,1.53,2.5,0
Carreno Busta P.,16,352,214,138,33,25,181,113,Nishikori K.,439,617,408,209,70,33,338,176,Internazionali BNL d'Italia,Rome,Outdoor,Clay,2021-05-11,1.9,1.9,0
Opelka R.,17,168,88,80,17,10,71,70,Musetti L.,18,143,79,64,12,12,67,52,Internazionali BNL d'Italia,Rome,Outdoor,Clay,2021-05-11,3.4,1.33,1
Basilashvili N.,118,301,138,163,26,34,112,129,Berrettini M.,38,217,142,75,14,11,128,64,Internazionali BNL d'Italia,Rome,Outdoor,Clay,2021-05-11,3.4,1.33,0
Sonego L.,43,221,107,114,19,17,88,97,Monfils G.,323,816,510,306,131,65,379,241,Internazionali BNL d'Italia,Rome,Outdoor,Clay,2021-05-11,1.25,4.0,1
Djokovic N.,2,1207,1012,195,146,42,866,153,Fritz T.,9,356,205,151,26,22,179,129,Internazionali BNL d'Italia,Rome,Outdoor,Clay,2021-05-11,1.11,6.5,1
Norrie C.,13,287,172,115,15,18,157,97,Carballes Baena R.,64,207,91,116,11,10,80,106,Internazionali BNL d'Italia,Rome,Outdoor,Clay,2021-05-11,1.4,3.0,1
Paul T.,14,204,111,93,19,13,92,80,Bautista Agut R.,25,379,234,145,31,29,203,116,Internazionali BNL d'Italia,Rome,Outdoor,Clay,2021-05-11,3.5,1.3,0
Dimitrov G.,20,651,389,262,79,50,310,212,Davidovich Fokina A.,39,168,84,84,17,20,67,64,Internazionali BNL d'Italia,Rome,Outdoor,Clay,2021-05-11,2.2,1.66,0
Millman J.,140,256,113,143,21,22,92,121,Lajovic D.,66,378,163,215,21,36,142,179,Internazionali BNL d'Italia,Rome,Outdoor,Clay,2021-05-11,2.2,1.66,1
Shapovalov D.,29,298,166,132,30,27,136,105,Majchrzak K.,121,50,19,31,3,4,16,27,Internazionali BNL d'Italia,Rome,Outdoor,Clay,2021-05-11,1.36,3.2,1
Nadal R.,2,1223,1017,206,76,40,941,166,Sinner J.,8,224,153,71,42,19,111,52,Internazionali BNL d'Italia,Rome,Outdoor,Clay,2021-05-12,1.22,4.33,1
Millman J.,140,256,113,143,21,22,92,121,Berrettini M.,38,217,142,75,14,11,128,64,Internazionali BNL d'Italia,Rome,Outdoor,Clay,2021-05-12,5.5,1.14,0
Shapovalov D.,29,298,166,132,30,27,136,105,Travaglia S.,1024,81,27,54,5,12,22,42,Internazionali BNL d'Italia,Rome,Outdoor,Clay,2021-05-12,1.44,2.75,1
Cilic M.,100,853,543,310,119,65,424,245,Tsitsipas S.,5,390,264,126,49,32,215,94,Internazionali BNL d'Italia,Rome,Outdoor,Clay,2021-05-12,7.0,1.1,0
Goffin D.,123,522,296,226,66,52,230,174,Delbonis F.,131,340,152,188,19,23,133,165,Internazionali BNL d'Italia,Rome,Outdoor,Clay,2021-05-12,1.72,2.1,0
Medvedev D.,3,406,289,117,69,27,220,90,Karatsev A.,75,136,66,70,10,22,56,48,Internazionali BNL d'Italia,Rome,Outdoor,Clay,2021-05-12,2.0,1.8,0
Mager G.,67,59,24,35,3,7,21,28,Sonego L.,43,221,107,114,19,17,88,97,Internazionali BNL d'Italia,Rome,Outdoor,Clay,2021-05-12,2.2,1.66,0
Rublev A.,7,392,255,137,57,34,198,103,Struff J.L.,21,369,170,199,43,42,127,157,Internazionali BNL d'Italia,Rome,Outdoor,Clay,2021-05-12,1.16,5.0,1
Davidovich Fokina A.,39,168,84,84,17,20,67,64,Norrie C.,13,287,172,115,15,18,157,97,Internazionali BNL d'Italia,Rome,Outdoor,Clay,2021-05-12,1.53,2.5,1
Bautista Agut R.,25,379,234,145,31,29,203,116,Garin C.,101,190,103,87,15,13,88,74,Internazionali BNL d'Italia,Rome,Outdoor,Clay,2021-05-12,1.72,2.1,1
Thiem D.,116,517,327,190,53,39,274,151,Fucsovics M.,67,249,121,128,26,24,95,104,Internazionali BNL d'Italia,Rome,Outdoor,Clay,2021-05-12,1.28,3.75,1
Zverev A.,19,500,346,154,60,31,286,123,Dellien H.,164,70,22,48,5,5,17,43,Internazionali BNL d'Italia,Rome,Outdoor,Clay,2021-05-12,1.07,9.0,1
Nishikori K.,439,617,408,209,70,33,338,176,Zverev A.,19,500,346,154,60,31,286,123,Internazionali BNL d'Italia,Rome,Outdoor,Clay,2021-05-13,4.0,1.25,0
Rublev A.,7,392,255,137,57,34,198,103,Bautista Agut R.,25,379,234,145,31,29,203,116,Internazionali BNL d'Italia,Rome,Outdoor,Clay,2021-05-13,1.57,2.37,1
Auger-Aliassime F.,12,268,163,105,48,22,115,83,Delbonis F.,131,340,152,188,19,23,133,165,Internazionali BNL d'Italia,Rome,Outdoor,Clay,2021-05-13,1.57,2.37,0
Thiem D.,116,517,327,190,53,39,274,151,Sonego L.,43,221,107,114,19,17,88,97,Internazionali BNL d'Italia,Rome,Outdoor,Clay,2021-05-13,1.28,3.75,0
Tsitsipas S.,5,390,264,126,49,32,215,94,Berrettini M.,38,217,142,75,14,11,128,64,Internazionali BNL d'Italia,Rome,Outdoor,Clay,2021-05-13,1.4,3.0,1
Djokovic N.,2,1207,1012,195,146,42,866,153,Davidovich Fokina A.,39,168,84,84,17,20,67,64,Internazionali BNL d'Italia,Rome,Outdoor,Clay,2021-05-13,1.16,5.0,1
Opelka R.,17,168,88,80,17,10,71,70,Karatsev A.,75,136,66,70,10,22,56,48,Internazionali BNL d'Italia,Rome,Outdoor,Clay,2021-05-13,3.4,1.33,1
Nadal R.,2,1223,1017,206,76,40,941,166,Shapovalov D.,29,298,166,132,30,27,136,105,Internazionali BNL d'Italia,Rome,Outdoor,Clay,2021-05-13,1.07,9.0,1
Opelka R.,17,168,88,80,17,10,71,70,Delbonis F.,131,340,152,188,19,23,133,165,Internazionali BNL d'Italia,Rome,Outdoor,Clay,2021-05-14,2.3,1.61,1
Nadal R.,2,1223,1017,206,76,40,941,166,Zverev A.,19,500,346,154,60,31,286,123,Internazionali BNL d'Italia,Rome,Outdoor,Clay,2021-05-14,1.4,3.0,1
Djokovic N.,2,1207,1012,195,146,42,866,153,Tsitsipas S.,5,390,264,126,49,32,215,94,Internazionali BNL d'Italia,Rome,Outdoor,Clay,2021-05-15,1.57,2.37,1
Rublev A.,7,392,255,137,57,34,198,103,Sonego L.,43,221,107,114,19,17,88,97,Internazionali BNL d'Italia,Rome,Outdoor,Clay,2021-05-15,1.28,3.75,0
Opelka R.,17,168,88,80,17,10,71,70,Nadal R.,2,1223,1017,206,76,40,941,166,Internazionali BNL d'Italia,Rome,Outdoor,Clay,2021-05-15,8.0,1.08,0
Djokovic N.,2,1207,1012,195,146,42,866,153,Sonego L.,43,221,107,114,19,17,88,97,Internazionali BNL d'Italia,Rome,Outdoor,Clay,2021-05-15,1.16,5.0,1
Nadal R.,2,1223,1017,206,76,40,941,166,Djokovic N.,2,1207,1012,195,146,42,866,153,Internazionali BNL d'Italia,Rome,Outdoor,Clay,2021-05-16,1.5,2.62,1
Humbert U.,36,170,80,90,23,21,57,69,Nishioka Y.,31,215,99,116,15,15,84,101,Lyon Open,Lyon,Outdoor,Clay,2021-05-17,1.44,2.75,0
Herbert P.H.,157,202,89,113,31,38,58,75,Korda S.,26,126,75,51,15,9,60,42,Lyon Open,Lyon,Outdoor,Clay,2021-05-17,2.1,1.72,0
Koepfer D.,84,86,38,48,3,3,35,45,Paire B.,149,527,237,290,39,56,198,234,Geneva Open,Geneva,Outdoor,Clay,2021-05-17,1.4,3.0,1
Simon G.,188,869,491,378,135,94,356,284,Bedene A.,347,291,131,160,18,23,113,137,Lyon Open,Lyon,Outdoor,Clay,2021-05-17,2.2,1.66,0
Moutet C.,80,118,50,68,5,11,45,57,Norrie C.,13,287,172,115,15,18,157,97,Lyon Open,Lyon,Outdoor,Clay,2021-05-17,2.1,1.72,0
Cazaux A.,190,4,1,3,0,0,1,3,Mannarino A.,27,567,264,303,60,73,204,230,Geneva Open,Geneva,Outdoor,Clay,2021-05-17,2.2,1.66,1
Caruso S.,146,63,19,44,5,9,14,35,Sandgren T.,153,121,47,74,2,9,45,65,Geneva Open,Geneva,Outdoor,Clay,2021-05-17,1.57,2.37,0
Andujar P.,323,404,164,240,12,30,152,210,Thompson J.,71,221,96,125,10,10,86,115,Geneva Open,Geneva,Outdoor,Clay,2021-05-17,1.4,3.0,1
Lopez F.,634,863,441,422,71,82,370,340,Altmaier D.,51,79,28,51,1,5,27,46,Geneva Open,Geneva,Outdoor,Clay,2021-05-18,2.3,1.61,1
Auger-Aliassime F.,12,268,163,105,48,22,115,83,Musetti L.,18,143,79,64,12,12,67,52,Lyon Open,Lyon,Outdoor,Clay,2021-05-18,1.53,2.5,0
Majchrzak K.,121,50,19,31,3,4,16,27,Sousa J.,147,436,189,247,42,44,147,203,Lyon Open,Lyon,Outdoor,Clay,2021-05-18,1.5,2.62,1
Khachanov K.,11,378,217,161,44,38,173,123,Bonzi B.,107,83,37,46,10,13,27,33,Lyon Open,Lyon,Outdoor,Clay,2021-05-18,1.33,3.4,1
Seyboth Wild T.,117,28,12,16,7,3,5,13,Monfils G.,323,816,510,306,131,65,379,241,Lyon Open,Lyon,Outdoor,Clay,2021-05-18,2.62,1.5,0
Barrere G.,59,79,31,48,11,16,20,32,Gasquet R.,48,948,581,367,133,82,448,285,Lyon Open,Lyon,Outdoor,Clay,2021-05-18,2.37,1.57,0
Tsonga J.W.,297,672,444,228,139,62,305,166,Paul T.,14,204,111,93,19,13,92,80,Lyon Open,Lyon,Outdoor,Clay,2021-05-18,3.75,1.28,0
Cuevas P.,149,421,210,211,34,25,176,186,Opelka R.,17,168,88,80,17,10,71,70,Geneva Open,Geneva,Outdoor,Clay,2021-05-18,2.62,1.5,1
Federer R.,8,1143,981,162,167,29,814,133,Andujar P.,323,404,164,240,12,30,152,210,Geneva Open,Geneva,Outdoor,Clay,2021-05-18,1.3,3.5,0
Pella G.,199,260,118,142,14,16,104,126,Fognini F.,128,742,383,359,39,48,344,311,Geneva Open,Geneva,Outdoor,Clay,2021-05-18,2.75,1.44,0
Monteiro T.,121,171,69,102,9,11,60,91,Djere L.,38,243,120,123,10,22,110,101,Geneva Open,Geneva,Outdoor,Clay,2021-05-18,2.37,1.57,0
Stricker D.,106,20,10,10,2,2,8,8,Cilic M.,100,853,543,310,119,65,424,245,Geneva Open,Geneva,Outdoor,Clay,2021-05-18,4.0,1.25,1
Ivashka I.,113,159,78,81,19,18,59,63,Verdasco F.,244,962,537,425,79,79,458,346,Geneva Open,Geneva,Outdoor,Clay,2021-05-18,1.14,5.5,1
Fucsovics M.,67,249,121,128,26,24,95,104,Laaksonen H.,125,101,37,64,7,16,30,48,Geneva Open,Geneva,Outdoor,Clay,2021-05-18,1.22,4.33,1
Travaglia S.,1024,81,27,54,5,12,22,42,Cecchinato M.,108,204,79,125,2,14,77,111,Geneva Open,Geneva,Outdoor,Clay,2021-05-18,2.1,1.72,0
Rinderknech A.,67,96,46,50,16,12,30,38,Ymer M.,59,130,58,72,18,23,40,49,Lyon Open,Lyon,Outdoor,Clay,2021-05-19,2.0,1.8,1
Karatsev A.,75,136,66,70,10,22,56,48,Sinner J.,8,224,153,71,42,19,111,52,Lyon Open,Lyon,Outdoor,Clay,2021-05-19,2.3,1.61,0
Majchrzak K.,121,50,19,31,3,4,16,27,Khachanov K.,11,378,217,161,44,38,173,123,Lyon Open,Lyon,Outdoor,Clay,2021-05-19,2.75,1.44,0
Goffin D.,123,522,296,226,66,52,230,174,Bedene A.,347,291,131,160,18,23,113,137,Lyon Open,Lyon,Outdoor,Clay,2021-05-19,1.53,2.5,0
Musetti L.,18,143,79,64,12,12,67,52,Korda S.,26,126,75,51,15,9,60,42,Lyon Open,Lyon,Outdoor,Clay,2021-05-19,1.66,2.2,1
Ivashka I.,113,159,78,81,19,18,59,63,Dimitrov G.,20,651,389,262,79,50,310,212,Geneva Open,Geneva,Outdoor,Clay,2021-05-19,1.8,2.0,0
Ruud C.,4,275,176,99,19,16,157,83,Sandgren T.,153,121,47,74,2,9,45,65,Geneva Open,Geneva,Outdoor,Clay,2021-05-19,1.11,6.5,1
Koepfer D.,84,86,38,48,3,3,35,45,Lopez F.,634,863,441,422,71,82,370,340,Geneva Open,Geneva,Outdoor,Clay,2021-05-19,1.53,2.5,1
Fucsovics M.,67,249,121,128,26,24,95,104,Stricker D.,106,20,10,10,2,2,8,8,Geneva Open,Geneva,Outdoor,Clay,2021-05-19,1.33,3.4,0
Tsitsipas S.,5,390,264,126,49,32,215,94,Paul T.,14,204,111,93,19,13,92,80,Lyon Open,Lyon,Outdoor,Clay,2021-05-20,1.2,4.5,1
Schwartzman D.,95,428,233,195,32,27,201,168,Gasquet R.,48,948,581,367,133,82,448,285,Lyon Open,Lyon,Outdoor,Clay,2021-05-20,1.28,3.75,0
Nishioka Y.,31,215,99,116,15,15,84,101,Monfils G.,323,816,510,306,131,65,379,241,Lyon Open,Lyon,Outdoor,Clay,2021-05-20,2.75,1.44,1
Norrie C.,13,287,172,115,15,18,157,97,Thiem D.,116,517,327,190,53,39,274,151,Lyon Open,Lyon,Outdoor,Clay,2021-05-20,4.0,1.25,1
Cecchinato M.,108,204,79,125,2,14,77,111,Shapovalov D.,29,298,166,132,30,27,136,105,Geneva Open,Geneva,Outdoor,Clay,2021-05-20,2.75,1.44,0
Fognini F.,128,742,383,359,39,48,344,311,Djere L.,38,243,120,123,10,22,110,101,Geneva Open,Geneva,Outdoor,Clay,2021-05-20,1.72,2.1,0
Andujar P.,323,404,164,240,12,30,152,210,Stricker D.,106,20,10,10,2,2,8,8,Geneva Open,Geneva,Outdoor,Clay,2021-05-20,1.53,2.5,1
Koepfer D.,84,86,38,48,3,3,35,45,Ruud C.,4,275,176,99,19,16,157,83,Geneva Open,Geneva,Outdoor,Clay,2021-05-20,5.0,1.16,0
Cuevas P.,149,421,210,211,34,25,176,186,Dimitrov G.,20,651,389,262,79,50,310,212,Geneva Open,Geneva,Outdoor,Clay,2021-05-20,2.62,1.5,1
Djere L.,38,243,120,123,10,22,110,101,Shapovalov D.,29,298,166,132,30,27,136,105,Geneva Open,Geneva,Outdoor,Clay,2021-05-20,2.37,1.57,0
Cuevas P.,149,421,210,211,34,25,176,186,Cazaux A.,190,4,1,3,0,0,1,3,Geneva Open,Geneva,Outdoor,Clay,2021-05-20,1.5,2.62,1
Rinderknech A.,67,96,46,50,16,12,30,38,Sinner J.,8,224,153,71,42,19,111,52,Lyon Open,Lyon,Outdoor,Clay,2021-05-20,6.0,1.12,1
Tsitsipas S.,5,390,264,126,49,32,215,94,Nishioka Y.,31,215,99,116,15,15,84,101,Lyon Open,Lyon,Outdoor,Clay,2021-05-21,1.04,13.0,1
Bedene A.,347,291,131,160,18,23,113,137,Musetti L.,18,143,79,64,12,12,67,52,Lyon Open,Lyon,Outdoor,Clay,2021-05-21,2.37,1.57,0
Khachanov K.,11,378,217,161,44,38,173,123,Gasquet R.,48,948,581,367,133,82,448,285,Lyon Open,Lyon,Outdoor,Clay,2021-05-21,1.57,2.37,1
Cuevas P.,149,421,210,211,34,25,176,186,Shapovalov D.,29,298,166,132,30,27,136,105,Geneva Open,Geneva,Outdoor,Clay,2021-05-21,2.5,1.53,0
Ruud C.,4,275,176,99,19,16,157,83,Andujar P.,323,404,164,240,12,30,152,210,Geneva Open,Geneva,Outdoor,Clay,2021-05-21,1.2,4.5,1
Norrie C.,13,287,172,115,15,18,157,97,Rinderknech A.,67,96,46,50,16,12,30,38,Lyon Open,Lyon,Outdoor,Clay,2021-05-22,1.4,3.0,1
Tsitsipas S.,5,390,264,126,49,32,215,94,Musetti L.,18,143,79,64,12,12,67,52,Lyon Open,Lyon,Outdoor,Clay,2021-05-22,1.14,5.5,1
Khachanov K.,11,378,217,161,44,38,173,123,Norrie C.,13,287,172,115,15,18,157,97,Lyon Open,Lyon,Outdoor,Clay,2021-05-22,1.9,1.9,0
Ruud C.,4,275,176,99,19,16,157,83,Shapovalov D.,29,298,166,132,30,27,136,105,Geneva Open,Geneva,Outdoor,Clay,2021-05-22,1.61,2.3,1
Topo M.,478,4,0,4,0,0,0,4,Coria F.,108,99,43,56,2,6,41,50,Belgrade Open,Belgrade,Outdoor,Clay,2021-05-23,7.0,1.1,0
Krstin P.,285,5,1,4,0,2,1,2,Kwon S.W.,68,108,53,55,12,6,41,49,Belgrade Open,Belgrade,Outdoor,Clay,2021-05-23,6.0,1.12,1
Norrie C.,13,287,172,115,15,18,157,97,Tsitsipas S.,5,390,264,126,49,32,215,94,Lyon Open,Lyon,Outdoor,Clay,2021-05-23,5.0,1.16,0
Cobolli F.,148,14,5,9,0,1,5,8,Giron M.,69,150,68,82,20,14,48,68,Emilia-Romagna Open,Parma,Outdoor,Clay,2021-05-23,2.2,1.66,1
Chardy J.,542,591,289,302,44,48,245,254,Sandgren T.,153,121,47,74,2,9,45,65,Belgrade Open,Belgrade,Outdoor,Clay,2021-05-23,1.66,2.2,1
Paul T.,14,204,111,93,19,13,92,80,Travaglia S.,1024,81,27,54,5,12,22,42,Emilia-Romagna Open,Parma,Outdoor,Clay,2021-05-23,1.57,2.37,1
Cuevas P.,149,421,210,211,34,25,176,186,Kecmanovic M.,40,210,107,103,12,16,95,87,Belgrade Open,Belgrade,Outdoor,Clay,2021-05-24,2.2,1.66,1
Delbonis F.,131,340,152,188,19,23,133,165,Klein L.,142,7,2,5,0,1,2,4,Belgrade Open,Belgrade,Outdoor,Clay,2021-05-24,1.28,3.75,1
Lajovic D.,66,378,163,215,21,36,142,179,Berankis R.,212,249,104,145,36,31,68,114,Belgrade Open,Belgrade,Outdoor,Clay,2021-05-24,1.44,2.75,1
Verdasco F.,244,962,537,425,79,79,458,346,Pouille L.,675,259,134,125,35,26,99,99,Belgrade Open,Belgrade,Outdoor,Clay,2021-05-24,2.1,1.72,1
O Connell C.,74,65,26,39,0,0,26,39,Martin A.,723,258,107,151,6,13,101,138,Belgrade Open,Belgrade,Outdoor,Clay,2021-05-24,2.0,1.8,0
Monteiro T.,121,171,69,102,9,11,60,91,Albot R.,97,215,86,129,26,26,60,103,Belgrade Open,Belgrade,Outdoor,Clay,2021-05-24,1.33,3.4,1
Rinderknech A.,67,96,46,50,16,12,30,38,Carballes Baena R.,64,207,91,116,11,10,80,106,Belgrade Open,Belgrade,Outdoor,Clay,2021-05-24,2.2,1.66,0
Gerasimov E.,150,93,43,50,19,19,24,31,Moraing M.,253,3,1,2,0,0,1,2,Belgrade Open,Belgrade,Outdoor,Clay,2021-05-24,1.5,2.62,0
Molcan A.,120,86,45,41,1,6,44,35,Medjedovic H.,147,11,3,8,0,1,3,7,Belgrade Open,Belgrade,Outdoor,Clay,2021-05-24,1.3,3.5,1
Brancaccio R.,336,1,0,1,0,0,0,1,Cecchinato M.,108,204,79,125,2,14,77,111,Emilia-Romagna Open,Parma,Outdoor,Clay,2021-05-25,5.0,1.16,0
Korda S.,26,126,75,51,15,9,60,42,Seppi A.,141,758,363,395,74,85,289,310,Emilia-Romagna Open,Parma,Outdoor,Clay,2021-05-25,1.16,5.0,1
Musetti L.,18,143,79,64,12,12,67,52,Mager G.,67,59,24,35,3,7,21,28,Emilia-Romagna Open,Parma,Outdoor,Clay,2021-05-25,1.5,2.62,1
Ruusuvuori E.,55,158,79,79,16,18,63,61,Gombos N.,114,66,21,45,6,14,15,31,Emilia-Romagna Open,Parma,Outdoor,Clay,2021-05-25,2.75,1.44,0
Martinez P.,135,118,50,68,7,6,43,62,Simon G.,188,869,491,378,135,94,356,284,Emilia-Romagna Open,Parma,Outdoor,Clay,2021-05-25,1.33,3.4,1
Altmaier D.,51,79,28,51,1,5,27,46,Gasquet R.,48,948,581,367,133,82,448,285,Emilia-Romagna Open,Parma,Outdoor,Clay,2021-05-25,2.3,1.61,0
Johnson S.,197,395,196,199,16,23,180,176,Vesely J.,528,288,130,158,6,19,124,139,Emilia-Romagna Open,Parma,Outdoor,Clay,2021-05-25,3.2,1.36,0
Ymer M.,59,130,58,72,18,23,40,49,Munar J.,104,178,75,103,7,12,68,91,Emilia-Romagna Open,Parma,Outdoor,Clay,2021-05-25,2.5,1.53,0
Querrey S.,287,678,369,309,48,39,321,270,Nishioka Y.,31,215,99,116,15,15,84,101,Emilia-Romagna Open,Parma,Outdoor,Clay,2021-05-25,3.75,1.28,0
Bedene A.,347,291,131,160,18,23,113,137,Caruso S.,146,63,19,44,5,9,14,35,Emilia-Romagna Open,Parma,Outdoor,Clay,2021-05-25,1.36,3.2,1
Djokovic N.,2,1207,1012,195,146,42,866,153,Moraing M.,253,3,1,2,0,0,1,2,Belgrade Open,Belgrade,Outdoor,Clay,2021-05-25,1.01,26.0,1
Coria F.,108,99,43,56,2,6,41,50,Cuevas P.,149,421,210,211,34,25,176,186,Belgrade Open,Belgrade,Outdoor,Clay,2021-05-25,3.5,1.3,1
Molcan A.,120,86,45,41,1,6,44,35,Krstin P.,285,5,1,4,0,2,1,2,Belgrade Open,Belgrade,Outdoor,Clay,2021-05-25,1.25,4.0,1
Mannarino A.,27,567,264,303,60,73,204,230,Verdasco F.,244,962,537,425,79,79,458,346,Belgrade Open,Belgrade,Outdoor,Clay,2021-05-25,2.75,1.44,0
Korda S.,26,126,75,51,15,9,60,42,Sonego L.,43,221,107,114,19,17,88,97,Emilia-Romagna Open,Parma,Outdoor,Clay,2021-05-26,2.62,1.5,1
Musetti L.,18,143,79,64,12,12,67,52,Nishioka Y.,31,215,99,116,15,15,84,101,Emilia-Romagna Open,Parma,Outdoor,Clay,2021-05-26,1.33,3.4,0
Cecchinato M.,108,204,79,125,2,14,77,111,Bedene A.,347,291,131,160,18,23,113,137,Emilia-Romagna Open,Parma,Outdoor,Clay,2021-05-26,1.8,2.0,1
Paire B.,149,527,237,290,39,56,198,234,Munar J.,104,178,75,103,7,12,68,91,Emilia-Romagna Open,Parma,Outdoor,Clay,2021-05-26,3.0,1.4,0
Martinez P.,135,118,50,68,7,6,43,62,Gasquet R.,48,948,581,367,133,82,448,285,Emilia-Romagna Open,Parma,Outdoor,Clay,2021-05-26,1.53,2.5,0
Ramos-Vinolas A.,82,437,204,233,17,31,187,202,Gombos N.,114,66,21,45,6,14,15,31,Emilia-Romagna Open,Parma,Outdoor,Clay,2021-05-26,1.53,2.5,0
Struff J.L.,21,369,170,199,43,42,127,157,Cobolli F.,148,14,5,9,0,1,5,8,Emilia-Romagna Open,Parma,Outdoor,Clay,2021-05-26,1.25,4.0,1
Paul T.,14,204,111,93,19,13,92,80,Vesely J.,528,288,130,158,6,19,124,139,Emilia-Romagna Open,Parma,Outdoor,Clay,2021-05-26,1.33,3.4,1
Martin A.,723,258,107,151,6,13,101,138,Basilashvili N.,118,301,138,163,26,34,112,129,Belgrade Open,Belgrade,Outdoor,Clay,2021-05-26,2.75,1.44,1
Chardy J.,542,591,289,302,44,48,245,254,Lajovic D.,66,378,163,215,21,36,142,179,Belgrade Open,Belgrade,Outdoor,Clay,2021-05-26,2.0,1.8,0
Monfils G.,323,816,510,306,131,65,379,241,Carballes Baena R.,64,207,91,116,11,10,80,106,Belgrade Open,Belgrade,Outdoor,Clay,2021-05-26,1.9,1.9,0
Monteiro T.,121,171,69,102,9,11,60,91,Delbonis F.,131,340,152,188,19,23,133,165,Belgrade Open,Belgrade,Outdoor,Clay,2021-05-26,2.2,1.66,0
Cecchinato M.,108,204,79,125,2,14,77,111,Gombos N.,114,66,21,45,6,14,15,31,Emilia-Romagna Open,Parma,Outdoor,Clay,2021-05-27,1.44,2.75,1
Molcan A.,120,86,45,41,1,6,44,35,Verdasco F.,244,962,537,425,79,79,458,346,Belgrade Open,Belgrade,Outdoor,Clay,2021-05-27,2.0,1.8,1
Djokovic N.,2,1207,1012,195,146,42,866,153,Coria F.,108,99,43,56,2,6,41,50,Belgrade Open,Belgrade,Outdoor,Clay,2021-05-27,1.02,19.0,1
Lajovic D.,66,378,163,215,21,36,142,179,Martin A.,723,258,107,151,6,13,101,138,Belgrade Open,Belgrade,Outdoor,Clay,2021-05-27,1.33,3.4,0
Nishioka Y.,31,215,99,116,15,15,84,101,Korda S.,26,126,75,51,15,9,60,42,Emilia-Romagna Open,Parma,Outdoor,Clay,2021-05-27,2.75,1.44,0
Carballes Baena R.,64,207,91,116,11,10,80,106,Delbonis F.,131,340,152,188,19,23,133,165,Belgrade Open,Belgrade,Outdoor,Clay,2021-05-27,2.75,1.44,0
Gasquet R.,48,948,581,367,133,82,448,285,Munar J.,104,178,75,103,7,12,68,91,Emilia-Romagna Open,Parma,Outdoor,Clay,2021-05-27,2.3,1.61,0
Paul T.,14,204,111,93,19,13,92,80,Struff J.L.,21,369,170,199,43,42,127,157,Emilia-Romagna Open,Parma,Outdoor,Clay,2021-05-27,1.9,1.9,1
Cecchinato M.,108,204,79,125,2,14,77,111,Munar J.,104,178,75,103,7,12,68,91,Emilia-Romagna Open,Parma,Outdoor,Clay,2021-05-28,1.72,2.1,1
Paul T.,14,204,111,93,19,13,92,80,Korda S.,26,126,75,51,15,9,60,42,Emilia-Romagna Open,Parma,Outdoor,Clay,2021-05-28,2.2,1.66,0
Delbonis F.,131,340,152,188,19,23,133,165,Molcan A.,120,86,45,41,1,6,44,35,Belgrade Open,Belgrade,Outdoor,Clay,2021-05-28,1.53,2.5,0
Martin A.,723,258,107,151,6,13,101,138,Djokovic N.,2,1207,1012,195,146,42,866,153,Belgrade Open,Belgrade,Outdoor,Clay,2021-05-28,19.0,1.02,0
Djokovic N.,2,1207,1012,195,146,42,866,153,Molcan A.,120,86,45,41,1,6,44,35,Belgrade Open,Belgrade,Outdoor,Clay,2021-05-29,1.02,19.0,1
Korda S.,26,126,75,51,15,9,60,42,Cecchinato M.,108,204,79,125,2,14,77,111,Emilia-Romagna Open,Parma,Outdoor,Clay,2021-05-29,1.61,2.3,1
Tsitsipas S.,5,390,264,126,49,32,215,94,Chardy J.,542,591,289,302,44,48,245,254,French Open,Paris,Outdoor,Clay,2021-05-30,1.02,17.0,1
Van De Zandschulp B.,44,117,63,54,11,11,52,43,Hurkacz H.,17,238,137,101,27,24,110,77,French Open,Paris,Outdoor,Clay,2021-05-30,2.37,1.57,1
Safiullin R.,92,42,20,22,7,7,13,15,Taberner C.,181,37,13,24,4,6,9,18,French Open,Paris,Outdoor,Clay,2021-05-30,3.75,1.28,1
Davidovich Fokina A.,39,168,84,84,17,20,67,64,Kukushkin M.,221,352,141,211,50,49,91,162,French Open,Paris,Outdoor,Clay,2021-05-30,1.03,15.0,1
Otte O.,233,78,33,45,6,14,27,31,Zverev A.,19,500,346,154,60,31,286,123,French Open,Paris,Outdoor,Clay,2021-05-30,13.0,1.04,0
Moutet C.,80,118,50,68,5,11,45,57,Djere L.,38,243,120,123,10,22,110,101,French Open,Paris,Outdoor,Clay,2021-05-30,2.0,1.8,0
Giron M.,69,150,68,82,20,14,48,68,Dimitrov G.,20,651,389,262,79,50,310,212,French Open,Paris,Outdoor,Clay,2021-05-30,4.0,1.25,1
Mcdonald M.,60,190,87,103,11,15,76,88,Ruusuvuori E.,55,158,79,79,16,18,63,61,French Open,Paris,Outdoor,Clay,2021-05-30,1.3,3.5,1
Londero J.I.,142,83,34,49,3,5,31,44,Garin C.,101,190,103,87,15,13,88,74,French Open,Paris,Outdoor,Clay,2021-05-30,10.0,1.06,0
Giannessi A.,224,35,12,23,1,4,11,19,Nishikori K.,439,617,408,209,70,33,338,176,French Open,Paris,Outdoor,Clay,2021-05-30,6.0,1.12,0
Gombos N.,114,66,21,45,6,14,15,31,Carreno Busta P.,16,352,214,138,33,25,181,113,French Open,Paris,Outdoor,Clay,2021-05-30,6.0,1.12,0
Khachanov K.,11,378,217,161,44,38,173,123,Vesely J.,528,288,130,158,6,19,124,139,French Open,Paris,Outdoor,Clay,2021-05-30,1.3,3.5,1
Andujar P.,323,404,164,240,12,30,152,210,Thiem D.,116,517,327,190,53,39,274,151,French Open,Paris,Outdoor,Clay,2021-05-30,7.0,1.1,1
Kecmanovic M.,40,210,107,103,12,16,95,87,Evans D.,30,251,124,127,18,16,106,111,French Open,Paris,Outdoor,Clay,2021-05-30,2.5,1.53,1
Galan D.E.,76,78,33,45,3,5,30,40,Pella G.,199,260,118,142,14,16,104,126,French Open,Paris,Outdoor,Clay,2021-05-30,1.36,3.2,0
Vilella Martinez M.,167,10,4,6,0,0,4,6,Bautista Agut R.,25,379,234,145,31,29,203,116,French Open,Paris,Outdoor,Clay,2021-05-30,6.0,1.12,0
Hanfmann Y.,50,99,50,49,5,4,45,45,Laaksonen H.,125,101,37,64,7,16,30,48,French Open,Paris,Outdoor,Clay,2021-05-30,1.72,2.1,0
Gerasimov E.,150,93,43,50,19,19,24,31,Couacaud E.,158,9,2,7,0,1,2,6,French Open,Paris,Outdoor,Clay,2021-05-30,2.2,1.66,0
Barrere G.,59,79,31,48,11,16,20,32,Fognini F.,128,742,383,359,39,48,344,311,French Open,Paris,Outdoor,Clay,2021-05-30,4.0,1.25,0
Fucsovics M.,67,249,121,128,26,24,95,104,Simon G.,188,869,491,378,135,94,356,284,French Open,Paris,Outdoor,Clay,2021-05-30,1.1,7.0,1
Korda S.,26,126,75,51,15,9,60,42,Martinez P.,135,118,50,68,7,6,43,62,French Open,Paris,Outdoor,Clay,2021-05-31,1.33,3.4,0
Alcaraz C.,1,164,130,34,10,5,120,29,Zapata Miralles B.,54,80,32,48,1,6,31,42,French Open,Paris,Outdoor,Clay,2021-05-31,1.28,3.75,1
Majchrzak K.,121,50,19,31,3,4,16,27,Cazaux A.,190,4,1,3,0,0,1,3,French Open,Paris,Outdoor,Clay,2021-05-31,1.53,2.5,1
Federer R.,8,1143,981,162,167,29,814,133,Istomin D.,267,440,194,246,44,51,150,195,French Open,Paris,Outdoor,Clay,2021-05-31,1.12,6.0,1
Harris L.,186,129,59,70,7,8,52,62,Sonego L.,43,221,107,114,19,17,88,97,French Open,Paris,Outdoor,Clay,2021-05-31,5.5,1.14,1
Tsonga J.W.,297,672,444,228,139,62,305,166,Nishioka Y.,31,215,99,116,15,15,84,101,French Open,Paris,Outdoor,Clay,2021-05-31,4.33,1.22,0
Sousa J.,147,436,189,247,42,44,147,203,Fritz T.,9,356,205,151,26,22,179,129,French Open,Paris,Outdoor,Clay,2021-05-31,6.0,1.12,0
Bourgue M.,197,5,1,4,0,1,1,3,Koepfer D.,84,86,38,48,3,3,35,45,French Open,Paris,Outdoor,Clay,2021-05-31,4.0,1.25,0
Musetti L.,18,143,79,64,12,12,67,52,Goffin D.,123,522,296,226,66,52,230,174,French Open,Paris,Outdoor,Clay,2021-05-31,1.66,2.2,1
Basilashvili N.,118,301,138,163,26,34,112,129,Lajovic D.,66,378,163,215,21,36,142,179,French Open,Paris,Outdoor,Clay,2021-05-31,1.66,2.2,1
Cilic M.,100,853,543,310,119,65,424,245,Rinderknech A.,67,96,46,50,16,12,30,38,French Open,Paris,Outdoor,Clay,2021-05-31,1.72,2.1,1
Martin A.,723,258,107,151,6,13,101,138,Opelka R.,17,168,88,80,17,10,71,70,French Open,Paris,Outdoor,Clay,2021-05-31,3.0,1.4,0
Johnson S.,197,395,196,199,16,23,180,176,Tiafoe F.,10,303,158,145,24,23,134,122,French Open,Paris,Outdoor,Clay,2021-05-31,5.0,1.16,1
Medvedev D.,3,406,289,117,69,27,220,90,Bublik A.,25,219,110,109,39,30,71,79,French Open,Paris,Outdoor,Clay,2021-05-31,1.4,3.0,1
O Connell C.,74,65,26,39,0,0,26,39,Paul T.,14,204,111,93,19,13,92,80,French Open,Paris,Outdoor,Clay,2021-05-31,3.5,1.3,0
Fratangelo B.,695,62,22,40,0,1,22,39,Norrie C.,13,287,172,115,15,18,157,97,French Open,Paris,Outdoor,Clay,2021-05-31,4.5,1.2,0
Paire B.,149,527,237,290,39,56,198,234,Ruud C.,4,275,176,99,19,16,157,83,French Open,Paris,Outdoor,Clay,2021-05-31,11.0,1.05,0
Delbonis F.,131,340,152,188,19,23,133,165,Albot R.,97,215,86,129,26,26,60,103,French Open,Paris,Outdoor,Clay,2021-05-31,1.14,5.5,1
Querrey S.,287,678,369,309,48,39,321,270,Isner J.,114,755,465,290,53,45,412,245,French Open,Paris,Outdoor,Clay,2021-05-31,3.75,1.28,0
Mager G.,67,59,24,35,3,7,21,28,Gojowczyk P.,108,172,75,97,17,18,58,79,French Open,Paris,Outdoor,Clay,2021-05-31,2.62,1.5,1
Cerundolo F.,21,104,58,46,3,7,55,39,Monteiro T.,121,171,69,102,9,11,60,91,French Open,Paris,Outdoor,Clay,2021-05-31,2.2,1.66,0
Marterer M.,144,91,31,60,2,8,29,52,Krajinovic F.,93,240,115,125,38,34,77,91,French Open,Paris,Outdoor,Clay,2021-05-31,2.62,1.5,0
Sinner J.,8,224,153,71,42,19,111,52,Herbert P.H.,157,202,89,113,31,38,58,75,French Open,Paris,Outdoor,Clay,2021-05-31,1.11,6.5,1
Thompson J.,71,221,96,125,10,10,86,115,Munar J.,104,178,75,103,7,12,68,91,French Open,Paris,Outdoor,Clay,2021-05-31,8.0,1.08,0
Verdasco F.,244,962,537,425,79,79,458,346,Kohlschreiber P.,132,812,446,366,76,73,370,293,French Open,Paris,Outdoor,Clay,2021-06-01,2.1,1.72,0
Nadal R.,2,1223,1017,206,76,40,941,166,Popyrin A.,90,140,59,81,9,13,50,68,French Open,Paris,Outdoor,Clay,2021-06-01,1.01,23.0,1
Lopez F.,634,863,441,422,71,82,370,340,Coria F.,108,99,43,56,2,6,41,50,French Open,Paris,Outdoor,Clay,2021-06-01,2.37,1.57,0
Schwartzman D.,95,428,233,195,32,27,201,168,Lu Y.,625,11,1,10,0,0,1,10,French Open,Paris,Outdoor,Clay,2021-06-01,1.01,23.0,1
Djokovic N.,2,1207,1012,195,146,42,866,153,Sandgren T.,153,121,47,74,2,9,45,65,French Open,Paris,Outdoor,Clay,2021-06-01,29.0,0.967,1
Daniel T.,111,178,67,111,3,10,64,101,Berrettini M.,38,217,142,75,14,11,128,64,French Open,Paris,Outdoor,Clay,2021-06-01,9.0,1.07,0
Kwon S.W.,68,108,53,55,12,6,41,49,Anderson K.,652,598,347,251,48,38,299,213,French Open,Paris,Outdoor,Clay,2021-06-01,2.75,1.44,1
Pouille L.,675,259,134,125,35,26,99,99,Cuevas P.,149,421,210,211,34,25,176,186,French Open,Paris,Outdoor,Clay,2021-06-01,3.0,1.4,0
Gasquet R.,48,948,581,367,133,82,448,285,Gaston H.,109,58,24,34,5,9,19,25,French Open,Paris,Outdoor,Clay,2021-06-01,1.72,2.1,1
Bagnis F.,135,121,39,82,9,8,30,74,Bonzi B.,107,83,37,46,10,13,27,33,French Open,Paris,Outdoor,Clay,2021-06-01,1.72,2.1,1
Ramos-Vinolas A.,82,437,204,233,17,31,187,202,Monfils G.,323,816,510,306,131,65,379,241,French Open,Paris,Outdoor,Clay,2021-06-01,1.61,2.3,0
Rublev A.,7,392,255,137,57,34,198,103,Struff J.L.,21,369,170,199,43,42,127,157,French Open,Paris,Outdoor,Clay,2021-06-01,1.11,6.5,0
Duckworth J.,123,143,55,88,10,9,45,79,Caruso S.,146,63,19,44,5,9,14,35,French Open,Paris,Outdoor,Clay,2021-06-01,4.0,1.25,1
Bedene A.,347,291,131,160,18,23,113,137,Mannarino A.,27,567,264,303,60,73,204,230,French Open,Paris,Outdoor,Clay,2021-06-01,1.25,4.0,1
Brooksby J.,39,79,46,33,6,5,40,28,Karatsev A.,75,136,66,70,10,22,56,48,French Open,Paris,Outdoor,Clay,2021-06-01,5.5,1.14,0
Berankis R.,212,249,104,145,36,31,68,114,Humbert U.,36,170,80,90,23,21,57,69,French Open,Paris,Outdoor,Clay,2021-06-01,3.75,1.28,1
Travaglia S.,1024,81,27,54,5,12,22,42,De Minaur A.,19,272,161,111,30,19,131,92,French Open,Paris,Outdoor,Clay,2021-06-01,2.3,1.61,0
Ymer M.,59,130,58,72,18,23,40,49,Carballes Baena R.,64,207,91,116,11,10,80,106,French Open,Paris,Outdoor,Clay,2021-06-01,2.2,1.66,1
Uchiyama Y.,314,33,9,24,1,3,8,21,Cecchinato M.,108,204,79,125,2,14,77,111,French Open,Paris,Outdoor,Clay,2021-06-01,13.0,1.04,0
Auger-Aliassime F.,12,268,163,105,48,22,115,83,Seppi A.,141,758,363,395,74,85,289,310,French Open,Paris,Outdoor,Clay,2021-06-01,1.06,10.0,0
Munar J.,104,178,75,103,7,12,68,91,Opelka R.,17,168,88,80,17,10,71,70,French Open,Paris,Outdoor,Clay,2021-06-02,2.0,1.8,0
Pella G.,199,260,118,142,14,16,104,126,Giron M.,69,150,68,82,20,14,48,68,French Open,Paris,Outdoor,Clay,2021-06-02,1.44,2.75,0
Tsitsipas S.,5,390,264,126,49,32,215,94,Martinez P.,135,118,50,68,7,6,43,62,French Open,Paris,Outdoor,Clay,2021-06-02,1.05,11.0,1
Medvedev D.,3,406,289,117,69,27,220,90,Paul T.,14,204,111,93,19,13,92,80,French Open,Paris,Outdoor,Clay,2021-06-02,1.28,3.75,1
Couacaud E.,158,9,2,7,0,1,2,6,Carreno Busta P.,16,352,214,138,33,25,181,113,French Open,Paris,Outdoor,Clay,2021-06-02,13.0,1.04,0
Monteiro T.,121,171,69,102,9,11,60,91,Johnson S.,197,395,196,199,16,23,180,176,French Open,Paris,Outdoor,Clay,2021-06-02,1.16,5.0,0
Mcdonald M.,60,190,87,103,11,15,76,88,Garin C.,101,190,103,87,15,13,88,74,French Open,Paris,Outdoor,Clay,2021-06-02,3.75,1.28,0
Krajinovic F.,93,240,115,125,38,34,77,91,Isner J.,114,755,465,290,53,45,412,245,French Open,Paris,Outdoor,Clay,2021-06-02,1.8,2.0,0
Khachanov K.,11,378,217,161,44,38,173,123,Nishikori K.,439,617,408,209,70,33,338,176,French Open,Paris,Outdoor,Clay,2021-06-02,1.9,1.9,0
Van De Zandschulp B.,44,117,63,54,11,11,52,43,Davidovich Fokina A.,39,168,84,84,17,20,67,64,French Open,Paris,Outdoor,Clay,2021-06-02,4.5,1.2,0
Bautista Agut R.,25,379,234,145,31,29,203,116,Laaksonen H.,125,101,37,64,7,16,30,48,French Open,Paris,Outdoor,Clay,2021-06-02,1.08,8.0,0
Majchrzak K.,121,50,19,31,3,4,16,27,Ruud C.,4,275,176,99,19,16,157,83,French Open,Paris,Outdoor,Clay,2021-06-02,10.0,1.06,0
Zverev A.,19,500,346,154,60,31,286,123,Safiullin R.,92,42,20,22,7,7,13,15,French Open,Paris,Outdoor,Clay,2021-06-02,1.03,15.0,1
Kecmanovic M.,40,210,107,103,12,16,95,87,Djere L.,38,243,120,123,10,22,110,101,French Open,Paris,Outdoor,Clay,2021-06-02,2.2,1.66,0
Andujar P.,323,404,164,240,12,30,152,210,Delbonis F.,131,340,152,188,19,23,133,165,French Open,Paris,Outdoor,Clay,2021-06-02,2.2,1.66,0
Fognini F.,128,742,383,359,39,48,344,311,Fucsovics M.,67,249,121,128,26,24,95,104,French Open,Paris,Outdoor,Clay,2021-06-02,1.72,2.1,1
Nadal R.,2,1223,1017,206,76,40,941,166,Gasquet R.,48,948,581,367,133,82,448,285,French Open,Paris,Outdoor,Clay,2021-06-03,1.01,26.0,1
Alcaraz C.,1,164,130,34,10,5,120,29,Basilashvili N.,118,301,138,163,26,34,112,129,French Open,Paris,Outdoor,Clay,2021-06-03,1.72,2.1,1
Bagnis F.,135,121,39,82,9,8,30,74,Struff J.L.,21,369,170,199,43,42,127,157,French Open,Paris,Outdoor,Clay,2021-06-03,2.62,1.5,0
Cilic M.,100,853,543,310,119,65,424,245,Federer R.,8,1143,981,162,167,29,814,133,French Open,Paris,Outdoor,Clay,2021-06-03,2.5,1.53,0
De Minaur A.,19,272,161,111,30,19,131,92,Cecchinato M.,108,204,79,125,2,14,77,111,French Open,Paris,Outdoor,Clay,2021-06-03,1.9,1.9,0
Berankis R.,212,249,104,145,36,31,68,114,Duckworth J.,123,143,55,88,10,9,45,79,French Open,Paris,Outdoor,Clay,2021-06-03,1.44,2.75,1
Harris L.,186,129,59,70,7,8,52,62,Norrie C.,13,287,172,115,15,18,157,97,French Open,Paris,Outdoor,Clay,2021-06-03,3.0,1.4,0
Cuevas P.,149,421,210,211,34,25,176,186,Djokovic N.,2,1207,1012,195,146,42,866,153,French Open,Paris,Outdoor,Clay,2021-06-03,19.0,1.02,0
Musetti L.,18,143,79,64,12,12,67,52,Nishioka Y.,31,215,99,116,15,15,84,101,French Open,Paris,Outdoor,Clay,2021-06-03,1.44,2.75,1
Fritz T.,9,356,205,151,26,22,179,129,Koepfer D.,84,86,38,48,3,3,35,45,French Open,Paris,Outdoor,Clay,2021-06-03,1.44,2.75,0
Ymer M.,59,130,58,72,18,23,40,49,Monfils G.,323,816,510,306,131,65,379,241,French Open,Paris,Outdoor,Clay,2021-06-03,2.75,1.44,1
Schwartzman D.,95,428,233,195,32,27,201,168,Bedene A.,347,291,131,160,18,23,113,137,French Open,Paris,Outdoor,Clay,2021-06-03,1.33,3.4,1
Kohlschreiber P.,132,812,446,366,76,73,370,293,Karatsev A.,75,136,66,70,10,22,56,48,French Open,Paris,Outdoor,Clay,2021-06-03,8.0,1.08,1
Berrettini M.,38,217,142,75,14,11,128,64,Coria F.,108,99,43,56,2,6,41,50,French Open,Paris,Outdoor,Clay,2021-06-03,1.06,10.0,1
Seppi A.,141,758,363,395,74,85,289,310,Kwon S.W.,68,108,53,55,12,6,41,49,French Open,Paris,Outdoor,Clay,2021-06-03,2.0,1.8,0
Mager G.,67,59,24,35,3,7,21,28,Sinner J.,8,224,153,71,42,19,111,52,French Open,Paris,Outdoor,Clay,2021-06-03,6.0,1.12,0
Isner J.,114,755,465,290,53,45,412,245,Tsitsipas S.,5,390,264,126,49,32,215,94,French Open,Paris,Outdoor,Clay,2021-06-04,5.5,1.14,0
Opelka R.,17,168,88,80,17,10,71,70,Medvedev D.,3,406,289,117,69,27,220,90,French Open,Paris,Outdoor,Clay,2021-06-04,3.5,1.3,0
Carreno Busta P.,16,352,214,138,33,25,181,113,Johnson S.,197,395,196,199,16,23,180,176,French Open,Paris,Outdoor,Clay,2021-06-04,1.11,6.5,1
Giron M.,69,150,68,82,20,14,48,68,Garin C.,101,190,103,87,15,13,88,74,French Open,Paris,Outdoor,Clay,2021-06-04,3.5,1.3,0
Delbonis F.,131,340,152,188,19,23,133,165,Fognini F.,128,742,383,359,39,48,344,311,French Open,Paris,Outdoor,Clay,2021-06-04,2.5,1.53,1
Laaksonen H.,125,101,37,64,7,16,30,48,Nishikori K.,439,617,408,209,70,33,338,176,French Open,Paris,Outdoor,Clay,2021-06-04,3.2,1.36,0
Ruud C.,4,275,176,99,19,16,157,83,Davidovich Fokina A.,39,168,84,84,17,20,67,64,French Open,Paris,Outdoor,Clay,2021-06-04,1.25,4.0,0
Zverev A.,19,500,346,154,60,31,286,123,Djere L.,38,243,120,123,10,22,110,101,French Open,Paris,Outdoor,Clay,2021-06-04,1.16,5.0,1
Nadal R.,2,1223,1017,206,76,40,941,166,Norrie C.,13,287,172,115,15,18,157,97,French Open,Paris,Outdoor,Clay,2021-06-05,1.02,19.0,1
Federer R.,8,1143,981,162,167,29,814,133,Koepfer D.,84,86,38,48,3,3,35,45,French Open,Paris,Outdoor,Clay,2021-06-05,1.3,3.5,1
Berrettini M.,38,217,142,75,14,11,128,64,Kwon S.W.,68,108,53,55,12,6,41,49,French Open,Paris,Outdoor,Clay,2021-06-05,1.07,9.0,1
Djokovic N.,2,1207,1012,195,146,42,866,153,Berankis R.,212,249,104,145,36,31,68,114,French Open,Paris,Outdoor,Clay,2021-06-05,29.0,0.967,1
Struff J.L.,21,369,170,199,43,42,127,157,Alcaraz C.,1,164,130,34,10,5,120,29,French Open,Paris,Outdoor,Clay,2021-06-05,2.5,1.53,1
Kohlschreiber P.,132,812,446,366,76,73,370,293,Schwartzman D.,95,428,233,195,32,27,201,168,French Open,Paris,Outdoor,Clay,2021-06-05,5.0,1.16,0
Cecchinato M.,108,204,79,125,2,14,77,111,Musetti L.,18,143,79,64,12,12,67,52,French Open,Paris,Outdoor,Clay,2021-06-05,2.3,1.61,0
Sinner J.,8,224,153,71,42,19,111,52,Ymer M.,59,130,58,72,18,23,40,49,French Open,Paris,Outdoor,Clay,2021-06-05,1.12,6.0,1
Carreno Busta P.,16,352,214,138,33,25,181,113,Tsitsipas S.,5,390,264,126,49,32,215,94,French Open,Paris,Outdoor,Clay,2021-06-06,5.5,1.14,0
Medvedev D.,3,406,289,117,69,27,220,90,Garin C.,101,190,103,87,15,13,88,74,French Open,Paris,Outdoor,Clay,2021-06-06,1.36,3.2,1
Davidovich Fokina A.,39,168,84,84,17,20,67,64,Delbonis F.,131,340,152,188,19,23,133,165,French Open,Paris,Outdoor,Clay,2021-06-06,1.8,2.0,1
Zverev A.,19,500,346,154,60,31,286,123,Nishikori K.,439,617,408,209,70,33,338,176,French Open,Paris,Outdoor,Clay,2021-06-06,1.2,4.5,1
Sinner J.,8,224,153,71,42,19,111,52,Nadal R.,2,1223,1017,206,76,40,941,166,French Open,Paris,Outdoor,Clay,2021-06-07,7.0,1.1,0
Federer R.,8,1143,981,162,167,29,814,133,Berrettini M.,38,217,142,75,14,11,128,64,French Open,Paris,Outdoor,Clay,2021-06-07,,,0
Schwartzman D.,95,428,233,195,32,27,201,168,Struff J.L.,21,369,170,199,43,42,127,157,French Open,Paris,Outdoor,Clay,2021-06-07,1.44,2.75,1
Djokovic N.,2,1207,1012,195,146,42,866,153,Musetti L.,18,143,79,64,12,12,67,52,French Open,Paris,Outdoor,Clay,2021-06-07,1.05,11.0,1
Basilashvili N.,118,301,138,163,26,34,112,129,Brown D.,303,158,62,96,11,14,51,82,Mercedes Cup,Stuttgart,Outdoor,Grass,2021-06-08,1.72,2.1,1
Simon G.,188,869,491,378,135,94,356,284,Harris L.,186,129,59,70,7,8,52,62,Mercedes Cup,Stuttgart,Outdoor,Grass,2021-06-08,3.2,1.36,0
Fucsovics M.,67,249,121,128,26,24,95,104,Humbert U.,36,170,80,90,23,21,57,69,Mercedes Cup,Stuttgart,Outdoor,Grass,2021-06-08,2.1,1.72,0
Tsitsipas S.,5,390,264,126,49,32,215,94,Medvedev D.,3,406,289,117,69,27,220,90,French Open,Paris,Outdoor,Clay,2021-06-08,1.44,2.75,1
Zverev A.,19,500,346,154,60,31,286,123,Davidovich Fokina A.,39,168,84,84,17,20,67,64,French Open,Paris,Outdoor,Clay,2021-06-08,1.12,6.0,1
Cilic M.,100,853,543,310,119,65,424,245,Molleker R.,251,15,4,11,0,0,4,11,Mercedes Cup,Stuttgart,Outdoor,Grass,2021-06-08,1.07,9.0,1
Pella G.,199,260,118,142,14,16,104,126,Thompson J.,71,221,96,125,10,10,86,115,Mercedes Cup,Stuttgart,Outdoor,Grass,2021-06-09,2.5,1.53,0
Querrey S.,287,678,369,309,48,39,321,270,Celikbilek A.,230,9,4,5,3,3,1,2,Mercedes Cup,Stuttgart,Outdoor,Grass,2021-06-09,1.25,4.0,1
Chardy J.,542,591,289,302,44,48,245,254,Hanfmann Y.,50,99,50,49,5,4,45,45,Mercedes Cup,Stuttgart,Outdoor,Grass,2021-06-09,1.44,2.75,0
Lopez F.,634,863,441,422,71,82,370,340,Popyrin A.,90,140,59,81,9,13,50,68,Mercedes Cup,Stuttgart,Outdoor,Grass,2021-06-09,2.2,1.66,1
Nadal R.,2,1223,1017,206,76,40,941,166,Schwartzman D.,95,428,233,195,32,27,201,168,French Open,Paris,Outdoor,Clay,2021-06-09,1.06,10.0,1
Rodionov J.,118,26,9,17,2,3,7,14,Koepfer D.,84,86,38,48,3,3,35,45,Mercedes Cup,Stuttgart,Outdoor,Grass,2021-06-09,4.5,1.2,1
Djokovic N.,2,1207,1012,195,146,42,866,153,Berrettini M.,38,217,142,75,14,11,128,64,French Open,Paris,Outdoor,Clay,2021-06-09,1.16,5.0,1
Stricker D.,106,20,10,10,2,2,8,8,Albot R.,97,215,86,129,26,26,60,103,Mercedes Cup,Stuttgart,Outdoor,Grass,2021-06-09,2.0,1.8,1
Mannarino A.,27,567,264,303,60,73,204,230,Duckworth J.,123,143,55,88,10,9,45,79,Mercedes Cup,Stuttgart,Outdoor,Grass,2021-06-09,1.5,2.62,0
Gojowczyk P.,108,172,75,97,17,18,58,79,Ivashka I.,113,159,78,81,19,18,59,63,Mercedes Cup,Stuttgart,Outdoor,Grass,2021-06-09,,,1
Rodionov J.,118,26,9,17,2,3,7,14,Gojowczyk P.,108,172,75,97,17,18,58,79,Mercedes Cup,Stuttgart,Outdoor,Grass,2021-06-10,3.4,1.33,1
De Minaur A.,19,272,161,111,30,19,131,92,Thompson J.,71,221,96,125,10,10,86,115,Mercedes Cup,Stuttgart,Outdoor,Grass,2021-06-10,1.33,3.4,1
Hanfmann Y.,50,99,50,49,5,4,45,45,Humbert U.,36,170,80,90,23,21,57,69,Mercedes Cup,Stuttgart,Outdoor,Grass,2021-06-10,3.2,1.36,0
Basilashvili N.,118,301,138,163,26,34,112,129,Cilic M.,100,853,543,310,119,65,424,245,Mercedes Cup,Stuttgart,Outdoor,Grass,2021-06-10,3.2,1.36,0
Harris L.,186,129,59,70,7,8,52,62,Auger-Aliassime F.,12,268,163,105,48,22,115,83,Mercedes Cup,Stuttgart,Outdoor,Grass,2021-06-10,2.3,1.61,0
Duckworth J.,123,143,55,88,10,9,45,79,Querrey S.,287,678,369,309,48,39,321,270,Mercedes Cup,Stuttgart,Outdoor,Grass,2021-06-10,2.62,1.5,0
Stricker D.,106,20,10,10,2,2,8,8,Hurkacz H.,17,238,137,101,27,24,110,77,Mercedes Cup,Stuttgart,Outdoor,Grass,2021-06-10,2.75,1.44,1
Shapovalov D.,29,298,166,132,30,27,136,105,Cilic M.,100,853,543,310,119,65,424,245,Mercedes Cup,Stuttgart,Outdoor,Grass,2021-06-11,1.57,2.37,0
Humbert U.,36,170,80,90,23,21,57,69,Auger-Aliassime F.,12,268,163,105,48,22,115,83,Mercedes Cup,Stuttgart,Outdoor,Grass,2021-06-11,2.0,1.8,0
Querrey S.,287,678,369,309,48,39,321,270,Stricker D.,106,20,10,10,2,2,8,8,Mercedes Cup,Stuttgart,Outdoor,Grass,2021-06-11,1.57,2.37,1
De Minaur A.,19,272,161,111,30,19,131,92,Rodionov J.,118,26,9,17,2,3,7,14,Mercedes Cup,Stuttgart,Outdoor,Grass,2021-06-11,1.2,4.5,0
Tsitsipas S.,5,390,264,126,49,32,215,94,Zverev A.,19,500,346,154,60,31,286,123,French Open,Paris,Outdoor,Clay,2021-06-11,1.44,2.75,1
Nadal R.,2,1223,1017,206,76,40,941,166,Djokovic N.,2,1207,1012,195,146,42,866,153,French Open,Paris,Outdoor,Clay,2021-06-11,1.4,3.0,0
Shapovalov D.,29,298,166,132,30,27,136,105,Lopez F.,634,863,441,422,71,82,370,340,Mercedes Cup,Stuttgart,Outdoor,Grass,2021-06-11,1.72,2.1,1
Auger-Aliassime F.,12,268,163,105,48,22,115,83,Querrey S.,287,678,369,309,48,39,321,270,Mercedes Cup,Stuttgart,Outdoor,Grass,2021-06-12,1.5,2.62,1
Rodionov J.,118,26,9,17,2,3,7,14,Cilic M.,100,853,543,310,119,65,424,245,Mercedes Cup,Stuttgart,Outdoor,Grass,2021-06-12,4.33,1.22,0
Tsitsipas S.,5,390,264,126,49,32,215,94,Djokovic N.,2,1207,1012,195,146,42,866,153,French Open,Paris,Outdoor,Clay,2021-06-13,3.0,1.4,0
Cilic M.,100,853,543,310,119,65,424,245,Auger-Aliassime F.,12,268,163,105,48,22,115,83,Mercedes Cup,Stuttgart,Outdoor,Grass,2021-06-13,1.8,2.0,1
Draper J.,55,51,29,22,2,3,27,19,Sinner J.,8,224,153,71,42,19,111,52,Queen's Club Championships,Queens Club,Outdoor,Grass,2021-06-14,6.0,1.12,1
Broady L.,125,47,18,29,5,3,13,26,Mannarino A.,27,567,264,303,60,73,204,230,Queen's Club Championships,Queens Club,Outdoor,Grass,2021-06-14,2.37,1.57,0
Lopez F.,634,863,441,422,71,82,370,340,Marchenko I.,164,131,50,81,18,23,32,58,Queen's Club Championships,Queens Club,Outdoor,Grass,2021-06-14,1.4,3.0,1
Troicki V.,230,525,269,256,61,51,208,205,Sonego L.,43,221,107,114,19,17,88,97,Queen's Club Championships,Queens Club,Outdoor,Grass,2021-06-14,2.37,1.57,1
Karatsev A.,75,136,66,70,10,22,56,48,Tabilo A.,122,44,21,23,5,4,16,19,Queen's Club Championships,Queens Club,Outdoor,Grass,2021-06-14,1.2,4.5,1
Millman J.,140,256,113,143,21,22,92,121,Opelka R.,17,168,88,80,17,10,71,70,Queen's Club Championships,Queens Club,Outdoor,Grass,2021-06-14,3.2,1.36,1
Norrie C.,13,287,172,115,15,18,157,97,Ramos-Vinolas A.,82,437,204,233,17,31,187,202,Queen's Club Championships,Queens Club,Outdoor,Grass,2021-06-14,1.3,3.5,1
Goffin D.,123,522,296,226,66,52,230,174,Moutet C.,80,118,50,68,5,11,45,57,Halle Open,Halle,Outdoor,Grass,2021-06-14,1.36,3.2,0
Altmaier D.,51,79,28,51,1,5,27,46,Thompson J.,71,221,96,125,10,10,86,115,Halle Open,Halle,Outdoor,Grass,2021-06-14,3.2,1.36,0
Giron M.,69,150,68,82,20,14,48,68,Pospisil V.,99,280,122,158,39,34,83,124,Halle Open,Halle,Outdoor,Grass,2021-06-14,2.0,1.8,1
Federer R.,8,1143,981,162,167,29,814,133,Ivashka I.,113,159,78,81,19,18,59,63,Halle Open,Halle,Outdoor,Grass,2021-06-14,1.14,5.5,1
Bautista Agut R.,25,379,234,145,31,29,203,116,Korda S.,26,126,75,51,15,9,60,42,Halle Open,Halle,Outdoor,Grass,2021-06-14,1.44,2.75,0
Lacko L.,214,215,81,134,19,29,62,105,Pella G.,199,260,118,142,14,16,104,126,Halle Open,Halle,Outdoor,Grass,2021-06-15,1.9,1.9,1
Berrettini M.,38,217,142,75,14,11,128,64,Travaglia S.,1024,81,27,54,5,12,22,42,Queen's Club Championships,Queens Club,Outdoor,Grass,2021-06-15,1.2,4.5,1
Bublik A.,25,219,110,109,39,30,71,79,Chardy J.,542,591,289,302,44,48,245,254,Queen's Club Championships,Queens Club,Outdoor,Grass,2021-06-15,2.1,1.72,1
De Minaur A.,19,272,161,111,30,19,131,92,Djere L.,38,243,120,123,10,22,110,101,Queen's Club Championships,Queens Club,Outdoor,Grass,2021-06-15,1.1,7.0,1
Popyrin A.,90,140,59,81,9,13,50,68,Evans D.,30,251,124,127,18,16,106,111,Queen's Club Championships,Queens Club,Outdoor,Grass,2021-06-15,2.62,1.5,0
Tiafoe F.,10,303,158,145,24,23,134,122,Bedene A.,347,291,131,160,18,23,113,137,Queen's Club Championships,Queens Club,Outdoor,Grass,2021-06-15,1.53,2.5,1
Nishikori K.,439,617,408,209,70,33,338,176,Berankis R.,212,249,104,145,36,31,68,114,Halle Open,Halle,Outdoor,Grass,2021-06-15,1.36,3.2,1
Murray A.,44,932,687,245,132,47,555,198,Paire B.,149,527,237,290,39,56,198,234,Queen's Club Championships,Queens Club,Outdoor,Grass,2021-06-15,1.53,2.5,1
Shapovalov D.,29,298,166,132,30,27,136,105,Vukic A.,62,36,15,21,2,1,13,20,Queen's Club Championships,Queens Club,Outdoor,Grass,2021-06-15,1.14,5.5,1
Ofner S.,61,34,16,18,1,2,15,16,Cilic M.,100,853,543,310,119,65,424,245,Queen's Club Championships,Queens Club,Outdoor,Grass,2021-06-15,6.0,1.12,0
Rinderknech A.,67,96,46,50,16,12,30,38,Hanfmann Y.,50,99,50,49,5,4,45,45,Halle Open,Halle,Outdoor,Grass,2021-06-15,1.8,2.0,1
Querrey S.,287,678,369,309,48,39,321,270,Humbert U.,36,170,80,90,23,21,57,69,Halle Open,Halle,Outdoor,Grass,2021-06-15,2.37,1.57,0
Zverev A.,19,500,346,154,60,31,286,123,Koepfer D.,84,86,38,48,3,3,35,45,Halle Open,Halle,Outdoor,Grass,2021-06-15,1.2,4.5,1
Auger-Aliassime F.,12,268,163,105,48,22,115,83,Hurkacz H.,17,238,137,101,27,24,110,77,Halle Open,Halle,Outdoor,Grass,2021-06-15,1.57,2.37,1
Khachanov K.,11,378,217,161,44,38,173,123,Rublev A.,7,392,255,137,57,34,198,103,Halle Open,Halle,Outdoor,Grass,2021-06-15,2.5,1.53,0
Harris L.,186,129,59,70,7,8,52,62,Monfils G.,323,816,510,306,131,65,379,241,Halle Open,Halle,Outdoor,Grass,2021-06-15,1.66,2.2,1
Rodionov J.,118,26,9,17,2,3,7,14,Kohlschreiber P.,132,812,446,366,76,73,370,293,Halle Open,Halle,Outdoor,Grass,2021-06-15,3.0,1.4,0
Medvedev D.,3,406,289,117,69,27,220,90,Struff J.L.,21,369,170,199,43,42,127,157,Halle Open,Halle,Outdoor,Grass,2021-06-15,1.28,3.75,0
Fognini F.,128,742,383,359,39,48,344,311,Lu Y.,625,11,1,10,0,0,1,10,Queen's Club Championships,Queens Club,Outdoor,Grass,2021-06-15,1.3,3.5,1
Simon G.,188,869,491,378,135,94,356,284,Basilashvili N.,118,301,138,163,26,34,112,129,Halle Open,Halle,Outdoor,Grass,2021-06-15,2.5,1.53,0
Millman J.,140,256,113,143,21,22,92,121,De Minaur A.,19,272,161,111,30,19,131,92,Queen's Club Championships,Queens Club,Outdoor,Grass,2021-06-16,3.4,1.33,0
Norrie C.,13,287,172,115,15,18,157,97,Karatsev A.,75,136,66,70,10,22,56,48,Queen's Club Championships,Queens Club,Outdoor,Grass,2021-06-16,2.0,1.8,1
Federer R.,8,1143,981,162,167,29,814,133,Auger-Aliassime F.,12,268,163,105,48,22,115,83,Halle Open,Halle,Outdoor,Grass,2021-06-16,1.5,2.62,0
Struff J.L.,21,369,170,199,43,42,127,157,Giron M.,69,150,68,82,20,14,48,68,Halle Open,Halle,Outdoor,Grass,2021-06-16,1.36,3.2,0
Bublik A.,25,219,110,109,39,30,71,79,Draper J.,55,51,29,22,2,3,27,19,Queen's Club Championships,Queens Club,Outdoor,Grass,2021-06-16,1.5,2.62,0
Thompson J.,71,221,96,125,10,10,86,115,Rublev A.,7,392,255,137,57,34,198,103,Halle Open,Halle,Outdoor,Grass,2021-06-16,4.33,1.22,0
Kohlschreiber P.,132,812,446,366,76,73,370,293,Moutet C.,80,118,50,68,5,11,45,57,Halle Open,Halle,Outdoor,Grass,2021-06-16,1.5,2.62,1
Fognini F.,128,742,383,359,39,48,344,311,Cilic M.,100,853,543,310,119,65,424,245,Queen's Club Championships,Queens Club,Outdoor,Grass,2021-06-16,4.0,1.25,0
Murray A.,44,932,687,245,132,47,555,198,Berrettini M.,38,217,142,75,14,11,128,64,Queen's Club Championships,Queens Club,Outdoor,Grass,2021-06-17,3.4,1.33,0
Lopez F.,634,863,441,422,71,82,370,340,Shapovalov D.,29,298,166,132,30,27,136,105,Queen's Club Championships,Queens Club,Outdoor,Grass,2021-06-17,2.75,1.44,0
Troicki V.,230,525,269,256,61,51,208,205,Tiafoe F.,10,303,158,145,24,23,134,122,Queen's Club Championships,Queens Club,Outdoor,Grass,2021-06-17,2.75,1.44,0
Basilashvili N.,118,301,138,163,26,34,112,129,Rinderknech A.,67,96,46,50,16,12,30,38,Halle Open,Halle,Outdoor,Grass,2021-06-17,2.1,1.72,1
Zverev A.,19,500,346,154,60,31,286,123,Humbert U.,36,170,80,90,23,21,57,69,Halle Open,Halle,Outdoor,Grass,2021-06-17,1.4,3.0,0
Lacko L.,214,215,81,134,19,29,62,105,Harris L.,186,129,59,70,7,8,52,62,Halle Open,Halle,Outdoor,Grass,2021-06-17,3.75,1.28,0
Korda S.,26,126,75,51,15,9,60,42,Nishikori K.,439,617,408,209,70,33,338,176,Halle Open,Halle,Outdoor,Grass,2021-06-17,1.72,2.1,1
Mannarino A.,27,567,264,303,60,73,204,230,Evans D.,30,251,124,127,18,16,106,111,Queen's Club Championships,Queens Club,Outdoor,Grass,2021-06-17,2.5,1.53,0
Evans D.,30,251,124,127,18,16,106,111,Berrettini M.,38,217,142,75,14,11,128,64,Queen's Club Championships,Queens Club,Outdoor,Grass,2021-06-18,3.0,1.4,0
De Minaur A.,19,272,161,111,30,19,131,92,Cilic M.,100,853,543,310,119,65,424,245,Queen's Club Championships,Queens Club,Outdoor,Grass,2021-06-18,2.0,1.8,1
Draper J.,55,51,29,22,2,3,27,19,Norrie C.,13,287,172,115,15,18,157,97,Queen's Club Championships,Queens Club,Outdoor,Grass,2021-06-18,2.75,1.44,0
Rublev A.,7,392,255,137,57,34,198,103,Kohlschreiber P.,132,812,446,366,76,73,370,293,Halle Open,Halle,Outdoor,Grass,2021-06-18,1.28,3.75,1
Korda S.,26,126,75,51,15,9,60,42,Humbert U.,36,170,80,90,23,21,57,69,Halle Open,Halle,Outdoor,Grass,2021-06-18,2.2,1.66,0
Auger-Aliassime F.,12,268,163,105,48,22,115,83,Giron M.,69,150,68,82,20,14,48,68,Halle Open,Halle,Outdoor,Grass,2021-06-18,1.28,3.75,1
Basilashvili N.,118,301,138,163,26,34,112,129,Harris L.,186,129,59,70,7,8,52,62,Halle Open,Halle,Outdoor,Grass,2021-06-18,2.3,1.61,1
Humbert U.,36,170,80,90,23,21,57,69,Auger-Aliassime F.,12,268,163,105,48,22,115,83,Halle Open,Halle,Outdoor,Grass,2021-06-19,2.3,1.61,1
Rublev A.,7,392,255,137,57,34,198,103,Basilashvili N.,118,301,138,163,26,34,112,129,Halle Open,Halle,Outdoor,Grass,2021-06-19,1.22,4.33,1
Norrie C.,13,287,172,115,15,18,157,97,Shapovalov D.,29,298,166,132,30,27,136,105,Queen's Club Championships,Queens Club,Outdoor,Grass,2021-06-19,2.62,1.5,1
Shapovalov D.,29,298,166,132,30,27,136,105,Tiafoe F.,10,303,158,145,24,23,134,122,Queen's Club Championships,Queens Club,Outdoor,Grass,2021-06-19,1.4,3.0,1
Berrettini M.,38,217,142,75,14,11,128,64,De Minaur A.,19,272,161,111,30,19,131,92,Queen's Club Championships,Queens Club,Outdoor,Grass,2021-06-19,1.4,3.0,1
Mannarino A.,27,567,264,303,60,73,204,230,Struff J.L.,21,369,170,199,43,42,127,157,Mallorca Championships,Mallorca,Outdoor,Grass,2021-06-20,2.37,1.57,1
Thompson J.,71,221,96,125,10,10,86,115,Andujar P.,323,404,164,240,12,30,152,210,Mallorca Championships,Mallorca,Outdoor,Grass,2021-06-20,1.2,4.5,1
Rublev A.,7,392,255,137,57,34,198,103,Humbert U.,36,170,80,90,23,21,57,69,Halle Open,Halle,Outdoor,Grass,2021-06-20,1.4,3.0,0
Norrie C.,13,287,172,115,15,18,157,97,Berrettini M.,38,217,142,75,14,11,128,64,Queen's Club Championships,Queens Club,Outdoor,Grass,2021-06-20,3.75,1.28,0
Kuhn N.,259,12,3,9,1,1,2,8,Lopez F.,634,863,441,422,71,82,370,340,Mallorca Championships,Mallorca,Outdoor,Grass,2021-06-21,4.33,1.22,0
Vesely J.,528,288,130,158,6,19,124,139,Caruso S.,146,63,19,44,5,9,14,35,Mallorca Championships,Mallorca,Outdoor,Grass,2021-06-21,1.44,2.75,1
Pouille L.,675,259,134,125,35,26,99,99,Khachanov K.,11,378,217,161,44,38,173,123,Mallorca Championships,Mallorca,Outdoor,Grass,2021-06-21,3.2,1.36,0
Sandgren T.,153,121,47,74,2,9,45,65,Munar J.,104,178,75,103,7,12,68,91,Mallorca Championships,Mallorca,Outdoor,Grass,2021-06-21,1.57,2.37,1
Klein L.,142,7,2,5,0,1,2,4,Lajovic D.,66,378,163,215,21,36,142,179,Mallorca Championships,Mallorca,Outdoor,Grass,2021-06-21,2.0,1.8,1
Pella G.,199,260,118,142,14,16,104,126,Travaglia S.,1024,81,27,54,5,12,22,42,Mallorca Championships,Mallorca,Outdoor,Grass,2021-06-21,2.3,1.61,0
Harris L.,186,129,59,70,7,8,52,62,Moutet C.,80,118,50,68,5,11,45,57,Mallorca Championships,Mallorca,Outdoor,Grass,2021-06-21,1.5,2.62,0
Simon G.,188,869,491,378,135,94,356,284,Ruud C.,4,275,176,99,19,16,157,83,Mallorca Championships,Mallorca,Outdoor,Grass,2021-06-21,2.5,1.53,0
Popyrin A.,90,140,59,81,9,13,50,68,Gombos N.,114,66,21,45,6,14,15,31,Viking International,Eastbourne,Outdoor,Grass,2021-06-22,1.36,3.2,1
Lopez F.,634,863,441,422,71,82,370,340,Khachanov K.,11,378,217,161,44,38,173,123,Mallorca Championships,Mallorca,Outdoor,Grass,2021-06-22,2.37,1.57,1
Mannarino A.,27,567,264,303,60,73,204,230,Thiem D.,116,517,327,190,53,39,274,151,Mallorca Championships,Mallorca,Outdoor,Grass,2021-06-22,2.3,1.61,1
Tsonga J.W.,297,672,444,228,139,62,305,166,Gerasimov E.,150,93,43,50,19,19,24,31,Viking International,Eastbourne,Outdoor,Grass,2021-06-22,1.57,2.37,0
Sandgren T.,153,121,47,74,2,9,45,65,Ruud C.,4,275,176,99,19,16,157,83,Mallorca Championships,Mallorca,Outdoor,Grass,2021-06-22,2.62,1.5,0
Humbert U.,36,170,80,90,23,21,57,69,Kecmanovic M.,40,210,107,103,12,16,95,87,Mallorca Championships,Mallorca,Outdoor,Grass,2021-06-22,1.57,2.37,1
Querrey S.,287,678,369,309,48,39,321,270,Carballes Baena R.,64,207,91,116,11,10,80,106,Mallorca Championships,Mallorca,Outdoor,Grass,2021-06-22,1.28,3.75,1
Moutet C.,80,118,50,68,5,11,45,57,Medvedev D.,3,406,289,117,69,27,220,90,Mallorca Championships,Mallorca,Outdoor,Grass,2021-06-22,5.5,1.14,0
Gray A.,288,4,1,3,0,0,1,3,Ivashka I.,113,159,78,81,19,18,59,63,Viking International,Eastbourne,Outdoor,Grass,2021-06-22,6.5,1.11,0
Kukushkin M.,221,352,141,211,50,49,91,162,Bublik A.,25,219,110,109,39,30,71,79,Viking International,Eastbourne,Outdoor,Grass,2021-06-22,2.75,1.44,0
Purcell M.,78,28,9,19,0,0,9,19,Duckworth J.,123,143,55,88,10,9,45,79,Viking International,Eastbourne,Outdoor,Grass,2021-06-22,3.0,1.4,1
Ramos-Vinolas A.,82,437,204,233,17,31,187,202,Ruusuvuori E.,55,158,79,79,16,18,63,61,Viking International,Eastbourne,Outdoor,Grass,2021-06-22,2.3,1.61,0
Seppi A.,141,758,363,395,74,85,289,310,Nishioka Y.,31,215,99,116,15,15,84,101,Viking International,Eastbourne,Outdoor,Grass,2021-06-22,1.57,2.37,1
Ymer M.,59,130,58,72,18,23,40,49,Davidovich Fokina A.,39,168,84,84,17,20,67,64,Viking International,Eastbourne,Outdoor,Grass,2021-06-22,2.1,1.72,0
Fucsovics M.,67,249,121,128,26,24,95,104,Bedene A.,347,291,131,160,18,23,113,137,Viking International,Eastbourne,Outdoor,Grass,2021-06-22,2.0,1.8,1
Ward J.,340,65,15,50,1,2,14,48,Pospisil V.,99,280,122,158,39,34,83,124,Viking International,Eastbourne,Outdoor,Grass,2021-06-22,3.75,1.28,0
Tiafoe F.,10,303,158,145,24,23,134,122,Broady L.,125,47,18,29,5,3,13,26,Viking International,Eastbourne,Outdoor,Grass,2021-06-22,1.25,4.0,0
Clarke J.,156,13,2,11,0,0,2,11,Millman J.,140,256,113,143,21,22,92,121,Viking International,Eastbourne,Outdoor,Grass,2021-06-22,3.75,1.28,0
Monfils G.,323,816,510,306,131,65,379,241,Purcell M.,78,28,9,19,0,0,9,19,Viking International,Eastbourne,Outdoor,Grass,2021-06-23,1.44,2.75,0
Gerasimov E.,150,93,43,50,19,19,24,31,Bublik A.,25,219,110,109,39,30,71,79,Viking International,Eastbourne,Outdoor,Grass,2021-06-23,3.0,1.4,0
Kwon S.W.,68,108,53,55,12,6,41,49,Fucsovics M.,67,249,121,128,26,24,95,104,Viking International,Eastbourne,Outdoor,Grass,2021-06-23,2.37,1.57,1
Humbert U.,36,170,80,90,23,21,57,69,Querrey S.,287,678,369,309,48,39,321,270,Mallorca Championships,Mallorca,Outdoor,Grass,2021-06-23,1.61,2.3,0
Ivashka I.,113,159,78,81,19,18,59,63,Popyrin A.,90,140,59,81,9,13,50,68,Viking International,Eastbourne,Outdoor,Grass,2021-06-23,1.8,2.0,1
Carreno Busta P.,16,352,214,138,33,25,181,113,Vesely J.,528,288,130,158,6,19,124,139,Mallorca Championships,Mallorca,Outdoor,Grass,2021-06-23,1.66,2.2,1
Klein L.,142,7,2,5,0,1,2,4,Thompson J.,71,221,96,125,10,10,86,115,Mallorca Championships,Mallorca,Outdoor,Grass,2021-06-23,2.62,1.5,0
Bautista Agut R.,25,379,234,145,31,29,203,116,Travaglia S.,1024,81,27,54,5,12,22,42,Mallorca Championships,Mallorca,Outdoor,Grass,2021-06-23,1.28,3.75,1
Davidovich Fokina A.,39,168,84,84,17,20,67,64,Pospisil V.,99,280,122,158,39,34,83,124,Viking International,Eastbourne,Outdoor,Grass,2021-06-23,1.9,1.9,0
De Minaur A.,19,272,161,111,30,19,131,92,Broady L.,125,47,18,29,5,3,13,26,Viking International,Eastbourne,Outdoor,Grass,2021-06-23,1.16,5.0,1
Millman J.,140,256,113,143,21,22,92,121,Sonego L.,43,221,107,114,19,17,88,97,Viking International,Eastbourne,Outdoor,Grass,2021-06-23,2.0,1.8,0
Ruusuvuori E.,55,158,79,79,16,18,63,61,Seppi A.,141,758,363,395,74,85,289,310,Viking International,Eastbourne,Outdoor,Grass,2021-06-23,1.72,2.1,0
Thompson J.,71,221,96,125,10,10,86,115,Carreno Busta P.,16,352,214,138,33,25,181,113,Mallorca Championships,Mallorca,Outdoor,Grass,2021-06-24,2.5,1.53,0
Bautista Agut R.,25,379,234,145,31,29,203,116,Querrey S.,287,678,369,309,48,39,321,270,Mallorca Championships,Mallorca,Outdoor,Grass,2021-06-24,1.36,3.2,0
Mannarino A.,27,567,264,303,60,73,204,230,Lopez F.,634,863,441,422,71,82,370,340,Mallorca Championships,Mallorca,Outdoor,Grass,2021-06-24,2.1,1.72,1
Medvedev D.,3,406,289,117,69,27,220,90,Ruud C.,4,275,176,99,19,16,157,83,Mallorca Championships,Mallorca,Outdoor,Grass,2021-06-24,1.2,4.5,1
Pospisil V.,99,280,122,158,39,34,83,124,De Minaur A.,19,272,161,111,30,19,131,92,Viking International,Eastbourne,Outdoor,Grass,2021-06-24,2.75,1.44,0
Ivashka I.,113,159,78,81,19,18,59,63,Kwon S.W.,68,108,53,55,12,6,41,49,Viking International,Eastbourne,Outdoor,Grass,2021-06-24,1.57,2.37,0
Seppi A.,141,758,363,395,74,85,289,310,Purcell M.,78,28,9,19,0,0,9,19,Viking International,Eastbourne,Outdoor,Grass,2021-06-24,1.44,2.75,0
Sonego L.,43,221,107,114,19,17,88,97,Bublik A.,25,219,110,109,39,30,71,79,Viking International,Eastbourne,Outdoor,Grass,2021-06-24,2.0,1.8,1
Querrey S.,287,678,369,309,48,39,321,270,Mannarino A.,27,567,264,303,60,73,204,230,Mallorca Championships,Mallorca,Outdoor,Grass,2021-06-25,1.57,2.37,1
De Minaur A.,19,272,161,111,30,19,131,92,Kwon S.W.,68,108,53,55,12,6,41,49,Viking International,Eastbourne,Outdoor,Grass,2021-06-25,1.22,4.33,1
Purcell M.,78,28,9,19,0,0,9,19,Sonego L.,43,221,107,114,19,17,88,97,Viking International,Eastbourne,Outdoor,Grass,2021-06-25,4.33,1.22,0
Carreno Busta P.,16,352,214,138,33,25,181,113,Medvedev D.,3,406,289,117,69,27,220,90,Mallorca Championships,Mallorca,Outdoor,Grass,2021-06-25,4.5,1.2,0
Querrey S.,287,678,369,309,48,39,321,270,Medvedev D.,3,406,289,117,69,27,220,90,Mallorca Championships,Mallorca,Outdoor,Grass,2021-06-26,3.75,1.28,0
De Minaur A.,19,272,161,111,30,19,131,92,Sonego L.,43,221,107,114,19,17,88,97,Viking International,Eastbourne,Outdoor,Grass,2021-06-26,1.44,2.75,1
Broady L.,125,47,18,29,5,3,13,26,Cecchinato M.,108,204,79,125,2,14,77,111,Wimbledon,London,Outdoor,Grass,2021-06-28,1.4,3.0,1
Carballes Baena R.,64,207,91,116,11,10,80,106,Pospisil V.,99,280,122,158,39,34,83,124,Wimbledon,London,Outdoor,Grass,2021-06-28,4.0,1.25,0
Basilashvili N.,118,301,138,163,26,34,112,129,Murray A.,44,932,687,245,132,47,555,198,Wimbledon,London,Outdoor,Grass,2021-06-28,1.9,1.9,0
Martinez P.,135,118,50,68,7,6,43,62,Travaglia S.,1024,81,27,54,5,12,22,42,Wimbledon,London,Outdoor,Grass,2021-06-28,3.75,1.28,1
Opelka R.,17,168,88,80,17,10,71,70,Koepfer D.,84,86,38,48,3,3,35,45,Wimbledon,London,Outdoor,Grass,2021-06-28,1.61,2.3,0
Mcdonald M.,60,190,87,103,11,15,76,88,Khachanov K.,11,378,217,161,44,38,173,123,Wimbledon,London,Outdoor,Grass,2021-06-28,2.3,1.61,0
Delbonis F.,131,340,152,188,19,23,133,165,Rublev A.,7,392,255,137,57,34,198,103,Wimbledon,London,Outdoor,Grass,2021-06-28,15.0,1.03,0
Vesely J.,528,288,130,158,6,19,124,139,Hanfmann Y.,50,99,50,49,5,4,45,45,Wimbledon,London,Outdoor,Grass,2021-06-28,1.53,2.5,1
Millman J.,140,256,113,143,21,22,92,121,Bautista Agut R.,25,379,234,145,31,29,203,116,Wimbledon,London,Outdoor,Grass,2021-06-28,4.33,1.22,0
Sinner J.,8,224,153,71,42,19,111,52,Fucsovics M.,67,249,121,128,26,24,95,104,Wimbledon,London,Outdoor,Grass,2021-06-28,1.5,2.62,0
Seppi A.,141,758,363,395,74,85,289,310,Sousa J.,147,436,189,247,42,44,147,203,Wimbledon,London,Outdoor,Grass,2021-06-28,1.44,2.75,1
Kudla D.,137,198,70,128,5,14,65,114,Davidovich Fokina A.,39,168,84,84,17,20,67,64,Wimbledon,London,Outdoor,Grass,2021-06-28,1.9,1.9,1
Anderson K.,652,598,347,251,48,38,299,213,Barrios M.,121,10,3,7,0,0,3,7,Wimbledon,London,Outdoor,Grass,2021-06-28,1.25,4.0,1
Kecmanovic M.,40,210,107,103,12,16,95,87,Bagnis F.,135,121,39,82,9,8,30,74,Wimbledon,London,Outdoor,Grass,2021-06-28,1.1,7.0,1
Tsitsipas S.,5,390,264,126,49,32,215,94,Tiafoe F.,10,303,158,145,24,23,134,122,Wimbledon,London,Outdoor,Grass,2021-06-28,1.14,5.5,0
Draper J.,55,51,29,22,2,3,27,19,Djokovic N.,2,1207,1012,195,146,42,866,153,Wimbledon,London,Outdoor,Grass,2021-06-28,26.0,1.01,0
Kohlschreiber P.,132,812,446,366,76,73,370,293,Shapovalov D.,29,298,166,132,30,27,136,105,Wimbledon,London,Outdoor,Grass,2021-06-29,4.33,1.22,0
Otte O.,233,78,33,45,6,14,27,31,Rinderknech A.,67,96,46,50,16,12,30,38,Wimbledon,London,Outdoor,Grass,2021-06-29,2.3,1.61,1
Djere L.,38,243,120,123,10,22,110,101,Cuevas P.,149,421,210,211,34,25,176,186,Wimbledon,London,Outdoor,Grass,2021-06-29,2.5,1.53,1
Kwon S.W.,68,108,53,55,12,6,41,49,Masur D.,222,6,1,5,0,1,1,4,Wimbledon,London,Outdoor,Grass,2021-06-29,1.28,3.75,1
Lu Y.,625,11,1,10,0,0,1,10,Polmans M.,165,19,5,14,0,3,5,11,Wimbledon,London,Outdoor,Grass,2021-06-29,3.2,1.36,0
Herbert P.H.,157,202,89,113,31,38,58,75,Andujar P.,323,404,164,240,12,30,152,210,Wimbledon,London,Outdoor,Grass,2021-06-29,1.2,4.5,0
Lajovic D.,66,378,163,215,21,36,142,179,Simon G.,188,869,491,378,135,94,356,284,Wimbledon,London,Outdoor,Grass,2021-06-29,2.37,1.57,1
Bolt A.,345,40,13,27,0,0,13,27,Krajinovic F.,93,240,115,125,38,34,77,91,Wimbledon,London,Outdoor,Grass,2021-06-29,1.57,2.37,1
Sandgren T.,153,121,47,74,2,9,45,65,Gombos N.,114,66,21,45,6,14,15,31,Wimbledon,London,Outdoor,Grass,2021-06-29,1.57,2.37,1
Gerasimov E.,150,93,43,50,19,19,24,31,Clarke J.,156,13,2,11,0,0,2,11,Wimbledon,London,Outdoor,Grass,2021-06-29,1.4,3.0,1
Harris L.,186,129,59,70,7,8,52,62,Berankis R.,212,249,104,145,36,31,68,114,Wimbledon,London,Outdoor,Grass,2021-06-29,1.53,2.5,1
Sugita Y.,131,129,47,82,6,12,41,70,Gasquet R.,48,948,581,367,133,82,448,285,Wimbledon,London,Outdoor,Grass,2021-06-29,4.33,1.22,0
Musetti L.,18,143,79,64,12,12,67,52,Hurkacz H.,17,238,137,101,27,24,110,77,Wimbledon,London,Outdoor,Grass,2021-06-29,2.75,1.44,0
Evans D.,30,251,124,127,18,16,106,111,Lopez F.,634,863,441,422,71,82,370,340,Wimbledon,London,Outdoor,Grass,2021-06-29,1.44,2.75,1
Ramos-Vinolas A.,82,437,204,233,17,31,187,202,Fognini F.,128,742,383,359,39,48,344,311,Wimbledon,London,Outdoor,Grass,2021-06-29,3.2,1.36,0
Zverev A.,19,500,346,154,60,31,286,123,Griekspoor T.,37,97,47,50,7,14,40,36,Wimbledon,London,Outdoor,Grass,2021-06-29,1.05,11.0,1
De Minaur A.,19,272,161,111,30,19,131,92,Korda S.,26,126,75,51,15,9,60,42,Wimbledon,London,Outdoor,Grass,2021-06-29,1.57,2.37,0
Federer R.,8,1143,981,162,167,29,814,133,Mannarino A.,27,567,264,303,60,73,204,230,Wimbledon,London,Outdoor,Grass,2021-06-29,1.14,5.5,1
Struff J.L.,21,369,170,199,43,42,127,157,Medvedev D.,3,406,289,117,69,27,220,90,Wimbledon,London,Outdoor,Grass,2021-06-29,5.5,1.14,0
Zhang Zh.,53,44,20,24,1,2,19,22,Hoang A.,155,19,6,13,2,5,4,8,Wimbledon,London,Outdoor,Grass,2021-06-29,2.0,1.8,0
Paire B.,149,527,237,290,39,56,198,234,Schwartzman D.,95,428,233,195,32,27,201,168,Wimbledon,London,Outdoor,Grass,2021-06-29,5.5,1.14,0
Evans D.,30,251,124,127,18,16,106,111,Lajovic D.,66,378,163,215,21,36,142,179,Wimbledon,London,Outdoor,Grass,2021-06-30,1.1,7.0,1
Kyrgios N.,25,303,195,108,11,7,184,101,Humbert U.,36,170,80,90,23,21,57,69,Wimbledon,London,Outdoor,Grass,2021-06-30,2.5,1.53,1
Bonzi B.,107,83,37,46,10,13,27,33,Trungelliti M.,240,33,13,20,2,2,11,18,Wimbledon,London,Outdoor,Grass,2021-06-30,1.25,4.0,1
Monfils G.,323,816,510,306,131,65,379,241,O Connell C.,74,65,26,39,0,0,26,39,Wimbledon,London,Outdoor,Grass,2021-06-30,1.9,1.9,1
Bublik A.,25,219,110,109,39,30,71,79,Kukushkin M.,221,352,141,211,50,49,91,162,Wimbledon,London,Outdoor,Grass,2021-06-30,1.22,4.33,1
Djokovic N.,2,1207,1012,195,146,42,866,153,Anderson K.,652,598,347,251,48,38,299,213,Wimbledon,London,Outdoor,Grass,2021-06-30,1.02,19.0,1
Seppi A.,141,758,363,395,74,85,289,310,Kudla D.,137,198,70,128,5,14,65,114,Wimbledon,London,Outdoor,Grass,2021-06-30,2.2,1.66,0
Vesely J.,528,288,130,158,6,19,124,139,Fucsovics M.,67,249,121,128,26,24,95,104,Wimbledon,London,Outdoor,Grass,2021-06-30,2.5,1.53,0
Tiafoe F.,10,303,158,145,24,23,134,122,Pospisil V.,99,280,122,158,39,34,83,124,Wimbledon,London,Outdoor,Grass,2021-06-30,1.8,2.0,1
Shapovalov D.,29,298,166,132,30,27,136,105,Andujar P.,323,404,164,240,12,30,152,210,Wimbledon,London,Outdoor,Grass,2021-06-30,1.07,9.0,1
Fognini F.,128,742,383,359,39,48,344,311,Djere L.,38,243,120,123,10,22,110,101,Wimbledon,London,Outdoor,Grass,2021-06-30,1.33,3.4,1
Kwon S.W.,68,108,53,55,12,6,41,49,Koepfer D.,84,86,38,48,3,3,35,45,Wimbledon,London,Outdoor,Grass,2021-06-30,2.37,1.57,0
Auger-Aliassime F.,12,268,163,105,48,22,115,83,Monteiro T.,121,171,69,102,9,11,60,91,Wimbledon,London,Outdoor,Grass,2021-06-30,1.08,8.0,1
Schwartzman D.,95,428,233,195,32,27,201,168,Broady L.,125,47,18,29,5,3,13,26,Wimbledon,London,Outdoor,Grass,2021-06-30,1.22,4.33,1
Korda S.,26,126,75,51,15,9,60,42,Hoang A.,155,19,6,13,2,5,4,8,Wimbledon,London,Outdoor,Grass,2021-06-30,1.08,8.0,1
Otte O.,233,78,33,45,6,14,27,31,Murray A.,44,932,687,245,132,47,555,198,Wimbledon,London,Outdoor,Grass,2021-06-30,3.4,1.33,0
Harris L.,186,129,59,70,7,8,52,62,Rublev A.,7,392,255,137,57,34,198,103,Wimbledon,London,Outdoor,Grass,2021-06-30,5.0,1.16,0
Gerasimov E.,150,93,43,50,19,19,24,31,Khachanov K.,11,378,217,161,44,38,173,123,Wimbledon,London,Outdoor,Grass,2021-06-30,4.5,1.2,0
Fritz T.,9,356,205,151,26,22,179,129,Nakashima B.,70,106,57,49,6,5,51,44,Wimbledon,London,Outdoor,Grass,2021-06-30,2.75,1.44,1
Novak D.,166,58,15,43,6,16,9,27,Johnson S.,197,395,196,199,16,23,180,176,Wimbledon,London,Outdoor,Grass,2021-06-30,2.0,1.8,0
Sonego L.,43,221,107,114,19,17,88,97,Sousa P.,475,36,9,27,1,3,8,24,Wimbledon,London,Outdoor,Grass,2021-06-30,1.03,15.0,1
Cilic M.,100,853,543,310,119,65,424,245,Caruso S.,146,63,19,44,5,9,14,35,Wimbledon,London,Outdoor,Grass,2021-06-30,1.06,10.0,1
Ruud C.,4,275,176,99,19,16,157,83,Thompson J.,71,221,96,125,10,10,86,115,Wimbledon,London,Outdoor,Grass,2021-06-30,1.5,2.62,0
Nishikori K.,439,617,408,209,70,33,338,176,Popyrin A.,90,140,59,81,9,13,50,68,Wimbledon,London,Outdoor,Grass,2021-06-30,1.4,3.0,1
Ivashka I.,113,159,78,81,19,18,59,63,Munar J.,104,178,75,103,7,12,68,91,Wimbledon,London,Outdoor,Grass,2021-06-30,1.36,3.2,1
Moutet C.,80,118,50,68,5,11,45,57,Bedene A.,347,291,131,160,18,23,113,137,Wimbledon,London,Outdoor,Grass,2021-06-30,2.0,1.8,0
Barrere G.,59,79,31,48,11,16,20,32,Van De Zandschulp B.,44,117,63,54,11,11,52,43,Wimbledon,London,Outdoor,Grass,2021-06-30,1.57,2.37,0
Karatsev A.,75,136,66,70,10,22,56,48,Chardy J.,542,591,289,302,44,48,245,254,Wimbledon,London,Outdoor,Grass,2021-06-30,1.66,2.2,0
Isner J.,114,755,465,290,53,45,412,245,Nishioka Y.,31,215,99,116,15,15,84,101,Wimbledon,London,Outdoor,Grass,2021-06-30,1.14,5.5,0
Uchiyama Y.,314,33,9,24,1,3,8,21,Alcaraz C.,1,164,130,34,10,5,120,29,Wimbledon,London,Outdoor,Grass,2021-06-30,2.75,1.44,0
Pella G.,199,260,118,142,14,16,104,126,Berrettini M.,38,217,142,75,14,11,128,64,Wimbledon,London,Outdoor,Grass,2021-06-30,17.0,1.02,0
Giron M.,69,150,68,82,20,14,48,68,Ruusuvuori E.,55,158,79,79,16,18,63,61,Wimbledon,London,Outdoor,Grass,2021-06-30,1.66,2.2,1
Verdasco F.,244,962,537,425,79,79,458,346,Dimitrov G.,20,651,389,262,79,50,310,212,Wimbledon,London,Outdoor,Grass,2021-06-30,4.0,1.25,0
Tsonga J.W.,297,672,444,228,139,62,305,166,Ymer M.,59,130,58,72,18,23,40,49,Wimbledon,London,Outdoor,Grass,2021-06-30,1.9,1.9,0
Zapata Miralles B.,54,80,32,48,1,6,31,42,Garin C.,101,190,103,87,15,13,88,74,Wimbledon,London,Outdoor,Grass,2021-06-30,2.5,1.53,0
Duckworth J.,123,143,55,88,10,9,45,79,Albot R.,97,215,86,129,26,26,60,103,Wimbledon,London,Outdoor,Grass,2021-06-30,1.57,2.37,1
Londero J.I.,142,83,34,49,3,5,31,44,Mager G.,67,59,24,35,3,7,21,28,Wimbledon,London,Outdoor,Grass,2021-06-30,2.62,1.5,0
Norrie C.,13,287,172,115,15,18,157,97,Pouille L.,675,259,134,125,35,26,99,99,Wimbledon,London,Outdoor,Grass,2021-06-30,1.22,4.33,1
Querrey S.,287,678,369,309,48,39,321,270,Carreno Busta P.,16,352,214,138,33,25,181,113,Wimbledon,London,Outdoor,Grass,2021-06-30,1.72,2.1,1
Coria F.,108,99,43,56,2,6,41,50,Galan D.E.,76,78,33,45,3,5,30,40,Wimbledon,London,Outdoor,Grass,2021-06-30,4.33,1.22,0
Ymer M.,59,130,58,72,18,23,40,49,Auger-Aliassime F.,12,268,163,105,48,22,115,83,Wimbledon,London,Outdoor,Grass,2021-07-01,8.0,1.08,0
Fritz T.,9,356,205,151,26,22,179,129,Johnson S.,197,395,196,199,16,23,180,176,Wimbledon,London,Outdoor,Grass,2021-07-01,1.61,2.3,1
Kyrgios N.,25,303,195,108,11,7,184,101,Mager G.,67,59,24,35,3,7,21,28,Wimbledon,London,Outdoor,Grass,2021-07-01,1.12,6.0,1
Federer R.,8,1143,981,162,167,29,814,133,Gasquet R.,48,948,581,367,133,82,448,285,Wimbledon,London,Outdoor,Grass,2021-07-01,1.2,4.5,1
Bonzi B.,107,83,37,46,10,13,27,33,Cilic M.,100,853,543,310,119,65,424,245,Wimbledon,London,Outdoor,Grass,2021-07-01,4.5,1.2,0
Hurkacz H.,17,238,137,101,27,24,110,77,Giron M.,69,150,68,82,20,14,48,68,Wimbledon,London,Outdoor,Grass,2021-07-01,1.4,3.0,1
Medvedev D.,3,406,289,117,69,27,220,90,Alcaraz C.,1,164,130,34,10,5,120,29,Wimbledon,London,Outdoor,Grass,2021-07-01,1.05,11.0,1
Dimitrov G.,20,651,389,262,79,50,310,212,Bublik A.,25,219,110,109,39,30,71,79,Wimbledon,London,Outdoor,Grass,2021-07-01,2.0,1.8,0
Sonego L.,43,221,107,114,19,17,88,97,Galan D.E.,76,78,33,45,3,5,30,40,Wimbledon,London,Outdoor,Grass,2021-07-01,1.1,7.0,1
Bedene A.,347,291,131,160,18,23,113,137,Nishioka Y.,31,215,99,116,15,15,84,101,Wimbledon,London,Outdoor,Grass,2021-07-01,1.44,2.75,1
Thompson J.,71,221,96,125,10,10,86,115,Nishikori K.,439,617,408,209,70,33,338,176,Wimbledon,London,Outdoor,Grass,2021-07-01,4.33,1.22,1
Bolt A.,345,40,13,27,0,0,13,27,Norrie C.,13,287,172,115,15,18,157,97,Wimbledon,London,Outdoor,Grass,2021-07-01,3.5,1.3,0
Martinez P.,135,118,50,68,7,6,43,62,Monfils G.,323,816,510,306,131,65,379,241,Wimbledon,London,Outdoor,Grass,2021-07-01,2.75,1.44,1
Berrettini M.,38,217,142,75,14,11,128,64,Van De Zandschulp B.,44,117,63,54,11,11,52,43,Wimbledon,London,Outdoor,Grass,2021-07-01,1.05,11.0,1
Bautista Agut R.,25,379,234,145,31,29,203,116,Kecmanovic M.,40,210,107,103,12,16,95,87,Wimbledon,London,Outdoor,Grass,2021-07-01,1.28,3.75,1
Querrey S.,287,678,369,309,48,39,321,270,Duckworth J.,123,143,55,88,10,9,45,79,Wimbledon,London,Outdoor,Grass,2021-07-01,1.28,3.75,0
Polmans M.,165,19,5,14,0,3,5,11,Garin C.,101,190,103,87,15,13,88,74,Wimbledon,London,Outdoor,Grass,2021-07-01,3.4,1.33,0
Zverev A.,19,500,346,154,60,31,286,123,Sandgren T.,153,121,47,74,2,9,45,65,Wimbledon,London,Outdoor,Grass,2021-07-01,1.08,8.0,1
Ivashka I.,113,159,78,81,19,18,59,63,Chardy J.,542,591,289,302,44,48,245,254,Wimbledon,London,Outdoor,Grass,2021-07-01,1.66,2.2,1
Djokovic N.,2,1207,1012,195,146,42,866,153,Kudla D.,137,198,70,128,5,14,65,114,Wimbledon,London,Outdoor,Grass,2021-07-02,1.02,19.0,1
Shapovalov D.,29,298,166,132,30,27,136,105,Murray A.,44,932,687,245,132,47,555,198,Wimbledon,London,Outdoor,Grass,2021-07-02,1.28,3.75,1
Evans D.,30,251,124,127,18,16,106,111,Korda S.,26,126,75,51,15,9,60,42,Wimbledon,London,Outdoor,Grass,2021-07-02,1.72,2.1,0
Bautista Agut R.,25,379,234,145,31,29,203,116,Koepfer D.,84,86,38,48,3,3,35,45,Wimbledon,London,Outdoor,Grass,2021-07-02,1.36,3.2,1
Martinez P.,135,118,50,68,7,6,43,62,Garin C.,101,190,103,87,15,13,88,74,Wimbledon,London,Outdoor,Grass,2021-07-02,3.0,1.4,0
Fucsovics M.,67,249,121,128,26,24,95,104,Schwartzman D.,95,428,233,195,32,27,201,168,Wimbledon,London,Outdoor,Grass,2021-07-02,1.9,1.9,1
Khachanov K.,11,378,217,161,44,38,173,123,Tiafoe F.,10,303,158,145,24,23,134,122,Wimbledon,London,Outdoor,Grass,2021-07-02,2.2,1.66,1
Fognini F.,128,742,383,359,39,48,344,311,Rublev A.,7,392,255,137,57,34,198,103,Wimbledon,London,Outdoor,Grass,2021-07-02,6.0,1.12,0
Berrettini M.,38,217,142,75,14,11,128,64,Bedene A.,347,291,131,160,18,23,113,137,Wimbledon,London,Outdoor,Grass,2021-07-03,1.16,5.0,1
Thompson J.,71,221,96,125,10,10,86,115,Ivashka I.,113,159,78,81,19,18,59,63,Wimbledon,London,Outdoor,Grass,2021-07-03,2.3,1.61,0
Sonego L.,43,221,107,114,19,17,88,97,Duckworth J.,123,143,55,88,10,9,45,79,Wimbledon,London,Outdoor,Grass,2021-07-03,1.4,3.0,1
Bublik A.,25,219,110,109,39,30,71,79,Hurkacz H.,17,238,137,101,27,24,110,77,Wimbledon,London,Outdoor,Grass,2021-07-03,2.2,1.66,0
Fritz T.,9,356,205,151,26,22,179,129,Zverev A.,19,500,346,154,60,31,286,123,Wimbledon,London,Outdoor,Grass,2021-07-03,8.0,1.08,0
Auger-Aliassime F.,12,268,163,105,48,22,115,83,Kyrgios N.,25,303,195,108,11,7,184,101,Wimbledon,London,Outdoor,Grass,2021-07-03,1.72,2.1,1
Norrie C.,13,287,172,115,15,18,157,97,Federer R.,8,1143,981,162,167,29,814,133,Wimbledon,London,Outdoor,Grass,2021-07-03,2.75,1.44,0
Medvedev D.,3,406,289,117,69,27,220,90,Cilic M.,100,853,543,310,119,65,424,245,Wimbledon,London,Outdoor,Grass,2021-07-03,1.16,5.0,1
Federer R.,8,1143,981,162,167,29,814,133,Sonego L.,43,221,107,114,19,17,88,97,Wimbledon,London,Outdoor,Grass,2021-07-05,1.3,3.5,1
Djokovic N.,2,1207,1012,195,146,42,866,153,Garin C.,101,190,103,87,15,13,88,74,Wimbledon,London,Outdoor,Grass,2021-07-05,1.01,21.0,1
Rublev A.,7,392,255,137,57,34,198,103,Fucsovics M.,67,249,121,128,26,24,95,104,Wimbledon,London,Outdoor,Grass,2021-07-05,1.14,5.5,0
Zverev A.,19,500,346,154,60,31,286,123,Auger-Aliassime F.,12,268,163,105,48,22,115,83,Wimbledon,London,Outdoor,Grass,2021-07-05,1.3,3.5,0
Korda S.,26,126,75,51,15,9,60,42,Khachanov K.,11,378,217,161,44,38,173,123,Wimbledon,London,Outdoor,Grass,2021-07-05,1.9,1.9,0
Shapovalov D.,29,298,166,132,30,27,136,105,Bautista Agut R.,25,379,234,145,31,29,203,116,Wimbledon,London,Outdoor,Grass,2021-07-05,1.66,2.2,1
Ivashka I.,113,159,78,81,19,18,59,63,Berrettini M.,38,217,142,75,14,11,128,64,Wimbledon,London,Outdoor,Grass,2021-07-05,6.0,1.12,0
Medvedev D.,3,406,289,117,69,27,220,90,Hurkacz H.,17,238,137,101,27,24,110,77,Wimbledon,London,Outdoor,Grass,2021-07-06,1.16,5.0,0
Khachanov K.,11,378,217,161,44,38,173,123,Shapovalov D.,29,298,166,132,30,27,136,105,Wimbledon,London,Outdoor,Grass,2021-07-07,3.5,1.3,0
Fucsovics M.,67,249,121,128,26,24,95,104,Djokovic N.,2,1207,1012,195,146,42,866,153,Wimbledon,London,Outdoor,Grass,2021-07-07,15.0,1.03,0
Federer R.,8,1143,981,162,167,29,814,133,Hurkacz H.,17,238,137,101,27,24,110,77,Wimbledon,London,Outdoor,Grass,2021-07-07,1.4,3.0,0
Berrettini M.,38,217,142,75,14,11,128,64,Auger-Aliassime F.,12,268,163,105,48,22,115,83,Wimbledon,London,Outdoor,Grass,2021-07-07,1.25,4.0,1
Shapovalov D.,29,298,166,132,30,27,136,105,Djokovic N.,2,1207,1012,195,146,42,866,153,Wimbledon,London,Outdoor,Grass,2021-07-09,8.0,1.08,0
Hurkacz H.,17,238,137,101,27,24,110,77,Berrettini M.,38,217,142,75,14,11,128,64,Wimbledon,London,Outdoor,Grass,2021-07-09,2.75,1.44,0
Berrettini M.,38,217,142,75,14,11,128,64,Djokovic N.,2,1207,1012,195,146,42,866,153,Wimbledon,London,Outdoor,Grass,2021-07-11,4.5,1.22,0
Seyboth Wild T.,117,28,12,16,7,3,5,13,Kuhn N.,259,12,3,9,1,1,2,8,European Open,Hamburg,Outdoor,Clay,2021-07-12,1.28,3.75,1
Rodionov J.,118,26,9,17,2,3,7,14,Sugita Y.,131,129,47,82,6,12,41,70,Hall of Fame Championships,Newport,Outdoor,Grass,2021-07-12,1.61,2.3,0
Marchenko I.,164,131,50,81,18,23,32,58,Anderson K.,652,598,347,251,48,38,299,213,Hall of Fame Championships,Newport,Outdoor,Grass,2021-07-12,3.4,1.33,0
Stebe C.M.,231,76,28,48,4,7,24,41,Thompson J.,71,221,96,125,10,10,86,115,Hall of Fame Championships,Newport,Outdoor,Grass,2021-07-12,4.0,1.25,0
Berankis R.,212,249,104,145,36,31,68,114,Paire B.,149,527,237,290,39,56,198,234,European Open,Hamburg,Outdoor,Clay,2021-07-12,1.66,2.2,0
Munar J.,104,178,75,103,7,12,68,91,Kohlschreiber P.,132,812,446,366,76,73,370,293,European Open,Hamburg,Outdoor,Clay,2021-07-12,1.72,2.1,0
Baez S.,72,95,47,48,6,6,41,42,Moutet C.,80,118,50,68,5,11,45,57,European Open,Hamburg,Outdoor,Clay,2021-07-12,1.9,1.9,1
Kudla D.,137,198,70,128,5,14,65,114,Johnson S.,197,395,196,199,16,23,180,176,Hall of Fame Championships,Newport,Outdoor,Grass,2021-07-12,1.66,2.2,1
Brooksby J.,39,79,46,33,6,5,40,28,Donskoy E.,149,162,50,112,14,33,36,79,Hall of Fame Championships,Newport,Outdoor,Grass,2021-07-12,1.57,2.37,1
Hanfmann Y.,50,99,50,49,5,4,45,45,Monteiro T.,121,171,69,102,9,11,60,91,Nordea Open,Bastad,Outdoor,Clay,2021-07-12,2.0,1.8,1
Gasquet R.,48,948,581,367,133,82,448,285,Cecchinato M.,108,204,79,125,2,14,77,111,Nordea Open,Bastad,Outdoor,Clay,2021-07-12,2.0,1.8,0
Daniel T.,111,178,67,111,3,10,64,101,Ymer E.,186,81,24,57,3,11,21,46,Nordea Open,Bastad,Outdoor,Clay,2021-07-12,2.1,1.72,0
Albot R.,97,215,86,129,26,26,60,103,Rune H.,6,131,83,48,28,9,55,39,Nordea Open,Bastad,Outdoor,Clay,2021-07-13,2.75,1.44,0
Cuevas P.,149,421,210,211,34,25,176,186,Gombos N.,114,66,21,45,6,14,15,31,Nordea Open,Bastad,Outdoor,Clay,2021-07-13,1.44,2.75,0
Martinez P.,135,118,50,68,7,6,43,62,Novak D.,166,58,15,43,6,16,9,27,Nordea Open,Bastad,Outdoor,Clay,2021-07-13,1.44,2.75,1
Rinderknech A.,67,96,46,50,16,12,30,38,Sousa P.,475,36,9,27,1,3,8,24,Nordea Open,Bastad,Outdoor,Clay,2021-07-13,1.25,4.0,1
Nagal S.,503,17,3,14,0,1,3,13,Varillas J. P.,1345,20,9,11,2,1,7,10,European Open,Hamburg,Outdoor,Clay,2021-07-13,2.37,1.57,0
Lopez F.,634,863,441,422,71,82,370,340,Taberner C.,181,37,13,24,4,6,9,18,European Open,Hamburg,Outdoor,Clay,2021-07-13,3.5,1.3,0
Altmaier D.,51,79,28,51,1,5,27,46,Krajinovic F.,93,240,115,125,38,34,77,91,European Open,Hamburg,Outdoor,Clay,2021-07-13,1.8,2.0,0
Vesely J.,528,288,130,158,6,19,124,139,Caruso S.,146,63,19,44,5,9,14,35,Nordea Open,Bastad,Outdoor,Clay,2021-07-13,1.9,1.9,1
Mager G.,67,59,24,35,3,7,21,28,Molcan A.,120,86,45,41,1,6,44,35,European Open,Hamburg,Outdoor,Clay,2021-07-13,2.3,1.61,0
Struff J.L.,21,369,170,199,43,42,127,157,Djere L.,38,243,120,123,10,22,110,101,European Open,Hamburg,Outdoor,Clay,2021-07-13,1.72,2.1,0
Marterer M.,144,91,31,60,2,8,29,52,Koepfer D.,84,86,38,48,3,3,35,45,European Open,Hamburg,Outdoor,Clay,2021-07-13,2.62,1.5,0
Lajovic D.,66,378,163,215,21,36,142,179,Pouille L.,675,259,134,125,35,26,99,99,European Open,Hamburg,Outdoor,Clay,2021-07-13,1.57,2.37,1
Zhang Zh.,53,44,20,24,1,2,19,22,Delbonis F.,131,340,152,188,19,23,133,165,European Open,Hamburg,Outdoor,Clay,2021-07-13,3.5,1.3,0
Bagnis F.,135,121,39,82,9,8,30,74,Carballes Baena R.,64,207,91,116,11,10,80,106,Nordea Open,Bastad,Outdoor,Clay,2021-07-13,1.8,2.0,0
Uchiyama Y.,314,33,9,24,1,3,8,21,Ofner S.,61,34,16,18,1,2,15,16,Hall of Fame Championships,Newport,Outdoor,Grass,2021-07-13,2.75,1.44,0
Jung J.,276,32,10,22,5,4,5,18,Schnur B.,233,19,4,15,4,4,0,11,Hall of Fame Championships,Newport,Outdoor,Grass,2021-07-13,2.0,1.8,1
Ruusuvuori E.,55,158,79,79,16,18,63,61,Ymer M.,59,130,58,72,18,23,40,49,Nordea Open,Bastad,Outdoor,Clay,2021-07-13,2.5,1.53,1
Musetti L.,18,143,79,64,12,12,67,52,Laaksonen H.,125,101,37,64,7,16,30,48,Nordea Open,Bastad,Outdoor,Clay,2021-07-13,1.4,3.0,0
Zapata Miralles B.,54,80,32,48,1,6,31,42,Karlovic I.,221,674,351,323,80,66,271,257,Hall of Fame Championships,Newport,Outdoor,Grass,2021-07-13,1.57,2.37,0
Cerundolo F.,21,104,58,46,3,7,55,39,Coria F.,108,99,43,56,2,6,41,50,Nordea Open,Bastad,Outdoor,Clay,2021-07-13,2.2,1.66,0
Gojowczyk P.,108,172,75,97,17,18,58,79,Krueger M.,228,24,7,17,0,1,7,16,Hall of Fame Championships,Newport,Outdoor,Grass,2021-07-13,1.57,2.37,1
Sock J.,166,324,177,147,38,24,139,123,Bolt A.,345,40,13,27,0,0,13,27,Hall of Fame Championships,Newport,Outdoor,Grass,2021-07-13,2.2,1.66,1
Sandgren T.,153,121,47,74,2,9,45,65,Sousa J.,147,436,189,247,42,44,147,203,Hall of Fame Championships,Newport,Outdoor,Grass,2021-07-13,1.53,2.5,1
Cressy M.,96,96,42,54,10,11,32,43,Lorenzi P.,171,284,104,180,19,26,85,154,Hall of Fame Championships,Newport,Outdoor,Grass,2021-07-13,1.22,4.33,1
Thompson J.,71,221,96,125,10,10,86,115,Sugita Y.,131,129,47,82,6,12,41,70,Hall of Fame Championships,Newport,Outdoor,Grass,2021-07-14,1.28,3.75,1
Brooksby J.,39,79,46,33,6,5,40,28,Kudla D.,137,198,70,128,5,14,65,114,Hall of Fame Championships,Newport,Outdoor,Grass,2021-07-14,2.5,1.53,1
Ofner S.,61,34,16,18,1,2,15,16,Anderson K.,652,598,347,251,48,38,299,213,Hall of Fame Championships,Newport,Outdoor,Grass,2021-07-14,2.75,1.44,0
Jung J.,276,32,10,22,5,4,5,18,Sandgren T.,153,121,47,74,2,9,45,65,Hall of Fame Championships,Newport,Outdoor,Grass,2021-07-14,2.75,1.44,1
Querrey S.,287,678,369,309,48,39,321,270,Cressy M.,96,96,42,54,10,11,32,43,Hall of Fame Championships,Newport,Outdoor,Grass,2021-07-14,1.4,3.0,0
Gojowczyk P.,108,172,75,97,17,18,58,79,Pospisil V.,99,280,122,158,39,34,83,124,Hall of Fame Championships,Newport,Outdoor,Grass,2021-07-14,2.75,1.44,1
Sock J.,166,324,177,147,38,24,139,123,Nishioka Y.,31,215,99,116,15,15,84,101,Hall of Fame Championships,Newport,Outdoor,Grass,2021-07-14,1.72,2.1,1
Bublik A.,25,219,110,109,39,30,71,79,Karlovic I.,221,674,351,323,80,66,271,257,Hall of Fame Championships,Newport,Outdoor,Grass,2021-07-14,1.3,3.5,1
Millman J.,140,256,113,143,21,22,92,121,Rinderknech A.,67,96,46,50,16,12,30,38,Nordea Open,Bastad,Outdoor,Clay,2021-07-14,2.75,1.44,0
Vesely J.,528,288,130,158,6,19,124,139,Hanfmann Y.,50,99,50,49,5,4,45,45,Nordea Open,Bastad,Outdoor,Clay,2021-07-14,2.5,1.53,0
Krajinovic F.,93,240,115,125,38,34,77,91,Kohlschreiber P.,132,812,446,366,76,73,370,293,European Open,Hamburg,Outdoor,Clay,2021-07-14,1.8,2.0,1
Seyboth Wild T.,117,28,12,16,7,3,5,13,Djere L.,38,243,120,123,10,22,110,101,European Open,Hamburg,Outdoor,Clay,2021-07-14,4.0,1.25,0
Coria F.,108,99,43,56,2,6,41,50,Cecchinato M.,108,204,79,125,2,14,77,111,Nordea Open,Bastad,Outdoor,Clay,2021-07-14,2.37,1.57,1
Garin C.,101,190,103,87,15,13,88,74,Martinez P.,135,118,50,68,7,6,43,62,Nordea Open,Bastad,Outdoor,Clay,2021-07-14,1.57,2.37,1
Koepfer D.,84,86,38,48,3,3,35,45,Tsitsipas S.,5,390,264,126,49,32,215,94,European Open,Hamburg,Outdoor,Clay,2021-07-14,6.0,1.12,0
Delbonis F.,131,340,152,188,19,23,133,165,Ramos-Vinolas A.,82,437,204,233,17,31,187,202,European Open,Hamburg,Outdoor,Clay,2021-07-15,1.61,2.3,1
Rune H.,6,131,83,48,28,9,55,39,Ruud C.,4,275,176,99,19,16,157,83,Nordea Open,Bastad,Outdoor,Clay,2021-07-15,6.0,1.12,0
Fognini F.,128,742,383,359,39,48,344,311,Carballes Baena R.,64,207,91,116,11,10,80,106,Nordea Open,Bastad,Outdoor,Clay,2021-07-15,1.5,2.62,0
Gombos N.,114,66,21,45,6,14,15,31,Ruusuvuori E.,55,158,79,79,16,18,63,61,Nordea Open,Bastad,Outdoor,Clay,2021-07-15,1.72,2.1,1
Lajovic D.,66,378,163,215,21,36,142,179,Molcan A.,120,86,45,41,1,6,44,35,European Open,Hamburg,Outdoor,Clay,2021-07-15,1.8,2.0,1
Ymer E.,186,81,24,57,3,11,21,46,Laaksonen H.,125,101,37,64,7,16,30,48,Nordea Open,Bastad,Outdoor,Clay,2021-07-15,2.2,1.66,0
Bublik A.,25,219,110,109,39,30,71,79,Jung J.,276,32,10,22,5,4,5,18,Hall of Fame Championships,Newport,Outdoor,Grass,2021-07-15,1.3,3.5,1
Anderson K.,652,598,347,251,48,38,299,213,Sock J.,166,324,177,147,38,24,139,123,Hall of Fame Championships,Newport,Outdoor,Grass,2021-07-15,1.53,2.5,1
Taberner C.,181,37,13,24,4,6,9,18,Carreno Busta P.,16,352,214,138,33,25,181,113,European Open,Hamburg,Outdoor,Clay,2021-07-15,3.75,1.28,0
Varillas J. P.,1345,20,9,11,2,1,7,10,Paire B.,149,527,237,290,39,56,198,234,European Open,Hamburg,Outdoor,Clay,2021-07-15,1.44,2.75,0
Baez S.,72,95,47,48,6,6,41,42,Basilashvili N.,118,301,138,163,26,34,112,129,European Open,Hamburg,Outdoor,Clay,2021-07-15,2.37,1.57,0
Brooksby J.,39,79,46,33,6,5,40,28,Gojowczyk P.,108,172,75,97,17,18,58,79,Hall of Fame Championships,Newport,Outdoor,Grass,2021-07-16,1.72,2.1,1
Cressy M.,96,96,42,54,10,11,32,43,Thompson J.,71,221,96,125,10,10,86,115,Hall of Fame Championships,Newport,Outdoor,Grass,2021-07-16,2.75,1.44,0
Rinderknech A.,67,96,46,50,16,12,30,38,Hanfmann Y.,50,99,50,49,5,4,45,45,Nordea Open,Bastad,Outdoor,Clay,2021-07-16,2.0,1.8,0
Garin C.,101,190,103,87,15,13,88,74,Coria F.,108,99,43,56,2,6,41,50,Nordea Open,Bastad,Outdoor,Clay,2021-07-16,1.33,3.4,0
Laaksonen H.,125,101,37,64,7,16,30,48,Ruud C.,4,275,176,99,19,16,157,83,Nordea Open,Bastad,Outdoor,Clay,2021-07-16,5.5,1.14,0
Carballes Baena R.,64,207,91,116,11,10,80,106,Gombos N.,114,66,21,45,6,14,15,31,Nordea Open,Bastad,Outdoor,Clay,2021-07-16,2.0,1.8,1
Djere L.,38,243,120,123,10,22,110,101,Basilashvili N.,118,301,138,163,26,34,112,129,European Open,Hamburg,Outdoor,Clay,2021-07-16,1.53,2.5,1
Krajinovic F.,93,240,115,125,38,34,77,91,Tsitsipas S.,5,390,264,126,49,32,215,94,European Open,Hamburg,Outdoor,Clay,2021-07-16,5.5,1.14,1
Carreno Busta P.,16,352,214,138,33,25,181,113,Lajovic D.,66,378,163,215,21,36,142,179,European Open,Hamburg,Outdoor,Clay,2021-07-16,1.3,3.5,1
Delbonis F.,131,340,152,188,19,23,133,165,Paire B.,149,527,237,290,39,56,198,234,European Open,Hamburg,Outdoor,Clay,2021-07-16,1.22,4.33,1
Brooksby J.,39,79,46,33,6,5,40,28,Thompson J.,71,221,96,125,10,10,86,115,Hall of Fame Championships,Newport,Outdoor,Grass,2021-07-17,2.0,1.8,1
Bublik A.,25,219,110,109,39,30,71,79,Anderson K.,652,598,347,251,48,38,299,213,Hall of Fame Championships,Newport,Outdoor,Grass,2021-07-17,1.8,2.0,0
Djere L.,38,243,120,123,10,22,110,101,Krajinovic F.,93,240,115,125,38,34,77,91,European Open,Hamburg,Outdoor,Clay,2021-07-17,2.2,1.66,0
Carreno Busta P.,16,352,214,138,33,25,181,113,Delbonis F.,131,340,152,188,19,23,133,165,European Open,Hamburg,Outdoor,Clay,2021-07-17,1.5,2.62,1
Ruud C.,4,275,176,99,19,16,157,83,Carballes Baena R.,64,207,91,116,11,10,80,106,Nordea Open,Bastad,Outdoor,Clay,2021-07-17,1.14,5.5,1
Hanfmann Y.,50,99,50,49,5,4,45,45,Coria F.,108,99,43,56,2,6,41,50,Nordea Open,Bastad,Outdoor,Clay,2021-07-17,1.8,2.0,0
Carreno Busta P.,16,352,214,138,33,25,181,113,Krajinovic F.,93,240,115,125,38,34,77,91,European Open,Hamburg,Outdoor,Clay,2021-07-18,1.66,2.2,1
Ruud C.,4,275,176,99,19,16,157,83,Coria F.,108,99,43,56,2,6,41,50,Nordea Open,Bastad,Outdoor,Clay,2021-07-18,1.14,5.5,1
Brooksby J.,39,79,46,33,6,5,40,28,Anderson K.,652,598,347,251,48,38,299,213,Hall of Fame Championships,Newport,Outdoor,Grass,2021-07-18,2.3,1.61,0
Travaglia S.,1024,81,27,54,5,12,22,42,Munar J.,104,178,75,103,7,12,68,91,Croatia Open,Umag,Outdoor,Clay,2021-07-19,2.62,1.5,1
Couacaud E.,158,9,2,7,0,1,2,6,Ymer M.,59,130,58,72,18,23,40,49,Suisse Open Gstaad,Gstaad,Outdoor,Clay,2021-07-19,3.0,1.4,0
Paire B.,149,527,237,290,39,56,198,234,Kovalik J.,172,68,24,44,5,8,19,36,Suisse Open Gstaad,Gstaad,Outdoor,Clay,2021-07-19,1.57,2.37,1
Lopez F.,634,863,441,422,71,82,370,340,Huesler M.A.,88,58,21,37,8,8,13,29,Suisse Open Gstaad,Gstaad,Outdoor,Clay,2021-07-19,2.0,1.8,1
Nikles J.,317,4,1,3,0,0,1,3,Kopriva V.,159,9,5,4,0,0,5,4,Suisse Open Gstaad,Gstaad,Outdoor,Clay,2021-07-19,3.2,1.36,0
Serdarusic N.,702,9,1,8,0,3,1,5,Taberner C.,181,37,13,24,4,6,9,18,Croatia Open,Umag,Outdoor,Clay,2021-07-19,4.33,1.22,0
Otte O.,233,78,33,45,6,14,27,31,Bergs Z.,175,15,4,11,1,5,3,6,Suisse Open Gstaad,Gstaad,Outdoor,Clay,2021-07-19,1.44,2.75,0
Albot R.,97,215,86,129,26,26,60,103,Rune H.,6,131,83,48,28,9,55,39,Croatia Open,Umag,Outdoor,Clay,2021-07-19,3.4,1.33,1
Polmans M.,165,19,5,14,0,3,5,11,Ehrat S.,408,3,0,3,0,0,0,3,Suisse Open Gstaad,Gstaad,Outdoor,Clay,2021-07-19,1.8,2.0,1
Delbonis F.,131,340,152,188,19,23,133,165,Riedi L.,135,5,1,4,1,1,0,3,Suisse Open Gstaad,Gstaad,Outdoor,Clay,2021-07-20,1.06,10.0,1
Zapata Miralles B.,54,80,32,48,1,6,31,42,Cuevas P.,149,421,210,211,34,25,176,186,Croatia Open,Umag,Outdoor,Clay,2021-07-20,2.1,1.72,1
Vesely J.,528,288,130,158,6,19,124,139,Giannessi A.,224,35,12,23,1,4,11,19,Croatia Open,Umag,Outdoor,Clay,2021-07-20,1.72,2.1,0
Moutet C.,80,118,50,68,5,11,45,57,Altmaier D.,51,79,28,51,1,5,27,46,Croatia Open,Umag,Outdoor,Clay,2021-07-20,2.1,1.72,0
Collarini A.,210,1,0,1,0,0,0,1,Ajdukovic D.,299,4,1,3,0,0,1,3,Croatia Open,Umag,Outdoor,Clay,2021-07-20,2.0,1.8,0
Horansky F.,185,8,1,7,0,2,1,5,Dzumhur D.,202,234,107,127,31,29,76,98,Croatia Open,Umag,Outdoor,Clay,2021-07-20,2.3,1.61,0
Martin A.,723,258,107,151,6,13,101,138,Olivo R.,179,55,23,32,4,4,19,28,Croatia Open,Umag,Outdoor,Clay,2021-07-20,1.72,2.1,1
Kudla D.,137,198,70,128,5,14,65,114,Kokkinakis T.,86,124,55,69,0,4,55,65,Mifel Open,Los Cabos,Outdoor,Hard,2021-07-20,2.62,1.5,1
Johnson S.,197,395,196,199,16,23,180,176,Lopez Villasenor G.,654,4,0,4,0,0,0,4,Mifel Open,Los Cabos,Outdoor,Hard,2021-07-20,1.11,6.5,1
Nakashima B.,70,106,57,49,6,5,51,44,Wolf J.J.,45,75,39,36,8,6,31,30,Mifel Open,Los Cabos,Outdoor,Hard,2021-07-20,1.2,4.5,1
Bolt A.,345,40,13,27,0,0,13,27,Seppi A.,141,758,363,395,74,85,289,310,Mifel Open,Los Cabos,Outdoor,Hard,2021-07-20,2.1,1.72,1
Rodionov J.,118,26,9,17,2,3,7,14,Ofner S.,61,34,16,18,1,2,15,16,Mifel Open,Los Cabos,Outdoor,Hard,2021-07-20,2.3,1.61,0
Djere L.,38,243,120,123,10,22,110,101,Seyboth Wild T.,117,28,12,16,7,3,5,13,Suisse Open Gstaad,Gstaad,Outdoor,Clay,2021-07-20,1.25,4.0,1
Bedene A.,347,291,131,160,18,23,113,137,Cecchinato M.,108,204,79,125,2,14,77,111,Croatia Open,Umag,Outdoor,Clay,2021-07-20,2.2,1.66,0
Zuk K.,172,3,0,3,0,2,0,1,Novak D.,166,58,15,43,6,16,9,27,Suisse Open Gstaad,Gstaad,Outdoor,Clay,2021-07-20,1.72,2.1,0
Donskoy E.,149,162,50,112,14,33,36,79,Jung J.,276,32,10,22,5,4,5,18,Mifel Open,Los Cabos,Outdoor,Hard,2021-07-20,2.75,1.44,1
Alcaraz C.,1,164,130,34,10,5,120,29,Pouille L.,675,259,134,125,35,26,99,99,Croatia Open,Umag,Outdoor,Clay,2021-07-20,1.22,4.33,1
Cerundolo J.M.,106,29,12,17,2,3,10,14,Gaston H.,109,58,24,34,5,9,19,25,Suisse Open Gstaad,Gstaad,Outdoor,Clay,2021-07-20,2.1,1.72,0
Londero J.I.,142,83,34,49,3,5,31,44,Griekspoor T.,37,97,47,50,7,14,40,36,Suisse Open Gstaad,Gstaad,Outdoor,Clay,2021-07-20,2.1,1.72,0
Rinderknech A.,67,96,46,50,16,12,30,38,Stricker D.,106,20,10,10,2,2,8,8,Suisse Open Gstaad,Gstaad,Outdoor,Clay,2021-07-20,1.8,2.0,1
Mager G.,67,59,24,35,3,7,21,28,Martinez P.,135,118,50,68,7,6,43,62,Croatia Open,Umag,Outdoor,Clay,2021-07-20,2.37,1.57,1
Djere L.,38,243,120,123,10,22,110,101,Bergs Z.,175,15,4,11,1,5,3,6,Suisse Open Gstaad,Gstaad,Outdoor,Clay,2021-07-21,1.25,4.0,1
Gaston H.,109,58,24,34,5,9,19,25,Delbonis F.,131,340,152,188,19,23,133,165,Suisse Open Gstaad,Gstaad,Outdoor,Clay,2021-07-21,3.75,1.28,1
Bautista Agut R.,25,379,234,145,31,29,203,116,Rinderknech A.,67,96,46,50,16,12,30,38,Suisse Open Gstaad,Gstaad,Outdoor,Clay,2021-07-21,1.44,2.75,0
Garin C.,101,190,103,87,15,13,88,74,Polmans M.,165,19,5,14,0,3,5,11,Suisse Open Gstaad,Gstaad,Outdoor,Clay,2021-07-21,1.16,5.0,1
Gomez E.,155,26,7,19,2,2,5,17,Mejia N.,301,1,0,1,0,0,0,1,Mifel Open,Los Cabos,Outdoor,Hard,2021-07-21,1.53,2.5,1
Thompson J.,71,221,96,125,10,10,86,115,Karlovic I.,221,674,351,323,80,66,271,257,Mifel Open,Los Cabos,Outdoor,Hard,2021-07-21,1.3,3.5,1
Giannessi A.,224,35,12,23,1,4,11,19,Gasquet R.,48,948,581,367,133,82,448,285,Croatia Open,Umag,Outdoor,Clay,2021-07-21,2.62,1.5,0
Uchiyama Y.,314,33,9,24,1,3,8,21,Sarkissian A.,478,6,2,4,0,0,2,4,Mifel Open,Los Cabos,Outdoor,Hard,2021-07-21,1.5,2.62,1
Marchenko I.,164,131,50,81,18,23,32,58,Gojowczyk P.,108,172,75,97,17,18,58,79,Mifel Open,Los Cabos,Outdoor,Hard,2021-07-21,2.2,1.66,1
Dzumhur D.,202,234,107,127,31,29,76,98,Cecchinato M.,108,204,79,125,2,14,77,111,Croatia Open,Umag,Outdoor,Clay,2021-07-21,3.2,1.36,1
Ramos-Vinolas A.,82,437,204,233,17,31,187,202,Ajdukovic D.,299,4,1,3,0,0,1,3,Croatia Open,Umag,Outdoor,Clay,2021-07-21,1.33,3.4,1
Taberner C.,181,37,13,24,4,6,9,18,Travaglia S.,1024,81,27,54,5,12,22,42,Croatia Open,Umag,Outdoor,Clay,2021-07-21,1.66,2.2,0
Mcdonald M.,60,190,87,103,11,15,76,88,Escobedo E.,377,57,20,37,2,2,18,35,Mifel Open,Los Cabos,Outdoor,Hard,2021-07-21,1.53,2.5,0
Ymer E.,186,81,24,57,3,11,21,46,Ebden M.,432,203,75,128,13,18,62,110,Mifel Open,Los Cabos,Outdoor,Hard,2021-07-21,2.3,1.61,1
Martin A.,723,258,107,151,6,13,101,138,Alcaraz C.,1,164,130,34,10,5,120,29,Croatia Open,Umag,Outdoor,Clay,2021-07-22,5.0,1.16,0
Zapata Miralles B.,54,80,32,48,1,6,31,42,Lajovic D.,66,378,163,215,21,36,142,179,Croatia Open,Umag,Outdoor,Clay,2021-07-22,2.2,1.66,0
Altmaier D.,51,79,28,51,1,5,27,46,Mager G.,67,59,24,35,3,7,21,28,Croatia Open,Umag,Outdoor,Clay,2021-07-22,2.1,1.72,1
Krajinovic F.,93,240,115,125,38,34,77,91,Albot R.,97,215,86,129,26,26,60,103,Croatia Open,Umag,Outdoor,Clay,2021-07-22,1.16,5.0,1
Escobedo E.,377,57,20,37,2,2,18,35,Kudla D.,137,198,70,128,5,14,65,114,Mifel Open,Los Cabos,Outdoor,Hard,2021-07-22,2.2,1.66,1
Ymer M.,59,130,58,72,18,23,40,49,Lopez F.,634,863,441,422,71,82,370,340,Suisse Open Gstaad,Gstaad,Outdoor,Clay,2021-07-22,1.61,2.3,1
Kopriva V.,159,9,5,4,0,0,5,4,Shapovalov D.,29,298,166,132,30,27,136,105,Suisse Open Gstaad,Gstaad,Outdoor,Clay,2021-07-22,5.0,1.16,1
Bolt A.,345,40,13,27,0,0,13,27,Gomez E.,155,26,7,19,2,2,5,17,Mifel Open,Los Cabos,Outdoor,Hard,2021-07-22,1.72,2.1,1
Thompson J.,71,221,96,125,10,10,86,115,Ofner S.,61,34,16,18,1,2,15,16,Mifel Open,Los Cabos,Outdoor,Hard,2021-07-22,1.61,2.3,1
Paire B.,149,527,237,290,39,56,198,234,Griekspoor T.,37,97,47,50,7,14,40,36,Suisse Open Gstaad,Gstaad,Outdoor,Clay,2021-07-22,1.9,1.9,1
Ymer E.,186,81,24,57,3,11,21,46,Norrie C.,13,287,172,115,15,18,157,97,Mifel Open,Los Cabos,Outdoor,Hard,2021-07-22,4.5,1.2,0
Uchiyama Y.,314,33,9,24,1,3,8,21,Johnson S.,197,395,196,199,16,23,180,176,Mifel Open,Los Cabos,Outdoor,Hard,2021-07-22,2.75,1.44,0
Donskoy E.,149,162,50,112,14,33,36,79,Isner J.,114,755,465,290,53,45,412,245,Mifel Open,Los Cabos,Outdoor,Hard,2021-07-22,5.0,1.16,0
Marchenko I.,164,131,50,81,18,23,32,58,Fritz T.,9,356,205,151,26,22,179,129,Mifel Open,Los Cabos,Outdoor,Hard,2021-07-22,4.5,1.2,0
Novak D.,166,58,15,43,6,16,9,27,Ruud C.,4,275,176,99,19,16,157,83,Suisse Open Gstaad,Gstaad,Outdoor,Clay,2021-07-22,8.0,1.08,0
Nakashima B.,70,106,57,49,6,5,51,44,Querrey S.,287,678,369,309,48,39,321,270,Mifel Open,Los Cabos,Outdoor,Hard,2021-07-22,1.57,2.37,1
Rinderknech A.,67,96,46,50,16,12,30,38,Djere L.,38,243,120,123,10,22,110,101,Suisse Open Gstaad,Gstaad,Outdoor,Clay,2021-07-23,2.2,1.66,0
Gasquet R.,48,948,581,367,133,82,448,285,Dzumhur D.,202,234,107,127,31,29,76,98,Croatia Open,Umag,Outdoor,Clay,2021-07-23,1.61,2.3,1
Altmaier D.,51,79,28,51,1,5,27,46,Lajovic D.,66,378,163,215,21,36,142,179,Croatia Open,Umag,Outdoor,Clay,2021-07-23,2.5,1.53,1
Travaglia S.,1024,81,27,54,5,12,22,42,Ramos-Vinolas A.,82,437,204,233,17,31,187,202,Croatia Open,Umag,Outdoor,Clay,2021-07-23,2.2,1.66,0
Krajinovic F.,93,240,115,125,38,34,77,91,Alcaraz C.,1,164,130,34,10,5,120,29,Croatia Open,Umag,Outdoor,Clay,2021-07-23,2.1,1.72,0
Gaston H.,109,58,24,34,5,9,19,25,Garin C.,101,190,103,87,15,13,88,74,Suisse Open Gstaad,Gstaad,Outdoor,Clay,2021-07-23,3.75,1.28,1
Kopriva V.,159,9,5,4,0,0,5,4,Ymer M.,59,130,58,72,18,23,40,49,Suisse Open Gstaad,Gstaad,Outdoor,Clay,2021-07-23,2.37,1.57,1
Isner J.,114,755,465,290,53,45,412,245,Bolt A.,345,40,13,27,0,0,13,27,Mifel Open,Los Cabos,Outdoor,Hard,2021-07-23,1.33,3.4,1
Fritz T.,9,356,205,151,26,22,179,129,Johnson S.,197,395,196,199,16,23,180,176,Mifel Open,Los Cabos,Outdoor,Hard,2021-07-23,1.44,2.75,1
Norrie C.,13,287,172,115,15,18,157,97,Escobedo E.,377,57,20,37,2,2,18,35,Mifel Open,Los Cabos,Outdoor,Hard,2021-07-23,1.25,4.0,1
Thompson J.,71,221,96,125,10,10,86,115,Nakashima B.,70,106,57,49,6,5,51,44,Mifel Open,Los Cabos,Outdoor,Hard,2021-07-23,2.5,1.53,0
Ruud C.,4,275,176,99,19,16,157,83,Paire B.,149,527,237,290,39,56,198,234,Suisse Open Gstaad,Gstaad,Outdoor,Clay,2021-07-23,1.2,4.5,1
Djere L.,38,243,120,123,10,22,110,101,Gaston H.,109,58,24,34,5,9,19,25,Suisse Open Gstaad,Gstaad,Outdoor,Clay,2021-07-24,1.4,3.0,0
Kopriva V.,159,9,5,4,0,0,5,4,Ruud C.,4,275,176,99,19,16,157,83,Suisse Open Gstaad,Gstaad,Outdoor,Clay,2021-07-24,6.5,1.11,0
Nakashima B.,70,106,57,49,6,5,51,44,Isner J.,114,755,465,290,53,45,412,245,Mifel Open,Los Cabos,Outdoor,Hard,2021-07-24,2.62,1.5,1
Norrie C.,13,287,172,115,15,18,157,97,Fritz T.,9,356,205,151,26,22,179,129,Mifel Open,Los Cabos,Outdoor,Hard,2021-07-24,1.53,2.5,1
Gasquet R.,48,948,581,367,133,82,448,285,Altmaier D.,51,79,28,51,1,5,27,46,Croatia Open,Umag,Outdoor,Clay,2021-07-24,1.72,2.1,1
Alcaraz C.,1,164,130,34,10,5,120,29,Ramos-Vinolas A.,82,437,204,233,17,31,187,202,Croatia Open,Umag,Outdoor,Clay,2021-07-24,1.44,2.75,1
Ruud C.,4,275,176,99,19,16,157,83,Gaston H.,109,58,24,34,5,9,19,25,Suisse Open Gstaad,Gstaad,Outdoor,Clay,2021-07-25,1.14,5.5,1
Norrie C.,13,287,172,115,15,18,157,97,Nakashima B.,70,106,57,49,6,5,51,44,Mifel Open,Los Cabos,Outdoor,Hard,2021-07-25,1.4,3.0,1
Gasquet R.,48,948,581,367,133,82,448,285,Alcaraz C.,1,164,130,34,10,5,120,29,Croatia Open,Umag,Outdoor,Clay,2021-07-25,4.0,1.25,0
Cuevas P.,149,421,210,211,34,25,176,186,Ymer M.,59,130,58,72,18,23,40,49,Generali Open,Kitzbuhel,Outdoor,Clay,2021-07-26,1.5,2.62,0
Martinez P.,135,118,50,68,7,6,43,62,Pouille L.,675,259,134,125,35,26,99,99,Generali Open,Kitzbuhel,Outdoor,Clay,2021-07-26,1.57,2.37,1
Vesely J.,528,288,130,158,6,19,124,139,Gulbis E.,191,453,221,232,55,51,166,181,Generali Open,Kitzbuhel,Outdoor,Clay,2021-07-26,1.53,2.5,1
Fratangelo B.,695,62,22,40,0,1,22,39,Seppi A.,141,758,363,395,74,85,289,310,BB&T Atlanta Open,Atlanta,Outdoor,Hard,2021-07-26,1.57,2.37,1
Johnson S.,197,395,196,199,16,23,180,176,Popyrin A.,90,140,59,81,9,13,50,68,BB&T Atlanta Open,Atlanta,Outdoor,Hard,2021-07-26,2.3,1.61,1
Thompson J.,71,221,96,125,10,10,86,115,Harris L.,186,129,59,70,7,8,52,62,BB&T Atlanta Open,Atlanta,Outdoor,Hard,2021-07-26,2.2,1.66,1
Seyboth Wild T.,117,28,12,16,7,3,5,13,Taberner C.,181,37,13,24,4,6,9,18,Generali Open,Kitzbuhel,Outdoor,Clay,2021-07-26,2.62,1.5,0
Munar J.,104,178,75,103,7,12,68,91,Kovalik J.,172,68,24,44,5,8,19,36,Generali Open,Kitzbuhel,Outdoor,Clay,2021-07-26,1.4,3.0,0
Mager G.,67,59,24,35,3,7,21,28,Novak D.,166,58,15,43,6,16,9,27,Generali Open,Kitzbuhel,Outdoor,Clay,2021-07-27,1.61,2.3,1
Altmaier D.,51,79,28,51,1,5,27,46,Djere L.,38,243,120,123,10,22,110,101,Generali Open,Kitzbuhel,Outdoor,Clay,2021-07-27,2.62,1.5,1
Albot R.,97,215,86,129,26,26,60,103,Cecchinato M.,108,204,79,125,2,14,77,111,Generali Open,Kitzbuhel,Outdoor,Clay,2021-07-27,2.75,1.44,0
Neumayer L.,980,1,0,1,0,0,0,1,Vilella Martinez M.,167,10,4,6,0,0,4,6,Generali Open,Kitzbuhel,Outdoor,Clay,2021-07-27,5.0,1.16,0
Rune H.,6,131,83,48,28,9,55,39,Travaglia S.,1024,81,27,54,5,12,22,42,Generali Open,Kitzbuhel,Outdoor,Clay,2021-07-27,2.1,1.72,1
Delbonis F.,131,340,152,188,19,23,133,165,Rinderknech A.,67,96,46,50,16,12,30,38,Generali Open,Kitzbuhel,Outdoor,Clay,2021-07-27,1.61,2.3,0
Erler A.,337,2,1,1,0,0,1,1,Alcaraz C.,1,164,130,34,10,5,120,29,Generali Open,Kitzbuhel,Outdoor,Clay,2021-07-27,11.0,1.05,1
Mcdonald M.,60,190,87,103,11,15,76,88,Ruusuvuori E.,55,158,79,79,16,18,63,61,BB&T Atlanta Open,Atlanta,Outdoor,Hard,2021-07-27,1.8,2.0,0
Querrey S.,287,678,369,309,48,39,321,270,Gojowczyk P.,108,172,75,97,17,18,58,79,BB&T Atlanta Open,Atlanta,Outdoor,Hard,2021-07-27,1.9,1.9,0
O Connell C.,74,65,26,39,0,0,26,39,Kudla D.,137,198,70,128,5,14,65,114,BB&T Atlanta Open,Atlanta,Outdoor,Hard,2021-07-27,1.8,2.0,1
Fritz T.,9,356,205,151,26,22,179,129,Donskoy E.,149,162,50,112,14,33,36,79,BB&T Atlanta Open,Atlanta,Outdoor,Hard,2021-07-27,1.2,4.5,1
Uchiyama Y.,314,33,9,24,1,3,8,21,Paire B.,149,527,237,290,39,56,198,234,BB&T Atlanta Open,Atlanta,Outdoor,Hard,2021-07-27,2.37,1.57,0
Wolf J.J.,45,75,39,36,8,6,31,30,Isner J.,114,755,465,290,53,45,412,245,BB&T Atlanta Open,Atlanta,Outdoor,Hard,2021-07-27,4.0,1.25,0
Johnson S.,197,395,196,199,16,23,180,176,Fritz T.,9,356,205,151,26,22,179,129,BB&T Atlanta Open,Atlanta,Outdoor,Hard,2021-07-28,2.75,1.44,0
Taberner C.,181,37,13,24,4,6,9,18,Krajinovic F.,93,240,115,125,38,34,77,91,Generali Open,Kitzbuhel,Outdoor,Clay,2021-07-28,3.2,1.36,0
Kovalik J.,172,68,24,44,5,8,19,36,Vesely J.,528,288,130,158,6,19,124,139,Generali Open,Kitzbuhel,Outdoor,Clay,2021-07-28,2.2,1.66,1
Rune H.,6,131,83,48,28,9,55,39,Rinderknech A.,67,96,46,50,16,12,30,38,Generali Open,Kitzbuhel,Outdoor,Clay,2021-07-28,2.62,1.5,0
Martinez P.,135,118,50,68,7,6,43,62,Bautista Agut R.,25,379,234,145,31,29,203,116,Generali Open,Kitzbuhel,Outdoor,Clay,2021-07-28,2.75,1.44,1
Nakashima B.,70,106,57,49,6,5,51,44,Bryde T.,1164,1,0,1,0,0,0,1,BB&T Atlanta Open,Atlanta,Outdoor,Hard,2021-07-28,1.04,13.0,1
Sock J.,166,324,177,147,38,24,139,123,Berankis R.,212,249,104,145,36,31,68,114,BB&T Atlanta Open,Atlanta,Outdoor,Hard,2021-07-28,1.57,2.37,1
Kyrgios N.,25,303,195,108,11,7,184,101,Anderson K.,652,598,347,251,48,38,299,213,BB&T Atlanta Open,Atlanta,Outdoor,Hard,2021-07-28,1.66,2.2,1
Ramos-Vinolas A.,82,437,204,233,17,31,187,202,Mager G.,67,59,24,35,3,7,21,28,Generali Open,Kitzbuhel,Outdoor,Clay,2021-07-28,1.72,2.1,0
Thompson J.,71,221,96,125,10,10,86,115,Gojowczyk P.,108,172,75,97,17,18,58,79,BB&T Atlanta Open,Atlanta,Outdoor,Hard,2021-07-28,1.66,2.2,1
Cecchinato M.,108,204,79,125,2,14,77,111,Altmaier D.,51,79,28,51,1,5,27,46,Generali Open,Kitzbuhel,Outdoor,Clay,2021-07-28,2.1,1.72,0
Erler A.,337,2,1,1,0,0,1,1,Ymer M.,59,130,58,72,18,23,40,49,Generali Open,Kitzbuhel,Outdoor,Clay,2021-07-28,3.2,1.36,0
Ruud C.,4,275,176,99,19,16,157,83,Vilella Martinez M.,167,10,4,6,0,0,4,6,Generali Open,Kitzbuhel,Outdoor,Clay,2021-07-28,1.11,6.5,1
Raonic M.,849,540,361,179,64,34,297,145,Nakashima B.,70,106,57,49,6,5,51,44,BB&T Atlanta Open,Atlanta,Outdoor,Hard,2021-07-29,1.44,2.75,0
Kovalik J.,172,68,24,44,5,8,19,36,Martinez P.,135,118,50,68,7,6,43,62,Generali Open,Kitzbuhel,Outdoor,Clay,2021-07-29,3.0,1.4,0
Mager G.,67,59,24,35,3,7,21,28,Altmaier D.,51,79,28,51,1,5,27,46,Generali Open,Kitzbuhel,Outdoor,Clay,2021-07-29,2.37,1.57,0
Krajinovic F.,93,240,115,125,38,34,77,91,Rinderknech A.,67,96,46,50,16,12,30,38,Generali Open,Kitzbuhel,Outdoor,Clay,2021-07-29,1.5,2.62,0
Ymer M.,59,130,58,72,18,23,40,49,Ruud C.,4,275,176,99,19,16,157,83,Generali Open,Kitzbuhel,Outdoor,Clay,2021-07-29,4.5,1.2,0
Ruusuvuori E.,55,158,79,79,16,18,63,61,Paire B.,149,527,237,290,39,56,198,234,BB&T Atlanta Open,Atlanta,Outdoor,Hard,2021-07-29,1.53,2.5,1
Fratangelo B.,695,62,22,40,0,1,22,39,Opelka R.,17,168,88,80,17,10,71,70,BB&T Atlanta Open,Atlanta,Outdoor,Hard,2021-07-29,2.2,1.66,0
O Connell C.,74,65,26,39,0,0,26,39,Sinner J.,8,224,153,71,42,19,111,52,BB&T Atlanta Open,Atlanta,Outdoor,Hard,2021-07-29,3.4,1.33,1
Altmaier D.,51,79,28,51,1,5,27,46,Martinez P.,135,118,50,68,7,6,43,62,Generali Open,Kitzbuhel,Outdoor,Clay,2021-07-30,2.1,1.72,0
Ruud C.,4,275,176,99,19,16,157,83,Rinderknech A.,67,96,46,50,16,12,30,38,Generali Open,Kitzbuhel,Outdoor,Clay,2021-07-30,1.57,2.37,1
Norrie C.,13,287,172,115,15,18,157,97,Ruusuvuori E.,55,158,79,79,16,18,63,61,BB&T Atlanta Open,Atlanta,Outdoor,Hard,2021-07-30,1.25,4.0,0
Fritz T.,9,356,205,151,26,22,179,129,Opelka R.,17,168,88,80,17,10,71,70,BB&T Atlanta Open,Atlanta,Outdoor,Hard,2021-07-30,1.61,2.3,1
Thompson J.,71,221,96,125,10,10,86,115,Nakashima B.,70,106,57,49,6,5,51,44,BB&T Atlanta Open,Atlanta,Outdoor,Hard,2021-07-30,2.2,1.66,0
Kyrgios N.,25,303,195,108,11,7,184,101,Norrie C.,13,287,172,115,15,18,157,97,BB&T Atlanta Open,Atlanta,Outdoor,Hard,2021-07-30,1.66,2.2,0
Isner J.,114,755,465,290,53,45,412,245,Sock J.,166,324,177,147,38,24,139,123,BB&T Atlanta Open,Atlanta,Outdoor,Hard,2021-07-30,1.4,3.0,1
Nakashima B.,70,106,57,49,6,5,51,44,Ruusuvuori E.,55,158,79,79,16,18,63,61,BB&T Atlanta Open,Atlanta,Outdoor,Hard,2021-07-31,2.1,1.72,1
Isner J.,114,755,465,290,53,45,412,245,O Connell C.,74,65,26,39,0,0,26,39,BB&T Atlanta Open,Atlanta,Outdoor,Hard,2021-07-31,1.5,2.62,1
Martinez P.,135,118,50,68,7,6,43,62,Ruud C.,4,275,176,99,19,16,157,83,Generali Open,Kitzbuhel,Outdoor,Clay,2021-07-31,3.4,1.33,0
Isner J.,114,755,465,290,53,45,412,245,Fritz T.,9,356,205,151,26,22,179,129,BB&T Atlanta Open,Atlanta,Outdoor,Hard,2021-08-01,2.0,1.8,1
Nakashima B.,70,106,57,49,6,5,51,44,Isner J.,114,755,465,290,53,45,412,245,BB&T Atlanta Open,Atlanta,Outdoor,Hard,2021-08-01,2.0,1.8,0
Ivashka I.,113,159,78,81,19,18,59,63,Gerasimov E.,150,93,43,50,19,19,24,31,Citi Open,Washington,Outdoor,Hard,2021-08-02,1.44,2.75,1
Giron M.,69,150,68,82,20,14,48,68,Marchenko I.,164,131,50,81,18,23,32,58,Citi Open,Washington,Outdoor,Hard,2021-08-02,1.4,3.0,1
Anderson K.,652,598,347,251,48,38,299,213,Brooksby J.,39,79,46,33,6,5,40,28,Citi Open,Washington,Outdoor,Hard,2021-08-02,1.61,2.3,0
Galan D.E.,76,78,33,45,3,5,30,40,Paul T.,14,204,111,93,19,13,92,80,Citi Open,Washington,Outdoor,Hard,2021-08-02,3.0,1.4,1
Berankis R.,212,249,104,145,36,31,68,114,Krueger M.,228,24,7,17,0,1,7,16,Citi Open,Washington,Outdoor,Hard,2021-08-02,1.66,2.2,1
Seppi A.,141,758,363,395,74,85,289,310,Uchiyama Y.,314,33,9,24,1,3,8,21,Citi Open,Washington,Outdoor,Hard,2021-08-02,1.61,2.3,1
Ramanathan R.,435,40,14,26,0,4,14,22,Johnson S.,197,395,196,199,16,23,180,176,Citi Open,Washington,Outdoor,Hard,2021-08-03,3.0,1.4,0
Seppi A.,141,758,363,395,74,85,289,310,Auger-Aliassime F.,12,268,163,105,48,22,115,83,Citi Open,Washington,Outdoor,Hard,2021-08-03,4.5,1.2,0
Norrie C.,13,287,172,115,15,18,157,97,Giron M.,69,150,68,82,20,14,48,68,Citi Open,Washington,Outdoor,Hard,2021-08-03,1.3,3.5,1
Pospisil V.,99,280,122,158,39,34,83,124,Korda S.,26,126,75,51,15,9,60,42,Citi Open,Washington,Outdoor,Hard,2021-08-03,2.75,1.44,0
Ymer E.,186,81,24,57,3,11,21,46,Thompson J.,71,221,96,125,10,10,86,115,Citi Open,Washington,Outdoor,Hard,2021-08-03,2.5,1.53,1
Sandgren T.,153,121,47,74,2,9,45,65,Duckworth J.,123,143,55,88,10,9,45,79,Citi Open,Washington,Outdoor,Hard,2021-08-03,2.1,1.72,1
Pospisil V.,99,280,122,158,39,34,83,124,Gomez E.,155,26,7,19,2,2,5,17,Citi Open,Washington,Outdoor,Hard,2021-08-03,1.53,2.5,1
Lopez F.,634,863,441,422,71,82,370,340,Kudla D.,137,198,70,128,5,14,65,114,Citi Open,Washington,Outdoor,Hard,2021-08-03,2.37,1.57,0
Gunneswaran P.,228,28,7,21,0,0,7,21,Ruusuvuori E.,55,158,79,79,16,18,63,61,Citi Open,Washington,Outdoor,Hard,2021-08-03,3.75,1.28,0
Nishioka Y.,31,215,99,116,15,15,84,101,Sock J.,166,324,177,147,38,24,139,123,Citi Open,Washington,Outdoor,Hard,2021-08-03,2.1,1.72,0
Nishikori K.,439,617,408,209,70,33,338,176,Querrey S.,287,678,369,309,48,39,321,270,Citi Open,Washington,Outdoor,Hard,2021-08-03,1.53,2.5,1
Nakashima B.,70,106,57,49,6,5,51,44,Popyrin A.,90,140,59,81,9,13,50,68,Citi Open,Washington,Outdoor,Hard,2021-08-03,1.8,2.0,1
Mcdonald M.,60,190,87,103,11,15,76,88,Paire B.,149,527,237,290,39,56,198,234,Citi Open,Washington,Outdoor,Hard,2021-08-04,1.44,2.75,1
Harris L.,186,129,59,70,7,8,52,62,Sandgren T.,153,121,47,74,2,9,45,65,Citi Open,Washington,Outdoor,Hard,2021-08-04,1.44,2.75,1
Nishikori K.,439,617,408,209,70,33,338,176,Bublik A.,25,219,110,109,39,30,71,79,Citi Open,Washington,Outdoor,Hard,2021-08-04,1.5,2.62,1
Ivashka I.,113,159,78,81,19,18,59,63,Dimitrov G.,20,651,389,262,79,50,310,212,Citi Open,Washington,Outdoor,Hard,2021-08-04,1.66,2.2,1
Ruusuvuori E.,55,158,79,79,16,18,63,61,Sinner J.,8,224,153,71,42,19,111,52,Citi Open,Washington,Outdoor,Hard,2021-08-04,2.37,1.57,0
Opelka R.,17,168,88,80,17,10,71,70,Galan D.E.,76,78,33,45,3,5,30,40,Citi Open,Washington,Outdoor,Hard,2021-08-04,1.33,3.4,1
Kudla D.,137,198,70,128,5,14,65,114,Fritz T.,9,356,205,151,26,22,179,129,Citi Open,Washington,Outdoor,Hard,2021-08-04,3.0,1.4,1
Millman J.,140,256,113,143,21,22,92,121,Ymer E.,186,81,24,57,3,11,21,46,Citi Open,Washington,Outdoor,Hard,2021-08-04,1.66,2.2,1
Nakashima B.,70,106,57,49,6,5,51,44,Evans D.,30,251,124,127,18,16,106,111,Citi Open,Washington,Outdoor,Hard,2021-08-04,1.72,2.1,1
De Minaur A.,19,272,161,111,30,19,131,92,Johnson S.,197,395,196,199,16,23,180,176,Citi Open,Washington,Outdoor,Hard,2021-08-04,1.4,3.0,0
Tiafoe F.,10,303,158,145,24,23,134,122,Brooksby J.,39,79,46,33,6,5,40,28,Citi Open,Washington,Outdoor,Hard,2021-08-04,1.8,2.0,0
Kecmanovic M.,40,210,107,103,12,16,95,87,Berankis R.,212,249,104,145,36,31,68,114,Citi Open,Washington,Outdoor,Hard,2021-08-04,1.57,2.37,0
Kyrgios N.,25,303,195,108,11,7,184,101,Mcdonald M.,60,190,87,103,11,15,76,88,Citi Open,Washington,Outdoor,Hard,2021-08-04,1.44,2.75,0
Auger-Aliassime F.,12,268,163,105,48,22,115,83,Brooksby J.,39,79,46,33,6,5,40,28,Citi Open,Washington,Outdoor,Hard,2021-08-05,1.57,2.37,0
Opelka R.,17,168,88,80,17,10,71,70,Millman J.,140,256,113,143,21,22,92,121,Citi Open,Washington,Outdoor,Hard,2021-08-05,1.61,2.3,0
Korda S.,26,126,75,51,15,9,60,42,Sinner J.,8,224,153,71,42,19,111,52,Citi Open,Washington,Outdoor,Hard,2021-08-05,2.1,1.72,0
Nishikori K.,439,617,408,209,70,33,338,176,Norrie C.,13,287,172,115,15,18,157,97,Citi Open,Washington,Outdoor,Hard,2021-08-05,2.0,1.8,1
Nakashima B.,70,106,57,49,6,5,51,44,Kudla D.,137,198,70,128,5,14,65,114,Citi Open,Washington,Outdoor,Hard,2021-08-05,1.4,3.0,0
Nadal R.,2,1223,1017,206,76,40,941,166,Sock J.,166,324,177,147,38,24,139,123,Citi Open,Washington,Outdoor,Hard,2021-08-05,1.1,7.0,1
Berankis R.,212,249,104,145,36,31,68,114,Johnson S.,197,395,196,199,16,23,180,176,Citi Open,Washington,Outdoor,Hard,2021-08-05,2.2,1.66,0
Nadal R.,2,1223,1017,206,76,40,941,166,Harris L.,186,129,59,70,7,8,52,62,Citi Open,Washington,Outdoor,Hard,2021-08-06,1.25,4.0,0
Ivashka I.,113,159,78,81,19,18,59,63,Mcdonald M.,60,190,87,103,11,15,76,88,Citi Open,Washington,Outdoor,Hard,2021-08-06,1.57,2.37,0
Brooksby J.,39,79,46,33,6,5,40,28,Millman J.,140,256,113,143,21,22,92,121,Citi Open,Washington,Outdoor,Hard,2021-08-06,1.4,3.0,1
Sinner J.,8,224,153,71,42,19,111,52,Johnson S.,197,395,196,199,16,23,180,176,Citi Open,Washington,Outdoor,Hard,2021-08-06,1.33,3.4,1
Harris L.,186,129,59,70,7,8,52,62,Nishikori K.,439,617,408,209,70,33,338,176,Citi Open,Washington,Outdoor,Hard,2021-08-07,2.37,1.57,0
Mcdonald M.,60,190,87,103,11,15,76,88,Kudla D.,137,198,70,128,5,14,65,114,Citi Open,Washington,Outdoor,Hard,2021-08-07,1.53,2.5,1
Brooksby J.,39,79,46,33,6,5,40,28,Sinner J.,8,224,153,71,42,19,111,52,Citi Open,Washington,Outdoor,Hard,2021-08-07,2.37,1.57,0
Nishikori K.,439,617,408,209,70,33,338,176,Mcdonald M.,60,190,87,103,11,15,76,88,Citi Open,Washington,Outdoor,Hard,2021-08-07,1.44,2.75,0
Sinner J.,8,224,153,71,42,19,111,52,Mcdonald M.,60,190,87,103,11,15,76,88,Citi Open,Washington,Outdoor,Hard,2021-08-08,1.25,4.0,1
Evans D.,30,251,124,127,18,16,106,111,Bublik A.,25,219,110,109,39,30,71,79,Canadian Open,Toronto,Outdoor,Hard,2021-08-09,2.0,1.8,0
Millman J.,140,256,113,143,21,22,92,121,Berankis R.,212,249,104,145,36,31,68,114,Canadian Open,Toronto,Outdoor,Hard,2021-08-09,1.9,1.9,1
Fritz T.,9,356,205,151,26,22,179,129,Duckworth J.,123,143,55,88,10,9,45,79,Canadian Open,Toronto,Outdoor,Hard,2021-08-09,1.36,3.2,0
Harris L.,186,129,59,70,7,8,52,62,Schnur B.,233,19,4,15,4,4,0,11,Canadian Open,Toronto,Outdoor,Hard,2021-08-09,1.28,3.75,1
Sonego L.,43,221,107,114,19,17,88,97,Humbert U.,36,170,80,90,23,21,57,69,Canadian Open,Toronto,Outdoor,Hard,2021-08-09,2.62,1.5,0
Fognini F.,128,742,383,359,39,48,344,311,Struff J.L.,21,369,170,199,43,42,127,157,Canadian Open,Toronto,Outdoor,Hard,2021-08-09,1.9,1.9,1
Ramos-Vinolas A.,82,437,204,233,17,31,187,202,Cilic M.,100,853,543,310,119,65,424,245,Canadian Open,Toronto,Outdoor,Hard,2021-08-09,3.4,1.33,0
Cilic M.,100,853,543,310,119,65,424,245,Ruud C.,4,275,176,99,19,16,157,83,Canadian Open,Toronto,Outdoor,Hard,2021-08-10,2.1,1.72,0
Bublik A.,25,219,110,109,39,30,71,79,Medvedev D.,3,406,289,117,69,27,220,90,Canadian Open,Toronto,Outdoor,Hard,2021-08-10,4.5,1.2,0
Mcdonald M.,60,190,87,103,11,15,76,88,Paire B.,149,527,237,290,39,56,198,234,Canadian Open,Toronto,Outdoor,Hard,2021-08-10,1.57,2.37,0
Nishioka Y.,31,215,99,116,15,15,84,101,Tiafoe F.,10,303,158,145,24,23,134,122,Canadian Open,Toronto,Outdoor,Hard,2021-08-10,2.5,1.53,0
Khachanov K.,11,378,217,161,44,38,173,123,Norrie C.,13,287,172,115,15,18,157,97,Canadian Open,Toronto,Outdoor,Hard,2021-08-10,1.8,2.0,1
Isner J.,114,755,465,290,53,45,412,245,Davidovich Fokina A.,39,168,84,84,17,20,67,64,Canadian Open,Toronto,Outdoor,Hard,2021-08-10,1.61,2.3,1
Nishikori K.,439,617,408,209,70,33,338,176,Kecmanovic M.,40,210,107,103,12,16,95,87,Canadian Open,Toronto,Outdoor,Hard,2021-08-10,1.4,3.0,1
Lajovic D.,66,378,163,215,21,36,142,179,Ruusuvuori E.,55,158,79,79,16,18,63,61,Canadian Open,Toronto,Outdoor,Hard,2021-08-10,3.4,1.33,1
Kyrgios N.,25,303,195,108,11,7,184,101,Opelka R.,17,168,88,80,17,10,71,70,Canadian Open,Toronto,Outdoor,Hard,2021-08-10,1.72,2.1,0
Paul T.,14,204,111,93,19,13,92,80,Pospisil V.,99,280,122,158,39,34,83,124,Canadian Open,Toronto,Outdoor,Hard,2021-08-10,2.0,1.8,1
Brooksby J.,39,79,46,33,6,5,40,28,Basilashvili N.,118,301,138,163,26,34,112,129,Canadian Open,Toronto,Outdoor,Hard,2021-08-10,1.44,2.75,0
Karatsev A.,75,136,66,70,10,22,56,48,Khachanov K.,11,378,217,161,44,38,173,123,Canadian Open,Toronto,Outdoor,Hard,2021-08-11,2.37,1.57,0
Hurkacz H.,17,238,137,101,27,24,110,77,Nishikori K.,439,617,408,209,70,33,338,176,Canadian Open,Toronto,Outdoor,Hard,2021-08-11,1.9,1.9,1
Bautista Agut R.,25,379,234,145,31,29,203,116,Paul T.,14,204,111,93,19,13,92,80,Canadian Open,Toronto,Outdoor,Hard,2021-08-11,1.44,2.75,1
Schwartzman D.,95,428,233,195,32,27,201,168,Paire B.,149,527,237,290,39,56,198,234,Canadian Open,Toronto,Outdoor,Hard,2021-08-11,1.36,3.2,1
Basilashvili N.,118,301,138,163,26,34,112,129,De Minaur A.,19,272,161,111,30,19,131,92,Canadian Open,Toronto,Outdoor,Hard,2021-08-11,2.5,1.53,1
Rublev A.,7,392,255,137,57,34,198,103,Fognini F.,128,742,383,359,39,48,344,311,Canadian Open,Toronto,Outdoor,Hard,2021-08-11,1.25,4.0,1
Humbert U.,36,170,80,90,23,21,57,69,Tsitsipas S.,5,390,264,126,49,32,215,94,Canadian Open,Toronto,Outdoor,Hard,2021-08-11,2.5,1.36,0
Harris L.,186,129,59,70,7,8,52,62,Lopez F.,634,863,441,422,71,82,370,340,Canadian Open,Toronto,Outdoor,Hard,2021-08-11,1.25,4.0,1
Isner J.,114,755,465,290,53,45,412,245,Garin C.,101,190,103,87,15,13,88,74,Canadian Open,Toronto,Outdoor,Hard,2021-08-11,1.44,2.75,1
Sinner J.,8,224,153,71,42,19,111,52,Duckworth J.,123,143,55,88,10,9,45,79,Canadian Open,Toronto,Outdoor,Hard,2021-08-11,1.2,4.5,0
Dimitrov G.,20,651,389,262,79,50,310,212,Opelka R.,17,168,88,80,17,10,71,70,Canadian Open,Toronto,Outdoor,Hard,2021-08-11,2.5,1.53,0
Auger-Aliassime F.,12,268,163,105,48,22,115,83,Lajovic D.,66,378,163,215,21,36,142,179,Canadian Open,Toronto,Outdoor,Hard,2021-08-11,1.25,4.0,0
Harris L.,186,129,59,70,7,8,52,62,Opelka R.,17,168,88,80,17,10,71,70,Canadian Open,Toronto,Outdoor,Hard,2021-08-12,1.9,1.9,0
Tiafoe F.,10,303,158,145,24,23,134,122,Monfils G.,323,816,510,306,131,65,379,241,Canadian Open,Toronto,Outdoor,Hard,2021-08-12,1.4,3.0,0
Schwartzman D.,95,428,233,195,32,27,201,168,Bautista Agut R.,25,379,234,145,31,29,203,116,Canadian Open,Toronto,Outdoor,Hard,2021-08-12,2.0,1.8,0
Isner J.,114,755,465,290,53,45,412,245,Rublev A.,7,392,255,137,57,34,198,103,Canadian Open,Toronto,Outdoor,Hard,2021-08-12,2.75,1.44,1
Tsitsipas S.,5,390,264,126,49,32,215,94,Khachanov K.,11,378,217,161,44,38,173,123,Canadian Open,Toronto,Outdoor,Hard,2021-08-12,1.36,2.5,1
Lajovic D.,66,378,163,215,21,36,142,179,Ruud C.,4,275,176,99,19,16,157,83,Canadian Open,Toronto,Outdoor,Hard,2021-08-12,3.2,1.36,0
Monfils G.,323,816,510,306,131,65,379,241,Millman J.,140,256,113,143,21,22,92,121,Canadian Open,Toronto,Outdoor,Hard,2021-08-12,2.3,1.61,1
Tiafoe F.,10,303,158,145,24,23,134,122,Shapovalov D.,29,298,166,132,30,27,136,105,Canadian Open,Toronto,Outdoor,Hard,2021-08-12,3.2,2.5,1
Medvedev D.,3,406,289,117,69,27,220,90,Duckworth J.,123,143,55,88,10,9,45,79,Canadian Open,Toronto,Outdoor,Hard,2021-08-13,1.08,8.0,1
Hurkacz H.,17,238,137,101,27,24,110,77,Basilashvili N.,118,301,138,163,26,34,112,129,Canadian Open,Toronto,Outdoor,Hard,2021-08-13,1.66,2.2,1
Tsitsipas S.,5,390,264,126,49,32,215,94,Ruud C.,4,275,176,99,19,16,157,83,Canadian Open,Toronto,Outdoor,Hard,2021-08-13,1.25,2.5,1
Opelka R.,17,168,88,80,17,10,71,70,Bautista Agut R.,25,379,234,145,31,29,203,116,Canadian Open,Toronto,Outdoor,Hard,2021-08-13,2.2,1.66,1
Opelka R.,17,168,88,80,17,10,71,70,Tsitsipas S.,5,390,264,126,49,32,215,94,Canadian Open,Toronto,Outdoor,Hard,2021-08-14,4.33,1.22,1
Monfils G.,323,816,510,306,131,65,379,241,Isner J.,114,755,465,290,53,45,412,245,Canadian Open,Toronto,Outdoor,Hard,2021-08-14,2.62,1.5,0
Medvedev D.,3,406,289,117,69,27,220,90,Hurkacz H.,17,238,137,101,27,24,110,77,Canadian Open,Toronto,Outdoor,Hard,2021-08-14,1.22,4.33,1
Medvedev D.,3,406,289,117,69,27,220,90,Isner J.,114,755,465,290,53,45,412,245,Canadian Open,Toronto,Outdoor,Hard,2021-08-15,1.3,3.5,1
Opelka R.,17,168,88,80,17,10,71,70,Medvedev D.,3,406,289,117,69,27,220,90,Canadian Open,Toronto,Outdoor,Hard,2021-08-15,5.0,1.16,0
Kecmanovic M.,40,210,107,103,12,16,95,87,Paire B.,149,527,237,290,39,56,198,234,Western & Southern Financial Group Masters,Cincinnati,Outdoor,Hard,2021-08-15,1.57,2.37,0
Evans D.,30,251,124,127,18,16,106,111,Schwartzman D.,95,428,233,195,32,27,201,168,Western & Southern Financial Group Masters,Cincinnati,Outdoor,Hard,2021-08-16,2.75,1.44,0
Harris L.,186,129,59,70,7,8,52,62,Nishioka Y.,31,215,99,116,15,15,84,101,Western & Southern Financial Group Masters,Cincinnati,Outdoor,Hard,2021-08-16,1.4,3.0,1
Fucsovics M.,67,249,121,128,26,24,95,104,Auger-Aliassime F.,12,268,163,105,48,22,115,83,Western & Southern Financial Group Masters,Cincinnati,Outdoor,Hard,2021-08-16,2.75,1.44,0
Fritz T.,9,356,205,151,26,22,179,129,Ramos-Vinolas A.,82,437,204,233,17,31,187,202,Western & Southern Financial Group Masters,Cincinnati,Outdoor,Hard,2021-08-16,1.36,3.2,0
Goffin D.,123,522,296,226,66,52,230,174,Pella G.,199,260,118,142,14,16,104,126,Western & Southern Financial Group Masters,Cincinnati,Outdoor,Hard,2021-08-16,1.3,3.5,0
Fognini F.,128,742,383,359,39,48,344,311,Basilashvili N.,118,301,138,163,26,34,112,129,Western & Southern Financial Group Masters,Cincinnati,Outdoor,Hard,2021-08-16,2.1,1.72,1
Sinner J.,8,224,153,71,42,19,111,52,Delbonis F.,131,340,152,188,19,23,133,165,Western & Southern Financial Group Masters,Cincinnati,Outdoor,Hard,2021-08-16,1.14,5.5,1
Struff J.L.,21,369,170,199,43,42,127,157,Koepfer D.,84,86,38,48,3,3,35,45,Western & Southern Financial Group Masters,Cincinnati,Outdoor,Hard,2021-08-16,1.66,2.2,0
Giron M.,69,150,68,82,20,14,48,68,Bublik A.,25,219,110,109,39,30,71,79,Western & Southern Financial Group Masters,Cincinnati,Outdoor,Hard,2021-08-17,2.37,1.57,0
Opelka R.,17,168,88,80,17,10,71,70,Moutet C.,80,118,50,68,5,11,45,57,Western & Southern Financial Group Masters,Cincinnati,Outdoor,Hard,2021-08-17,1.44,2.75,1
Sonego L.,43,221,107,114,19,17,88,97,Alcaraz C.,1,164,130,34,10,5,120,29,Western & Southern Financial Group Masters,Cincinnati,Outdoor,Hard,2021-08-17,2.2,1.66,1
Isner J.,114,755,465,290,53,45,412,245,Norrie C.,13,287,172,115,15,18,157,97,Western & Southern Financial Group Masters,Cincinnati,Outdoor,Hard,2021-08-17,1.9,1.9,1
Cilic M.,100,853,543,310,119,65,424,245,Karatsev A.,75,136,66,70,10,22,56,48,Western & Southern Financial Group Masters,Cincinnati,Outdoor,Hard,2021-08-17,2.0,1.8,1
Korda S.,26,126,75,51,15,9,60,42,Djere L.,38,243,120,123,10,22,110,101,Western & Southern Financial Group Masters,Cincinnati,Outdoor,Hard,2021-08-17,1.2,4.5,1
Mcdonald M.,60,190,87,103,11,15,76,88,Nakashima B.,70,106,57,49,6,5,51,44,Western & Southern Financial Group Masters,Cincinnati,Outdoor,Hard,2021-08-17,2.2,1.66,1
Davidovich Fokina A.,39,168,84,84,17,20,67,64,Hurkacz H.,17,238,137,101,27,24,110,77,Western & Southern Financial Group Masters,Cincinnati,Outdoor,Hard,2021-08-17,3.2,1.36,0
Khachanov K.,11,378,217,161,44,38,173,123,Anderson K.,652,598,347,251,48,38,299,213,Western & Southern Financial Group Masters,Cincinnati,Outdoor,Hard,2021-08-17,1.61,2.3,1
Gasquet R.,48,948,581,367,133,82,448,285,Murray A.,44,932,687,245,132,47,555,198,Western & Southern Financial Group Masters,Cincinnati,Outdoor,Hard,2021-08-17,1.72,2.1,0
Krajinovic F.,93,240,115,125,38,34,77,91,De Minaur A.,19,272,161,111,30,19,131,92,Western & Southern Financial Group Masters,Cincinnati,Outdoor,Hard,2021-08-17,2.2,1.66,0
Dimitrov G.,20,651,389,262,79,50,310,212,Bautista Agut R.,25,379,234,145,31,29,203,116,Western & Southern Financial Group Masters,Cincinnati,Outdoor,Hard,2021-08-17,2.62,1.5,1
Zverev A.,19,500,346,154,60,31,286,123,Harris L.,186,129,59,70,7,8,52,62,Western & Southern Financial Group Masters,Cincinnati,Outdoor,Hard,2021-08-18,1.3,3.5,1
Sinner J.,8,224,153,71,42,19,111,52,Isner J.,114,755,465,290,53,45,412,245,Western & Southern Financial Group Masters,Cincinnati,Outdoor,Hard,2021-08-18,1.66,2.2,0
Medvedev D.,3,406,289,117,69,27,220,90,Mcdonald M.,60,190,87,103,11,15,76,88,Western & Southern Financial Group Masters,Cincinnati,Outdoor,Hard,2021-08-18,1.16,5.0,1
Ruud C.,4,275,176,99,19,16,157,83,Opelka R.,17,168,88,80,17,10,71,70,Western & Southern Financial Group Masters,Cincinnati,Outdoor,Hard,2021-08-18,1.72,2.1,1
Rublev A.,7,392,255,137,57,34,198,103,Cilic M.,100,853,543,310,119,65,424,245,Western & Southern Financial Group Masters,Cincinnati,Outdoor,Hard,2021-08-18,1.3,3.5,1
Murray A.,44,932,687,245,132,47,555,198,Hurkacz H.,17,238,137,101,27,24,110,77,Western & Southern Financial Group Masters,Cincinnati,Outdoor,Hard,2021-08-18,3.4,1.33,0
Pella G.,199,260,118,142,14,16,104,126,Fognini F.,128,742,383,359,39,48,344,311,Western & Southern Financial Group Masters,Cincinnati,Outdoor,Hard,2021-08-18,3.5,1.3,1
Dimitrov G.,20,651,389,262,79,50,310,212,Bublik A.,25,219,110,109,39,30,71,79,Western & Southern Financial Group Masters,Cincinnati,Outdoor,Hard,2021-08-18,1.72,2.1,1
Koepfer D.,84,86,38,48,3,3,35,45,Carreno Busta P.,16,352,214,138,33,25,181,113,Western & Southern Financial Group Masters,Cincinnati,Outdoor,Hard,2021-08-18,3.5,1.3,0
Paire B.,149,527,237,290,39,56,198,234,Shapovalov D.,29,298,166,132,30,27,136,105,Western & Southern Financial Group Masters,Cincinnati,Outdoor,Hard,2021-08-18,3.75,1.28,1
Berrettini M.,38,217,142,75,14,11,128,64,Ramos-Vinolas A.,82,437,204,233,17,31,187,202,Western & Southern Financial Group Masters,Cincinnati,Outdoor,Hard,2021-08-18,1.14,5.5,1
Garin C.,101,190,103,87,15,13,88,74,Paul T.,14,204,111,93,19,13,92,80,Western & Southern Financial Group Masters,Cincinnati,Outdoor,Hard,2021-08-18,2.1,1.72,0
Tiafoe F.,10,303,158,145,24,23,134,122,Humbert U.,36,170,80,90,23,21,57,69,Western & Southern Financial Group Masters,Cincinnati,Outdoor,Hard,2021-08-18,2.5,1.53,1
Lajovic D.,66,378,163,215,21,36,142,179,Monfils G.,323,816,510,306,131,65,379,241,Western & Southern Financial Group Masters,Cincinnati,Outdoor,Hard,2021-08-18,2.3,1.61,0
Sonego L.,43,221,107,114,19,17,88,97,Paul T.,14,204,111,93,19,13,92,80,Western & Southern Financial Group Masters,Cincinnati,Outdoor,Hard,2021-08-18,1.72,2.1,1
Khachanov K.,11,378,217,161,44,38,173,123,Auger-Aliassime F.,12,268,163,105,48,22,115,83,Western & Southern Financial Group Masters,Cincinnati,Outdoor,Hard,2021-08-18,1.57,2.37,0
Monfils G.,323,816,510,306,131,65,379,241,De Minaur A.,19,272,161,111,30,19,131,92,Western & Southern Financial Group Masters,Cincinnati,Outdoor,Hard,2021-08-18,2.1,1.72,1
Hurkacz H.,17,238,137,101,27,24,110,77,Carreno Busta P.,16,352,214,138,33,25,181,113,Western & Southern Financial Group Masters,Cincinnati,Outdoor,Hard,2021-08-19,1.8,2.0,0
Zverev A.,19,500,346,154,60,31,286,123,Pella G.,199,260,118,142,14,16,104,126,Western & Southern Financial Group Masters,Cincinnati,Outdoor,Hard,2021-08-19,1.08,8.0,1
Rublev A.,7,392,255,137,57,34,198,103,Monfils G.,323,816,510,306,131,65,379,241,Western & Southern Financial Group Masters,Cincinnati,Outdoor,Hard,2021-08-19,1.3,3.5,1
Schwartzman D.,95,428,233,195,32,27,201,168,Ruud C.,4,275,176,99,19,16,157,83,Western & Southern Financial Group Masters,Cincinnati,Outdoor,Hard,2021-08-19,2.0,1.8,0
Dimitrov G.,20,651,389,262,79,50,310,212,Medvedev D.,3,406,289,117,69,27,220,90,Western & Southern Financial Group Masters,Cincinnati,Outdoor,Hard,2021-08-19,5.0,1.16,0
Tsitsipas S.,5,390,264,126,49,32,215,94,Korda S.,26,126,75,51,15,9,60,42,Western & Southern Financial Group Masters,Cincinnati,Outdoor,Hard,2021-08-19,1.3,3.5,1
Tiafoe F.,10,303,158,145,24,23,134,122,Schwartzman D.,95,428,233,195,32,27,201,168,Western & Southern Financial Group Masters,Cincinnati,Outdoor,Hard,2021-08-19,2.1,1.72,0
Isner J.,114,755,465,290,53,45,412,245,Paire B.,149,527,237,290,39,56,198,234,Western & Southern Financial Group Masters,Cincinnati,Outdoor,Hard,2021-08-19,1.36,3.2,0
Sonego L.,43,221,107,114,19,17,88,97,Tsitsipas S.,5,390,264,126,49,32,215,94,Western & Southern Financial Group Masters,Cincinnati,Outdoor,Hard,2021-08-20,5.0,1.16,0
Auger-Aliassime F.,12,268,163,105,48,22,115,83,Berrettini M.,38,217,142,75,14,11,128,64,Western & Southern Financial Group Masters,Cincinnati,Outdoor,Hard,2021-08-20,2.5,1.53,1
Paire B.,149,527,237,290,39,56,198,234,Rublev A.,7,392,255,137,57,34,198,103,Western & Southern Financial Group Masters,Cincinnati,Outdoor,Hard,2021-08-20,4.5,1.2,0
Medvedev D.,3,406,289,117,69,27,220,90,Carreno Busta P.,16,352,214,138,33,25,181,113,Western & Southern Financial Group Masters,Cincinnati,Outdoor,Hard,2021-08-20,1.28,3.75,1
Zverev A.,19,500,346,154,60,31,286,123,Tsitsipas S.,5,390,264,126,49,32,215,94,Western & Southern Financial Group Masters,Cincinnati,Outdoor,Hard,2021-08-21,1.66,2.2,1
Medvedev D.,3,406,289,117,69,27,220,90,Rublev A.,7,392,255,137,57,34,198,103,Western & Southern Financial Group Masters,Cincinnati,Outdoor,Hard,2021-08-21,1.22,4.33,0
Tsitsipas S.,5,390,264,126,49,32,215,94,Auger-Aliassime F.,12,268,163,105,48,22,115,83,Western & Southern Financial Group Masters,Cincinnati,Outdoor,Hard,2021-08-21,1.36,3.2,1
Ruud C.,4,275,176,99,19,16,157,83,Zverev A.,19,500,346,154,60,31,286,123,Western & Southern Financial Group Masters,Cincinnati,Outdoor,Hard,2021-08-21,4.0,1.25,0
Rublev A.,7,392,255,137,57,34,198,103,Zverev A.,19,500,346,154,60,31,286,123,Western & Southern Financial Group Masters,Cincinnati,Outdoor,Hard,2021-08-22,3.0,1.4,0
Cecchinato M.,108,204,79,125,2,14,77,111,Sandgren T.,153,121,47,74,2,9,45,65,Winston-Salem Open at Wake Forest University,Winston-Salem,Outdoor,Hard,2021-08-22,3.2,1.36,1
Gombos N.,114,66,21,45,6,14,15,31,Gerasimov E.,150,93,43,50,19,19,24,31,Winston-Salem Open at Wake Forest University,Winston-Salem,Outdoor,Hard,2021-08-22,2.5,1.53,0
Duckworth J.,123,143,55,88,10,9,45,79,Monteiro T.,121,171,69,102,9,11,60,91,Winston-Salem Open at Wake Forest University,Winston-Salem,Outdoor,Hard,2021-08-22,1.28,3.75,0
Ivashka I.,113,159,78,81,19,18,59,63,Seppi A.,141,758,363,395,74,85,289,310,Winston-Salem Open at Wake Forest University,Winston-Salem,Outdoor,Hard,2021-08-23,1.33,3.4,1
Lopez F.,634,863,441,422,71,82,370,340,Pouille L.,675,259,134,125,35,26,99,99,Winston-Salem Open at Wake Forest University,Winston-Salem,Outdoor,Hard,2021-08-23,2.2,1.66,0
Watanuki Y.,99,25,11,14,0,0,11,14,Munar J.,104,178,75,103,7,12,68,91,Winston-Salem Open at Wake Forest University,Winston-Salem,Outdoor,Hard,2021-08-23,3.2,1.36,1
Kudla D.,137,198,70,128,5,14,65,114,Ruusuvuori E.,55,158,79,79,16,18,63,61,Winston-Salem Open at Wake Forest University,Winston-Salem,Outdoor,Hard,2021-08-23,2.37,1.57,0
Pella G.,199,260,118,142,14,16,104,126,Thompson J.,71,221,96,125,10,10,86,115,Winston-Salem Open at Wake Forest University,Winston-Salem,Outdoor,Hard,2021-08-23,2.1,1.72,0
Wu T.L.,175,6,1,5,0,0,1,5,Mager G.,67,59,24,35,3,7,21,28,Winston-Salem Open at Wake Forest University,Winston-Salem,Outdoor,Hard,2021-08-23,2.2,1.66,0
Simon G.,188,869,491,378,135,94,356,284,Rinderknech A.,67,96,46,50,16,12,30,38,Winston-Salem Open at Wake Forest University,Winston-Salem,Outdoor,Hard,2021-08-23,3.4,1.33,1
Bagnis F.,135,121,39,82,9,8,30,74,Giron M.,69,150,68,82,20,14,48,68,Winston-Salem Open at Wake Forest University,Winston-Salem,Outdoor,Hard,2021-08-23,4.0,1.25,0
Murray A.,44,932,687,245,132,47,555,198,Rubin N.,306,29,8,21,0,2,8,19,Winston-Salem Open at Wake Forest University,Winston-Salem,Outdoor,Hard,2021-08-23,,,1
Travaglia S.,1024,81,27,54,5,12,22,42,Ymer M.,59,130,58,72,18,23,40,49,Winston-Salem Open at Wake Forest University,Winston-Salem,Outdoor,Hard,2021-08-23,2.1,1.72,0
Albot R.,97,215,86,129,26,26,60,103,Kwon S.W.,68,108,53,55,12,6,41,49,Winston-Salem Open at Wake Forest University,Winston-Salem,Outdoor,Hard,2021-08-23,3.2,1.36,0
Coria F.,108,99,43,56,2,6,41,50,Musetti L.,18,143,79,64,12,12,67,52,Winston-Salem Open at Wake Forest University,Winston-Salem,Outdoor,Hard,2021-08-23,3.4,1.33,1
Ymer M.,59,130,58,72,18,23,40,49,Ramos-Vinolas A.,82,437,204,233,17,31,187,202,Winston-Salem Open at Wake Forest University,Winston-Salem,Outdoor,Hard,2021-08-24,1.8,2.0,1
Fucsovics M.,67,249,121,128,26,24,95,104,Watanuki Y.,99,25,11,14,0,0,11,14,Winston-Salem Open at Wake Forest University,Winston-Salem,Outdoor,Hard,2021-08-24,1.25,4.0,1
Evans D.,30,251,124,127,18,16,106,111,Pouille L.,675,259,134,125,35,26,99,99,Winston-Salem Open at Wake Forest University,Winston-Salem,Outdoor,Hard,2021-08-24,1.4,3.0,1
Ivashka I.,113,159,78,81,19,18,59,63,Cilic M.,100,853,543,310,119,65,424,245,Winston-Salem Open at Wake Forest University,Winston-Salem,Outdoor,Hard,2021-08-24,2.1,1.72,1
Struff J.L.,21,369,170,199,43,42,127,157,Mager G.,67,59,24,35,3,7,21,28,Winston-Salem Open at Wake Forest University,Winston-Salem,Outdoor,Hard,2021-08-24,1.44,2.75,1
Bublik A.,25,219,110,109,39,30,71,79,Ruusuvuori E.,55,158,79,79,16,18,63,61,Winston-Salem Open at Wake Forest University,Winston-Salem,Outdoor,Hard,2021-08-24,2.0,1.8,0
Paire B.,149,527,237,290,39,56,198,234,Simon G.,188,869,491,378,135,94,356,284,Winston-Salem Open at Wake Forest University,Winston-Salem,Outdoor,Hard,2021-08-24,1.72,2.1,1
Kwon S.W.,68,108,53,55,12,6,41,49,Carreno Busta P.,16,352,214,138,33,25,181,113,Winston-Salem Open at Wake Forest University,Winston-Salem,Outdoor,Hard,2021-08-24,4.33,1.22,0
Gasquet R.,48,948,581,367,133,82,448,285,Gerasimov E.,150,93,43,50,19,19,24,31,Winston-Salem Open at Wake Forest University,Winston-Salem,Outdoor,Hard,2021-08-24,1.5,2.62,1
Cecchinato M.,108,204,79,125,2,14,77,111,Koepfer D.,84,86,38,48,3,3,35,45,Winston-Salem Open at Wake Forest University,Winston-Salem,Outdoor,Hard,2021-08-24,3.0,1.4,0
Popyrin A.,90,140,59,81,9,13,50,68,Johnson S.,197,395,196,199,16,23,180,176,Winston-Salem Open at Wake Forest University,Winston-Salem,Outdoor,Hard,2021-08-24,3.2,1.36,1
Herbert P.H.,157,202,89,113,31,38,58,75,Coria F.,108,99,43,56,2,6,41,50,Winston-Salem Open at Wake Forest University,Winston-Salem,Outdoor,Hard,2021-08-24,1.44,2.75,1
Purcell M.,78,28,9,19,0,0,9,19,Ymer M.,59,130,58,72,18,23,40,49,Winston-Salem Open at Wake Forest University,Winston-Salem,Outdoor,Hard,2021-08-25,2.75,1.44,0
Evans D.,30,251,124,127,18,16,106,111,Gasquet R.,48,948,581,367,133,82,448,285,Winston-Salem Open at Wake Forest University,Winston-Salem,Outdoor,Hard,2021-08-25,1.72,2.1,0
Ruusuvuori E.,55,158,79,79,16,18,63,61,Paire B.,149,527,237,290,39,56,198,234,Winston-Salem Open at Wake Forest University,Winston-Salem,Outdoor,Hard,2021-08-25,1.66,2.2,1
Struff J.L.,21,369,170,199,43,42,127,157,Ivashka I.,113,159,78,81,19,18,59,63,Winston-Salem Open at Wake Forest University,Winston-Salem,Outdoor,Hard,2021-08-25,2.0,1.8,0
Koepfer D.,84,86,38,48,3,3,35,45,Carreno Busta P.,16,352,214,138,33,25,181,113,Winston-Salem Open at Wake Forest University,Winston-Salem,Outdoor,Hard,2021-08-25,4.0,1.25,0
Murray A.,44,932,687,245,132,47,555,198,Tiafoe F.,10,303,158,145,24,23,134,122,Winston-Salem Open at Wake Forest University,Winston-Salem,Outdoor,Hard,2021-08-25,2.1,1.72,0
Alcaraz C.,1,164,130,34,10,5,120,29,Popyrin A.,90,140,59,81,9,13,50,68,Winston-Salem Open at Wake Forest University,Winston-Salem,Outdoor,Hard,2021-08-25,1.72,2.1,1
Delbonis F.,131,340,152,188,19,23,133,165,Giron M.,69,150,68,82,20,14,48,68,Winston-Salem Open at Wake Forest University,Winston-Salem,Outdoor,Hard,2021-08-25,3.2,1.36,0
Purcell M.,78,28,9,19,0,0,9,19,Thompson J.,71,221,96,125,10,10,86,115,Winston-Salem Open at Wake Forest University,Winston-Salem,Outdoor,Hard,2021-08-25,3.2,1.36,1
Monteiro T.,121,171,69,102,9,11,60,91,Nava E.,242,13,2,11,0,0,2,11,Winston-Salem Open at Wake Forest University,Winston-Salem,Outdoor,Hard,2021-08-25,1.12,6.0,1
Ruusuvuori E.,55,158,79,79,16,18,63,61,Gasquet R.,48,948,581,367,133,82,448,285,Winston-Salem Open at Wake Forest University,Winston-Salem,Outdoor,Hard,2021-08-26,1.57,2.37,1
Ivashka I.,113,159,78,81,19,18,59,63,Carreno Busta P.,16,352,214,138,33,25,181,113,Winston-Salem Open at Wake Forest University,Winston-Salem,Outdoor,Hard,2021-08-26,2.62,1.5,1
Herbert P.H.,157,202,89,113,31,38,58,75,Giron M.,69,150,68,82,20,14,48,68,Winston-Salem Open at Wake Forest University,Winston-Salem,Outdoor,Hard,2021-08-26,2.75,1.44,0
Tiafoe F.,10,303,158,145,24,23,134,122,Monteiro T.,121,171,69,102,9,11,60,91,Winston-Salem Open at Wake Forest University,Winston-Salem,Outdoor,Hard,2021-08-26,1.22,4.33,1
Fucsovics M.,67,249,121,128,26,24,95,104,Alcaraz C.,1,164,130,34,10,5,120,29,Winston-Salem Open at Wake Forest University,Winston-Salem,Outdoor,Hard,2021-08-26,2.0,1.8,0
Ymer M.,59,130,58,72,18,23,40,49,Tiafoe F.,10,303,158,145,24,23,134,122,Winston-Salem Open at Wake Forest University,Winston-Salem,Outdoor,Hard,2021-08-27,2.75,1.44,1
Alcaraz C.,1,164,130,34,10,5,120,29,Giron M.,69,150,68,82,20,14,48,68,Winston-Salem Open at Wake Forest University,Winston-Salem,Outdoor,Hard,2021-08-27,1.57,2.37,1
Ruusuvuori E.,55,158,79,79,16,18,63,61,Ivashka I.,113,159,78,81,19,18,59,63,Winston-Salem Open at Wake Forest University,Winston-Salem,Outdoor,Hard,2021-08-28,2.37,1.57,0
Ymer M.,59,130,58,72,18,23,40,49,Alcaraz C.,1,164,130,34,10,5,120,29,Winston-Salem Open at Wake Forest University,Winston-Salem,Outdoor,Hard,2021-08-28,2.75,1.44,1
Ymer M.,59,130,58,72,18,23,40,49,Ivashka I.,113,159,78,81,19,18,59,63,Winston-Salem Open at Wake Forest University,Winston-Salem,Outdoor,Hard,2021-08-28,2.75,1.44,0
Ruud C.,4,275,176,99,19,16,157,83,Sugita Y.,131,129,47,82,6,12,41,70,US Open,New York,Outdoor,Hard,2021-08-30,1.06,10.0,1
Mannarino A.,27,567,264,303,60,73,204,230,Herbert P.H.,157,202,89,113,31,38,58,75,US Open,New York,Outdoor,Hard,2021-08-30,2.75,1.44,1
Murray A.,44,932,687,245,132,47,555,198,Tsitsipas S.,5,390,264,126,49,32,215,94,US Open,New York,Outdoor,Hard,2021-08-30,9.0,1.07,0
Dimitrov G.,20,651,389,262,79,50,310,212,Riffice S.,542,1,0,1,0,0,0,1,US Open,New York,Outdoor,Hard,2021-08-30,1.05,11.0,1
Davidovich Fokina A.,39,168,84,84,17,20,67,64,Trungelliti M.,240,33,13,20,2,2,11,18,US Open,New York,Outdoor,Hard,2021-08-30,1.14,5.5,0
Molcan A.,120,86,45,41,1,6,44,35,Ilkel C.,382,17,1,16,0,4,1,12,US Open,New York,Outdoor,Hard,2021-08-30,1.3,3.5,1
Rinderknech A.,67,96,46,50,16,12,30,38,Kecmanovic M.,40,210,107,103,12,16,95,87,US Open,New York,Outdoor,Hard,2021-08-30,2.0,1.8,1
Majchrzak K.,121,50,19,31,3,4,16,27,Ruusuvuori E.,55,158,79,79,16,18,63,61,US Open,New York,Outdoor,Hard,2021-08-30,2.75,1.44,0
Giron M.,69,150,68,82,20,14,48,68,Hoang A.,155,19,6,13,2,5,4,8,US Open,New York,Outdoor,Hard,2021-08-30,1.22,4.33,1
Albot R.,97,215,86,129,26,26,60,103,Popyrin A.,90,140,59,81,9,13,50,68,US Open,New York,Outdoor,Hard,2021-08-30,4.33,1.22,0
Halys Q.,79,72,23,49,3,10,20,39,Koepfer D.,84,86,38,48,3,3,35,45,US Open,New York,Outdoor,Hard,2021-08-30,3.0,1.4,0
Norrie C.,13,287,172,115,15,18,157,97,Alcaraz C.,1,164,130,34,10,5,120,29,US Open,New York,Outdoor,Hard,2021-08-30,1.44,2.75,0
Taberner C.,181,37,13,24,4,6,9,18,Van De Zandschulp B.,44,117,63,54,11,11,52,43,US Open,New York,Outdoor,Hard,2021-08-30,3.2,1.36,0
Isner J.,114,755,465,290,53,45,412,245,Nakashima B.,70,106,57,49,6,5,51,44,US Open,New York,Outdoor,Hard,2021-08-30,1.53,2.5,0
Andujar P.,323,404,164,240,12,30,152,210,Kukushkin M.,221,352,141,211,50,49,91,162,US Open,New York,Outdoor,Hard,2021-08-30,2.62,1.5,1
Gombos N.,114,66,21,45,6,14,15,31,Garin C.,101,190,103,87,15,13,88,74,US Open,New York,Outdoor,Hard,2021-08-30,3.5,1.3,0
Lajovic D.,66,378,163,215,21,36,142,179,Paire B.,149,527,237,290,39,56,198,234,US Open,New York,Outdoor,Hard,2021-08-30,2.5,1.53,1
Daniel T.,111,178,67,111,3,10,64,101,Bagnis F.,135,121,39,82,9,8,30,74,US Open,New York,Outdoor,Hard,2021-08-30,1.57,2.37,0
Schwartzman D.,95,428,233,195,32,27,201,168,Berankis R.,212,249,104,145,36,31,68,114,US Open,New York,Outdoor,Hard,2021-08-30,1.14,5.5,1
Evans D.,30,251,124,127,18,16,106,111,Monteiro T.,121,171,69,102,9,11,60,91,US Open,New York,Outdoor,Hard,2021-08-30,1.28,3.75,1
Zapata Miralles B.,54,80,32,48,1,6,31,42,Lopez F.,634,863,441,422,71,82,370,340,US Open,New York,Outdoor,Hard,2021-08-30,1.66,2.2,1
Vesely J.,528,288,130,158,6,19,124,139,Anderson K.,652,598,347,251,48,38,299,213,US Open,New York,Outdoor,Hard,2021-08-30,3.5,1.3,0
Gojowczyk P.,108,172,75,97,17,18,58,79,Humbert U.,36,170,80,90,23,21,57,69,US Open,New York,Outdoor,Hard,2021-08-30,4.5,1.2,1
Auger-Aliassime F.,12,268,163,105,48,22,115,83,Donskoy E.,149,162,50,112,14,33,36,79,US Open,New York,Outdoor,Hard,2021-08-30,1.07,9.0,1
Cilic M.,100,853,543,310,119,65,424,245,Kohlschreiber P.,132,812,446,366,76,73,370,293,US Open,New York,Outdoor,Hard,2021-08-30,1.4,3.0,0
Rublev A.,7,392,255,137,57,34,198,103,Karlovic I.,221,674,351,323,80,66,271,257,US Open,New York,Outdoor,Hard,2021-08-30,1.05,11.0,1
Martinez P.,135,118,50,68,7,6,43,62,Duckworth J.,123,143,55,88,10,9,45,79,US Open,New York,Outdoor,Hard,2021-08-30,2.75,1.44,1
Millman J.,140,256,113,143,21,22,92,121,Laaksonen H.,125,101,37,64,7,16,30,48,US Open,New York,Outdoor,Hard,2021-08-30,1.53,2.5,0
Paul T.,14,204,111,93,19,13,92,80,Carballes Baena R.,64,207,91,116,11,10,80,106,US Open,New York,Outdoor,Hard,2021-08-31,1.16,5.0,0
Cressy M.,96,96,42,54,10,11,32,43,Carreno Busta P.,16,352,214,138,33,25,181,113,US Open,New York,Outdoor,Hard,2021-08-31,7.0,1.1,1
Purcell M.,78,28,9,19,0,0,9,19,Sinner J.,8,224,153,71,42,19,111,52,US Open,New York,Outdoor,Hard,2021-08-31,8.0,1.08,0
Shapovalov D.,29,298,166,132,30,27,136,105,Delbonis F.,131,340,152,188,19,23,133,165,US Open,New York,Outdoor,Hard,2021-08-31,1.1,7.0,1
Korda S.,26,126,75,51,15,9,60,42,Basilashvili N.,118,301,138,163,26,34,112,129,US Open,New York,Outdoor,Hard,2021-08-31,1.4,3.0,0
Mager G.,67,59,24,35,3,7,21,28,Thompson J.,71,221,96,125,10,10,86,115,US Open,New York,Outdoor,Hard,2021-08-31,3.4,1.33,0
Travaglia S.,1024,81,27,54,5,12,22,42,Moutet C.,80,118,50,68,5,11,45,57,US Open,New York,Outdoor,Hard,2021-08-31,2.3,1.61,0
Chardy J.,542,591,289,302,44,48,245,254,Berrettini M.,38,217,142,75,14,11,128,64,US Open,New York,Outdoor,Hard,2021-08-31,7.0,1.1,0
Struff J.L.,21,369,170,199,43,42,127,157,Griekspoor T.,37,97,47,50,7,14,40,36,US Open,New York,Outdoor,Hard,2021-08-31,1.3,3.5,0
Sock J.,166,324,177,147,38,24,139,123,Nishioka Y.,31,215,99,116,15,15,84,101,US Open,New York,Outdoor,Hard,2021-08-31,2.0,1.8,1
Marterer M.,144,91,31,60,2,8,29,52,Johnson S.,197,395,196,199,16,23,180,176,US Open,New York,Outdoor,Hard,2021-08-31,2.62,1.5,0
Sandgren T.,153,121,47,74,2,9,45,65,Ivashka I.,113,159,78,81,19,18,59,63,US Open,New York,Outdoor,Hard,2021-08-31,4.0,1.25,0
Fognini F.,128,742,383,359,39,48,344,311,Pospisil V.,99,280,122,158,39,34,83,124,US Open,New York,Outdoor,Hard,2021-08-31,1.57,2.37,0
Svajda Z.,233,8,2,6,0,1,2,5,Cecchinato M.,108,204,79,125,2,14,77,111,US Open,New York,Outdoor,Hard,2021-08-31,2.75,1.44,1
Ymer M.,59,130,58,72,18,23,40,49,Brooksby J.,39,79,46,33,6,5,40,28,US Open,New York,Outdoor,Hard,2021-08-31,3.0,1.4,0
Otte O.,233,78,33,45,6,14,27,31,Sonego L.,43,221,107,114,19,17,88,97,US Open,New York,Outdoor,Hard,2021-08-31,3.4,1.33,1
Coria F.,108,99,43,56,2,6,41,50,Monfils G.,323,816,510,306,131,65,379,241,US Open,New York,Outdoor,Hard,2021-08-31,6.0,1.12,0
Bublik A.,25,219,110,109,39,30,71,79,Hanfmann Y.,50,99,50,49,5,4,45,45,US Open,New York,Outdoor,Hard,2021-08-31,1.16,5.0,1
Fucsovics M.,67,249,121,128,26,24,95,104,Seppi A.,141,758,363,395,74,85,289,310,US Open,New York,Outdoor,Hard,2021-08-31,1.16,5.0,0
Tiafoe F.,10,303,158,145,24,23,134,122,Eubanks C.,29,64,28,36,1,3,27,33,US Open,New York,Outdoor,Hard,2021-08-31,1.2,4.5,1
Krajinovic F.,93,240,115,125,38,34,77,91,Pella G.,199,260,118,142,14,16,104,126,US Open,New York,Outdoor,Hard,2021-08-31,1.3,3.5,0
Kyrgios N.,25,303,195,108,11,7,184,101,Bautista Agut R.,25,379,234,145,31,29,203,116,US Open,New York,Outdoor,Hard,2021-08-31,2.37,1.57,0
Medvedev D.,3,406,289,117,69,27,220,90,Gasquet R.,48,948,581,367,133,82,448,285,US Open,New York,Outdoor,Hard,2021-08-31,1.04,13.0,1
Nava E.,242,13,2,11,0,0,2,11,Musetti L.,18,143,79,64,12,12,67,52,US Open,New York,Outdoor,Hard,2021-08-31,3.0,1.4,0
Goffin D.,123,522,296,226,66,52,230,174,Mcdonald M.,60,190,87,103,11,15,76,88,US Open,New York,Outdoor,Hard,2021-08-31,3.0,1.4,0
Opelka R.,17,168,88,80,17,10,71,70,Kwon S.W.,68,108,53,55,12,6,41,49,US Open,New York,Outdoor,Hard,2021-08-31,1.3,3.5,1
Djere L.,38,243,120,123,10,22,110,101,Kudla D.,137,198,70,128,5,14,65,114,US Open,New York,Outdoor,Hard,2021-08-31,2.5,1.53,0
Pouille L.,675,259,134,125,35,26,99,99,Ramos-Vinolas A.,82,437,204,233,17,31,187,202,US Open,New York,Outdoor,Hard,2021-08-31,2.3,1.61,0
Khachanov K.,11,378,217,161,44,38,173,123,Harris L.,186,129,59,70,7,8,52,62,US Open,New York,Outdoor,Hard,2021-08-31,1.44,2.75,0
Caruso S.,146,63,19,44,5,9,14,35,Nishikori K.,439,617,408,209,70,33,338,176,US Open,New York,Outdoor,Hard,2021-08-31,6.5,1.11,0
Escobedo E.,377,57,20,37,2,2,18,35,Cuevas P.,149,421,210,211,34,25,176,186,US Open,New York,Outdoor,Hard,2021-08-31,1.57,2.37,1
Querrey S.,287,678,369,309,48,39,321,270,Zverev A.,19,500,346,154,60,31,286,123,US Open,New York,Outdoor,Hard,2021-08-31,13.0,1.04,0
Gerasimov E.,150,93,43,50,19,19,24,31,Hurkacz H.,17,238,137,101,27,24,110,77,US Open,New York,Outdoor,Hard,2021-08-31,6.0,1.12,0
Karatsev A.,75,136,66,70,10,22,56,48,Munar J.,104,178,75,103,7,12,68,91,US Open,New York,Outdoor,Hard,2021-08-31,1.25,4.0,1
Laaksonen H.,125,101,37,64,7,16,30,48,Garin C.,101,190,103,87,15,13,88,74,US Open,New York,Outdoor,Hard,2021-09-01,2.37,1.57,1
Pella G.,199,260,118,142,14,16,104,126,Tiafoe F.,10,303,158,145,24,23,134,122,US Open,New York,Outdoor,Hard,2021-09-01,3.2,1.36,0
Bautista Agut R.,25,379,234,145,31,29,203,116,Ruusuvuori E.,55,158,79,79,16,18,63,61,US Open,New York,Outdoor,Hard,2021-09-01,1.5,2.62,1
Zapata Miralles B.,54,80,32,48,1,6,31,42,Auger-Aliassime F.,12,268,163,105,48,22,115,83,US Open,New York,Outdoor,Hard,2021-09-01,6.5,1.11,0
Bagnis F.,135,121,39,82,9,8,30,74,Trungelliti M.,240,33,13,20,2,2,11,18,US Open,New York,Outdoor,Hard,2021-09-01,1.72,2.1,1
Kohlschreiber P.,132,812,446,366,76,73,370,293,Andujar P.,323,404,164,240,12,30,152,210,US Open,New York,Outdoor,Hard,2021-09-01,1.3,3.5,0
Lajovic D.,66,378,163,215,21,36,142,179,Gojowczyk P.,108,172,75,97,17,18,58,79,US Open,New York,Outdoor,Hard,2021-09-01,1.66,2.2,0
Koepfer D.,84,86,38,48,3,3,35,45,Medvedev D.,3,406,289,117,69,27,220,90,US Open,New York,Outdoor,Hard,2021-09-01,17.0,1.02,0
Giron M.,69,150,68,82,20,14,48,68,Evans D.,30,251,124,127,18,16,106,111,US Open,New York,Outdoor,Hard,2021-09-01,2.0,1.8,0
Nakashima B.,70,106,57,49,6,5,51,44,Molcan A.,120,86,45,41,1,6,44,35,US Open,New York,Outdoor,Hard,2021-09-01,1.3,3.5,0
Alcaraz C.,1,164,130,34,10,5,120,29,Rinderknech A.,67,96,46,50,16,12,30,38,US Open,New York,Outdoor,Hard,2021-09-01,1.33,3.4,1
Popyrin A.,90,140,59,81,9,13,50,68,Dimitrov G.,20,651,389,262,79,50,310,212,US Open,New York,Outdoor,Hard,2021-09-01,2.62,1.5,1
Rublev A.,7,392,255,137,57,34,198,103,Martinez P.,135,118,50,68,7,6,43,62,US Open,New York,Outdoor,Hard,2021-09-01,1.04,13.0,1
Fritz T.,9,356,205,151,26,22,179,129,De Minaur A.,19,272,161,111,30,19,131,92,US Open,New York,Outdoor,Hard,2021-09-01,2.37,1.57,1
Djokovic N.,2,1207,1012,195,146,42,866,153,Rune H.,6,131,83,48,28,9,55,39,US Open,New York,Outdoor,Hard,2021-09-01,1.01,23.0,1
Ruud C.,4,275,176,99,19,16,157,83,Van De Zandschulp B.,44,117,63,54,11,11,52,43,US Open,New York,Outdoor,Hard,2021-09-01,1.08,8.0,0
Fritz T.,9,356,205,151,26,22,179,129,Brooksby J.,39,79,46,33,6,5,40,28,US Open,New York,Outdoor,Hard,2021-09-02,1.9,1.9,0
Sock J.,166,324,177,147,38,24,139,123,Bublik A.,25,219,110,109,39,30,71,79,US Open,New York,Outdoor,Hard,2021-09-02,2.1,1.72,1
Svajda Z.,233,8,2,6,0,1,2,5,Sinner J.,8,224,153,71,42,19,111,52,US Open,New York,Outdoor,Hard,2021-09-02,11.0,1.05,0
Nishikori K.,439,617,408,209,70,33,338,176,Mcdonald M.,60,190,87,103,11,15,76,88,US Open,New York,Outdoor,Hard,2021-09-02,1.57,2.37,1
Harris L.,186,129,59,70,7,8,52,62,Escobedo E.,377,57,20,37,2,2,18,35,US Open,New York,Outdoor,Hard,2021-09-02,1.25,4.0,1
Monfils G.,323,816,510,306,131,65,379,241,Johnson S.,197,395,196,199,16,23,180,176,US Open,New York,Outdoor,Hard,2021-09-02,1.36,3.2,1
Seppi A.,141,758,363,395,74,85,289,310,Hurkacz H.,17,238,137,101,27,24,110,77,US Open,New York,Outdoor,Hard,2021-09-02,6.5,1.11,1
Kudla D.,137,198,70,128,5,14,65,114,Otte O.,233,78,33,45,6,14,27,31,US Open,New York,Outdoor,Hard,2021-09-02,1.57,2.37,0
Ivashka I.,113,159,78,81,19,18,59,63,Pospisil V.,99,280,122,158,39,34,83,124,US Open,New York,Outdoor,Hard,2021-09-02,1.22,4.33,1
Moutet C.,80,118,50,68,5,11,45,57,Berrettini M.,38,217,142,75,14,11,128,64,US Open,New York,Outdoor,Hard,2021-09-02,6.0,1.12,0
Basilashvili N.,118,301,138,163,26,34,112,129,Cressy M.,96,96,42,54,10,11,32,43,US Open,New York,Outdoor,Hard,2021-09-02,1.44,2.75,1
Thompson J.,71,221,96,125,10,10,86,115,Karatsev A.,75,136,66,70,10,22,56,48,US Open,New York,Outdoor,Hard,2021-09-02,3.0,1.4,0
Opelka R.,17,168,88,80,17,10,71,70,Musetti L.,18,143,79,64,12,12,67,52,US Open,New York,Outdoor,Hard,2021-09-02,1.22,4.33,1
Mannarino A.,27,567,264,303,60,73,204,230,Tsitsipas S.,5,390,264,126,49,32,215,94,US Open,New York,Outdoor,Hard,2021-09-02,11.0,1.05,0
Anderson K.,652,598,347,251,48,38,299,213,Schwartzman D.,95,428,233,195,32,27,201,168,US Open,New York,Outdoor,Hard,2021-09-02,2.75,1.44,0
Zverev A.,19,500,346,154,60,31,286,123,Ramos-Vinolas A.,82,437,204,233,17,31,187,202,US Open,New York,Outdoor,Hard,2021-09-02,1.02,17.0,1
Bagnis F.,135,121,39,82,9,8,30,74,Van De Zandschulp B.,44,117,63,54,11,11,52,43,US Open,New York,Outdoor,Hard,2021-09-03,3.2,1.36,0
Schwartzman D.,95,428,233,195,32,27,201,168,Molcan A.,120,86,45,41,1,6,44,35,US Open,New York,Outdoor,Hard,2021-09-03,1.2,4.5,1
Tsitsipas S.,5,390,264,126,49,32,215,94,Alcaraz C.,1,164,130,34,10,5,120,29,US Open,New York,Outdoor,Hard,2021-09-03,1.2,4.5,0
Andujar P.,323,404,164,240,12,30,152,210,Medvedev D.,3,406,289,117,69,27,220,90,US Open,New York,Outdoor,Hard,2021-09-03,23.0,1.01,0
Shapovalov D.,29,298,166,132,30,27,136,105,Carballes Baena R.,64,207,91,116,11,10,80,106,US Open,New York,Outdoor,Hard,2021-09-03,1.08,8.0,1
Laaksonen H.,125,101,37,64,7,16,30,48,Gojowczyk P.,108,172,75,97,17,18,58,79,US Open,New York,Outdoor,Hard,2021-09-03,1.61,2.3,0
Djokovic N.,2,1207,1012,195,146,42,866,153,Griekspoor T.,37,97,47,50,7,14,40,36,US Open,New York,Outdoor,Hard,2021-09-03,1.01,26.0,1
Evans D.,30,251,124,127,18,16,106,111,Popyrin A.,90,140,59,81,9,13,50,68,US Open,New York,Outdoor,Hard,2021-09-03,1.72,2.1,1
Djokovic N.,2,1207,1012,195,146,42,866,153,Nishikori K.,439,617,408,209,70,33,338,176,US Open,New York,Outdoor,Hard,2021-09-04,1.03,15.0,1
Karatsev A.,75,136,66,70,10,22,56,48,Brooksby J.,39,79,46,33,6,5,40,28,US Open,New York,Outdoor,Hard,2021-09-04,2.1,1.72,0
Otte O.,233,78,33,45,6,14,27,31,Seppi A.,141,758,363,395,74,85,289,310,US Open,New York,Outdoor,Hard,2021-09-04,1.72,2.1,1
Monfils G.,323,816,510,306,131,65,379,241,Sinner J.,8,224,153,71,42,19,111,52,US Open,New York,Outdoor,Hard,2021-09-04,2.37,1.57,0
Tiafoe F.,10,303,158,145,24,23,134,122,Rublev A.,7,392,255,137,57,34,198,103,US Open,New York,Outdoor,Hard,2021-09-04,4.0,1.25,1
Ivashka I.,113,159,78,81,19,18,59,63,Berrettini M.,38,217,142,75,14,11,128,64,US Open,New York,Outdoor,Hard,2021-09-04,2.75,1.44,0
Auger-Aliassime F.,12,268,163,105,48,22,115,83,Bautista Agut R.,25,379,234,145,31,29,203,116,US Open,New York,Outdoor,Hard,2021-09-04,2.0,1.8,1
Harris L.,186,129,59,70,7,8,52,62,Shapovalov D.,29,298,166,132,30,27,136,105,US Open,New York,Outdoor,Hard,2021-09-05,2.5,1.53,1
Opelka R.,17,168,88,80,17,10,71,70,Basilashvili N.,118,301,138,163,26,34,112,129,US Open,New York,Outdoor,Hard,2021-09-05,1.53,2.5,1
Sock J.,166,324,177,147,38,24,139,123,Zverev A.,19,500,346,154,60,31,286,123,US Open,New York,Outdoor,Hard,2021-09-05,15.0,1.03,0
Schwartzman D.,95,428,233,195,32,27,201,168,Van De Zandschulp B.,44,117,63,54,11,11,52,43,US Open,New York,Outdoor,Hard,2021-09-05,1.25,4.0,0
Evans D.,30,251,124,127,18,16,106,111,Medvedev D.,3,406,289,117,69,27,220,90,US Open,New York,Outdoor,Hard,2021-09-05,15.0,1.03,0
Alcaraz C.,1,164,130,34,10,5,120,29,Gojowczyk P.,108,172,75,97,17,18,58,79,US Open,New York,Outdoor,Hard,2021-09-05,1.22,4.33,1
Otte O.,233,78,33,45,6,14,27,31,Berrettini M.,38,217,142,75,14,11,128,64,US Open,New York,Outdoor,Hard,2021-09-06,6.5,1.11,0
Opelka R.,17,168,88,80,17,10,71,70,Harris L.,186,129,59,70,7,8,52,62,US Open,New York,Outdoor,Hard,2021-09-06,2.0,1.8,0
Tiafoe F.,10,303,158,145,24,23,134,122,Auger-Aliassime F.,12,268,163,105,48,22,115,83,US Open,New York,Outdoor,Hard,2021-09-06,2.37,1.57,0
Zverev A.,19,500,346,154,60,31,286,123,Sinner J.,8,224,153,71,42,19,111,52,US Open,New York,Outdoor,Hard,2021-09-06,1.16,5.0,1
Djokovic N.,2,1207,1012,195,146,42,866,153,Brooksby J.,39,79,46,33,6,5,40,28,US Open,New York,Outdoor,Hard,2021-09-07,1.03,15.0,1
Van De Zandschulp B.,44,117,63,54,11,11,52,43,Medvedev D.,3,406,289,117,69,27,220,90,US Open,New York,Outdoor,Hard,2021-09-07,19.0,1.02,0
Alcaraz C.,1,164,130,34,10,5,120,29,Auger-Aliassime F.,12,268,163,105,48,22,115,83,US Open,New York,Outdoor,Hard,2021-09-08,2.75,1.44,0
Zverev A.,19,500,346,154,60,31,286,123,Harris L.,186,129,59,70,7,8,52,62,US Open,New York,Outdoor,Hard,2021-09-08,1.12,6.0,1
Djokovic N.,2,1207,1012,195,146,42,866,153,Berrettini M.,38,217,142,75,14,11,128,64,US Open,New York,Outdoor,Hard,2021-09-09,1.1,7.0,1
Auger-Aliassime F.,12,268,163,105,48,22,115,83,Medvedev D.,3,406,289,117,69,27,220,90,US Open,New York,Outdoor,Hard,2021-09-10,5.0,1.16,0
Zverev A.,19,500,346,154,60,31,286,123,Djokovic N.,2,1207,1012,195,146,42,866,153,US Open,New York,Outdoor,Hard,2021-09-11,3.0,1.4,0
Djokovic N.,2,1207,1012,195,146,42,866,153,Medvedev D.,3,406,289,117,69,27,220,90,US Open,New York,Outdoor,Hard,2021-09-12,1.4,3.0,0
Djere L.,38,243,120,123,10,22,110,101,Galan D.E.,76,78,33,45,3,5,30,40,Astana Open,Nur-Sultan,Indoor,Hard,2021-09-20,1.61,2.3,1
Verdasco F.,244,962,537,425,79,79,458,346,Kecmanovic M.,40,210,107,103,12,16,95,87,Astana Open,Nur-Sultan,Indoor,Hard,2021-09-20,3.0,1.4,0
Pospisil V.,99,280,122,158,39,34,83,124,Barrere G.,59,79,31,48,11,16,20,32,Open de Moselle,Metz,Indoor,Hard,2021-09-20,1.61,2.3,1
Skatov T.,147,5,1,4,1,2,0,2,Seppi A.,141,758,363,395,74,85,289,310,Astana Open,Nur-Sultan,Indoor,Hard,2021-09-20,3.5,1.3,1
Sonego L.,43,221,107,114,19,17,88,97,Fucsovics M.,67,249,121,128,26,24,95,104,Open de Moselle,Metz,Indoor,Hard,2021-09-20,2.1,1.72,1
Mager G.,67,59,24,35,3,7,21,28,Basilashvili N.,118,301,138,163,26,34,112,129,Open de Moselle,Metz,Indoor,Hard,2021-09-20,3.2,1.36,0
Vesely J.,528,288,130,158,6,19,124,139,Munar J.,104,178,75,103,7,12,68,91,Astana Open,Nur-Sultan,Indoor,Hard,2021-09-20,1.53,2.5,0
Ivashka I.,113,159,78,81,19,18,59,63,Ymer E.,186,81,24,57,3,11,21,46,Astana Open,Nur-Sultan,Indoor,Hard,2021-09-21,1.2,4.5,1
Musetti L.,18,143,79,64,12,12,67,52,Polmans M.,165,19,5,14,0,3,5,11,Astana Open,Nur-Sultan,Indoor,Hard,2021-09-21,1.36,3.2,1
Millman J.,140,256,113,143,21,22,92,121,Popko D.,188,2,0,2,0,2,0,0,Astana Open,Nur-Sultan,Indoor,Hard,2021-09-21,1.44,2.75,1
Paire B.,149,527,237,290,39,56,198,234,Gerasimov E.,150,93,43,50,19,19,24,31,Astana Open,Nur-Sultan,Indoor,Hard,2021-09-21,2.0,1.8,0
Ymer M.,59,130,58,72,18,23,40,49,Struff J.L.,21,369,170,199,43,42,127,157,Open de Moselle,Metz,Indoor,Hard,2021-09-21,2.2,1.66,1
Murray A.,44,932,687,245,132,47,555,198,Humbert U.,36,170,80,90,23,21,57,69,Open de Moselle,Metz,Indoor,Hard,2021-09-21,2.3,1.61,1
Simon G.,188,869,491,378,135,94,356,284,Davidovich Fokina A.,39,168,84,84,17,20,67,64,Open de Moselle,Metz,Indoor,Hard,2021-09-21,3.4,1.33,0
Zapata Miralles B.,54,80,32,48,1,6,31,42,Rune H.,6,131,83,48,28,9,55,39,Open de Moselle,Metz,Indoor,Hard,2021-09-21,2.37,1.57,0
Khachanov K.,11,378,217,161,44,38,173,123,Muller A.,81,22,9,13,0,1,9,12,Open de Moselle,Metz,Indoor,Hard,2021-09-21,1.16,5.0,1
Kohlschreiber P.,132,812,446,366,76,73,370,293,Cecchinato M.,108,204,79,125,2,14,77,111,Open de Moselle,Metz,Indoor,Hard,2021-09-21,1.3,3.5,1
Rinderknech A.,67,96,46,50,16,12,30,38,Giron M.,69,150,68,82,20,14,48,68,Open de Moselle,Metz,Indoor,Hard,2021-09-21,1.57,2.37,0
Kukushkin M.,221,352,141,211,50,49,91,162,Duckworth J.,123,143,55,88,10,9,45,79,Astana Open,Nur-Sultan,Indoor,Hard,2021-09-22,3.0,1.4,0
Ruusuvuori E.,55,158,79,79,16,18,63,61,Bonzi B.,107,83,37,46,10,13,27,33,Astana Open,Nur-Sultan,Indoor,Hard,2021-09-22,1.66,2.2,1
Kwon S.W.,68,108,53,55,12,6,41,49,Donskoy E.,149,162,50,112,14,33,36,79,Astana Open,Nur-Sultan,Indoor,Hard,2021-09-22,1.61,2.3,1
Musetti L.,18,143,79,64,12,12,67,52,Djere L.,38,243,120,123,10,22,110,101,Astana Open,Nur-Sultan,Indoor,Hard,2021-09-22,1.72,2.1,0
Skatov T.,147,5,1,4,1,2,0,2,Ivashka I.,113,159,78,81,19,18,59,63,Astana Open,Nur-Sultan,Indoor,Hard,2021-09-22,8.0,1.08,0
Berankis R.,212,249,104,145,36,31,68,114,Taberner C.,181,37,13,24,4,6,9,18,Astana Open,Nur-Sultan,Indoor,Hard,2021-09-22,1.57,2.37,0
Hoang A.,155,19,6,13,2,5,4,8,Gojowczyk P.,108,172,75,97,17,18,58,79,Open de Moselle,Metz,Indoor,Hard,2021-09-22,2.75,1.44,0
Millman J.,140,256,113,143,21,22,92,121,Munar J.,104,178,75,103,7,12,68,91,Astana Open,Nur-Sultan,Indoor,Hard,2021-09-22,1.72,2.1,1
Schnur B.,233,19,4,15,4,4,0,11,Pouille L.,675,259,134,125,35,26,99,99,Open de Moselle,Metz,Indoor,Hard,2021-09-22,3.2,1.36,0
Sonego L.,43,221,107,114,19,17,88,97,Rune H.,6,131,83,48,28,9,55,39,Open de Moselle,Metz,Indoor,Hard,2021-09-22,1.53,2.5,0
Pospisil V.,99,280,122,158,39,34,83,124,Murray A.,44,932,687,245,132,47,555,198,Open de Moselle,Metz,Indoor,Hard,2021-09-22,2.3,1.61,0
Ymer M.,59,130,58,72,18,23,40,49,Carreno Busta P.,16,352,214,138,33,25,181,113,Open de Moselle,Metz,Indoor,Hard,2021-09-22,2.75,1.44,0
Krajinovic F.,93,240,115,125,38,34,77,91,Duckworth J.,123,143,55,88,10,9,45,79,Astana Open,Nur-Sultan,Indoor,Hard,2021-09-23,1.66,2.2,0
Giron M.,69,150,68,82,20,14,48,68,De Minaur A.,19,272,161,111,30,19,131,92,Open de Moselle,Metz,Indoor,Hard,2021-09-23,2.37,1.57,1
Khachanov K.,11,378,217,161,44,38,173,123,Gojowczyk P.,108,172,75,97,17,18,58,79,Open de Moselle,Metz,Indoor,Hard,2021-09-23,1.36,3.2,0
Hurkacz H.,17,238,137,101,27,24,110,77,Pouille L.,675,259,134,125,35,26,99,99,Open de Moselle,Metz,Indoor,Hard,2021-09-23,1.36,3.2,1
Monfils G.,323,816,510,306,131,65,379,241,Kohlschreiber P.,132,812,446,366,76,73,370,293,Open de Moselle,Metz,Indoor,Hard,2021-09-23,1.36,3.2,1
Davidovich Fokina A.,39,168,84,84,17,20,67,64,Basilashvili N.,118,301,138,163,26,34,112,129,Open de Moselle,Metz,Indoor,Hard,2021-09-23,2.3,1.61,0
Bublik A.,25,219,110,109,39,30,71,79,Kecmanovic M.,40,210,107,103,12,16,95,87,Astana Open,Nur-Sultan,Indoor,Hard,2021-09-23,1.66,2.2,1
Ruusuvuori E.,55,158,79,79,16,18,63,61,Karatsev A.,75,136,66,70,10,22,56,48,Astana Open,Nur-Sultan,Indoor,Hard,2021-09-23,1.9,1.9,1
Taberner C.,181,37,13,24,4,6,9,18,Gerasimov E.,150,93,43,50,19,19,24,31,Astana Open,Nur-Sultan,Indoor,Hard,2021-09-23,2.3,1.61,1
Lajovic D.,66,378,163,215,21,36,142,179,Kwon S.W.,68,108,53,55,12,6,41,49,Astana Open,Nur-Sultan,Indoor,Hard,2021-09-23,2.62,1.5,0
Kwon S.W.,68,108,53,55,12,6,41,49,Djere L.,38,243,120,123,10,22,110,101,Astana Open,Nur-Sultan,Indoor,Hard,2021-09-24,1.44,2.75,1
Millman J.,140,256,113,143,21,22,92,121,Duckworth J.,123,143,55,88,10,9,45,79,Astana Open,Nur-Sultan,Indoor,Hard,2021-09-24,2.1,1.72,0
Ivashka I.,113,159,78,81,19,18,59,63,Ruusuvuori E.,55,158,79,79,16,18,63,61,Astana Open,Nur-Sultan,Indoor,Hard,2021-09-24,1.44,2.75,1
Taberner C.,181,37,13,24,4,6,9,18,Bublik A.,25,219,110,109,39,30,71,79,Astana Open,Nur-Sultan,Indoor,Hard,2021-09-24,3.75,1.28,0
Carreno Busta P.,16,352,214,138,33,25,181,113,Rune H.,6,131,83,48,28,9,55,39,Open de Moselle,Metz,Indoor,Hard,2021-09-24,1.5,2.62,1
Monfils G.,323,816,510,306,131,65,379,241,Basilashvili N.,118,301,138,163,26,34,112,129,Open de Moselle,Metz,Indoor,Hard,2021-09-24,1.5,2.62,1
Murray A.,44,932,687,245,132,47,555,198,Hurkacz H.,17,238,137,101,27,24,110,77,Open de Moselle,Metz,Indoor,Hard,2021-09-24,2.2,1.66,0
Gojowczyk P.,108,172,75,97,17,18,58,79,Giron M.,69,150,68,82,20,14,48,68,Open de Moselle,Metz,Indoor,Hard,2021-09-24,1.8,2.0,1
Carreno Busta P.,16,352,214,138,33,25,181,113,Monfils G.,323,816,510,306,131,65,379,241,Open de Moselle,Metz,Indoor,Hard,2021-09-25,1.8,2.0,1
Hurkacz H.,17,238,137,101,27,24,110,77,Gojowczyk P.,108,172,75,97,17,18,58,79,Open de Moselle,Metz,Indoor,Hard,2021-09-25,1.36,3.2,1
Bublik A.,25,219,110,109,39,30,71,79,Kwon S.W.,68,108,53,55,12,6,41,49,Astana Open,Nur-Sultan,Indoor,Hard,2021-09-25,1.44,2.75,0
Duckworth J.,123,143,55,88,10,9,45,79,Ivashka I.,113,159,78,81,19,18,59,63,Astana Open,Nur-Sultan,Indoor,Hard,2021-09-25,3.5,1.3,1
Duckworth J.,123,143,55,88,10,9,45,79,Kwon S.W.,68,108,53,55,12,6,41,49,Astana Open,Nur-Sultan,Indoor,Hard,2021-09-26,1.8,2.0,0
Carreno Busta P.,16,352,214,138,33,25,181,113,Hurkacz H.,17,238,137,101,27,24,110,77,Open de Moselle,Metz,Indoor,Hard,2021-09-26,1.9,1.9,0
Karatsev A.,75,136,66,70,10,22,56,48,Delbonis F.,131,340,152,188,19,23,133,165,San Diego Open,San Diego,Outdoor,Hard,2021-09-27,1.25,4.0,1
Andreev A.,319,8,2,6,2,6,0,0,Kecmanovic M.,40,210,107,103,12,16,95,87,Sofia Open,Sofia,Indoor,Hard,2021-09-27,6.0,1.12,0
Mager G.,67,59,24,35,3,7,21,28,Mannarino A.,27,567,264,303,60,73,204,230,Sofia Open,Sofia,Indoor,Hard,2021-09-27,2.62,1.5,1
Davidovich Fokina A.,39,168,84,84,17,20,67,64,Paire B.,149,527,237,290,39,56,198,234,Sofia Open,Sofia,Indoor,Hard,2021-09-27,1.44,2.75,0
Musetti L.,18,143,79,64,12,12,67,52,Kuzmanov D.,207,12,4,8,2,8,2,0,Sofia Open,Sofia,Indoor,Hard,2021-09-28,1.28,3.75,0
Millman J.,140,256,113,143,21,22,92,121,Ymer M.,59,130,58,72,18,23,40,49,Sofia Open,Sofia,Indoor,Hard,2021-09-28,2.3,1.61,1
Munar J.,104,178,75,103,7,12,68,91,Giron M.,69,150,68,82,20,14,48,68,Sofia Open,Sofia,Indoor,Hard,2021-09-28,3.0,1.4,0
Djere L.,38,243,120,123,10,22,110,101,Martinez P.,135,118,50,68,7,6,43,62,Sofia Open,Sofia,Indoor,Hard,2021-09-28,2.3,1.61,1
Gerasimov E.,150,93,43,50,19,19,24,31,Pospisil V.,99,280,122,158,39,34,83,124,Sofia Open,Sofia,Indoor,Hard,2021-09-28,2.1,1.72,1
Korda S.,26,126,75,51,15,9,60,42,Paul T.,14,204,111,93,19,13,92,80,San Diego Open,San Diego,Outdoor,Hard,2021-09-28,1.53,2.5,1
Dimitrov G.,20,651,389,262,79,50,310,212,Fucsovics M.,67,249,121,128,26,24,95,104,San Diego Open,San Diego,Outdoor,Hard,2021-09-28,2.0,1.8,1
Koepfer D.,84,86,38,48,3,3,35,45,Norrie C.,13,287,172,115,15,18,157,97,San Diego Open,San Diego,Outdoor,Hard,2021-09-28,2.5,1.53,0
Basilashvili N.,118,301,138,163,26,34,112,129,Sonego L.,43,221,107,114,19,17,88,97,San Diego Open,San Diego,Outdoor,Hard,2021-09-28,2.0,1.8,0
Caruso S.,146,63,19,44,5,9,14,35,Fritz T.,9,356,205,151,26,22,179,129,San Diego Open,San Diego,Outdoor,Hard,2021-09-28,5.5,1.14,0
Nakashima B.,70,106,57,49,6,5,51,44,Fognini F.,128,742,383,359,39,48,344,311,San Diego Open,San Diego,Outdoor,Hard,2021-09-28,1.53,2.5,1
Duckworth J.,123,143,55,88,10,9,45,79,Ruusuvuori E.,55,158,79,79,16,18,63,61,Sofia Open,Sofia,Indoor,Hard,2021-09-29,2.5,1.53,1
Andujar P.,323,404,164,240,12,30,152,210,Ivashka I.,113,159,78,81,19,18,59,63,Sofia Open,Sofia,Indoor,Hard,2021-09-29,5.5,1.14,0
Seppi A.,141,758,363,395,74,85,289,310,Marchenko I.,164,131,50,81,18,23,32,58,Sofia Open,Sofia,Indoor,Hard,2021-09-29,1.72,2.1,0
Majchrzak K.,121,50,19,31,3,4,16,27,Kuzmanov D.,207,12,4,8,2,8,2,0,Sofia Open,Sofia,Indoor,Hard,2021-09-29,1.3,3.5,1
Kecmanovic M.,40,210,107,103,12,16,95,87,Mager G.,67,59,24,35,3,7,21,28,Sofia Open,Sofia,Indoor,Hard,2021-09-29,1.44,2.75,0
Eubanks C.,29,64,28,36,1,3,27,33,Harris L.,186,129,59,70,7,8,52,62,San Diego Open,San Diego,Outdoor,Hard,2021-09-29,4.33,1.22,0
Kudla D.,137,198,70,128,5,14,65,114,Murray A.,44,932,687,245,132,47,555,198,San Diego Open,San Diego,Outdoor,Hard,2021-09-29,3.2,1.36,0
Gaio F.,174,18,3,15,0,1,3,14,Schwartzman D.,95,428,233,195,32,27,201,168,San Diego Open,San Diego,Outdoor,Hard,2021-09-29,5.0,1.16,0
Evans D.,30,251,124,127,18,16,106,111,Anderson K.,652,598,347,251,48,38,299,213,San Diego Open,San Diego,Outdoor,Hard,2021-09-29,1.9,1.9,1
Hurkacz H.,17,238,137,101,27,24,110,77,Bolt A.,345,40,13,27,0,0,13,27,San Diego Open,San Diego,Outdoor,Hard,2021-09-29,1.22,4.33,1
Lazarov A.,301,6,1,5,1,4,0,1,Krajinovic F.,93,240,115,125,38,34,77,91,Sofia Open,Sofia,Indoor,Hard,2021-09-29,8.0,1.08,0
Gerasimov E.,150,93,43,50,19,19,24,31,Sinner J.,8,224,153,71,42,19,111,52,Sofia Open,Sofia,Indoor,Hard,2021-09-30,4.5,1.2,0
Rublev A.,7,392,255,137,57,34,198,103,Nakashima B.,70,106,57,49,6,5,51,44,San Diego Open,San Diego,Outdoor,Hard,2021-09-30,1.3,3.5,1
Harris L.,186,129,59,70,7,8,52,62,Schwartzman D.,95,428,233,195,32,27,201,168,San Diego Open,San Diego,Outdoor,Hard,2021-09-30,1.9,1.9,0
Karatsev A.,75,136,66,70,10,22,56,48,Hurkacz H.,17,238,137,101,27,24,110,77,San Diego Open,San Diego,Outdoor,Hard,2021-09-30,2.75,1.44,1
Fritz T.,9,356,205,151,26,22,179,129,Shapovalov D.,29,298,166,132,30,27,136,105,San Diego Open,San Diego,Outdoor,Hard,2021-09-30,2.3,1.61,0
Sonego L.,43,221,107,114,19,17,88,97,Korda S.,26,126,75,51,15,9,60,42,San Diego Open,San Diego,Outdoor,Hard,2021-09-30,2.3,1.61,1
Millman J.,140,256,113,143,21,22,92,121,Marchenko I.,164,131,50,81,18,23,32,58,Sofia Open,Sofia,Indoor,Hard,2021-09-30,1.57,2.37,1
Giron M.,69,150,68,82,20,14,48,68,De Minaur A.,19,272,161,111,30,19,131,92,Sofia Open,Sofia,Indoor,Hard,2021-09-30,2.37,1.57,1
Paire B.,149,527,237,290,39,56,198,234,Duckworth J.,123,143,55,88,10,9,45,79,Sofia Open,Sofia,Indoor,Hard,2021-09-30,2.0,1.8,0
Krajinovic F.,93,240,115,125,38,34,77,91,Djere L.,38,243,120,123,10,22,110,101,Sofia Open,Sofia,Indoor,Hard,2021-09-30,1.5,2.62,1
Monfils G.,323,816,510,306,131,65,379,241,Ivashka I.,113,159,78,81,19,18,59,63,Sofia Open,Sofia,Indoor,Hard,2021-09-30,2.1,1.72,1
Norrie C.,13,287,172,115,15,18,157,97,Evans D.,30,251,124,127,18,16,106,111,San Diego Open,San Diego,Outdoor,Hard,2021-09-30,1.57,2.37,1
Mager G.,67,59,24,35,3,7,21,28,Monfils G.,323,816,510,306,131,65,379,241,Sofia Open,Sofia,Indoor,Hard,2021-10-01,3.4,1.33,0
Giron M.,69,150,68,82,20,14,48,68,Millman J.,140,256,113,143,21,22,92,121,Sofia Open,Sofia,Indoor,Hard,2021-10-01,1.57,2.37,1
Norrie C.,13,287,172,115,15,18,157,97,Shapovalov D.,29,298,166,132,30,27,136,105,San Diego Open,San Diego,Outdoor,Hard,2021-10-01,2.0,1.8,1
Rublev A.,7,392,255,137,57,34,198,103,Schwartzman D.,95,428,233,195,32,27,201,168,San Diego Open,San Diego,Outdoor,Hard,2021-10-01,1.3,3.5,1
Sinner J.,8,224,153,71,42,19,111,52,Duckworth J.,123,143,55,88,10,9,45,79,Sofia Open,Sofia,Indoor,Hard,2021-10-01,1.3,3.5,1
Dimitrov G.,20,651,389,262,79,50,310,212,Holmgren A.,901,1,0,1,0,0,0,1,San Diego Open,San Diego,Outdoor,Hard,2021-10-01,1.1,7.0,1
Ruud C.,4,275,176,99,19,16,157,83,Murray A.,44,932,687,245,132,47,555,198,San Diego Open,San Diego,Outdoor,Hard,2021-10-01,1.72,2.1,1
Majchrzak K.,121,50,19,31,3,4,16,27,Krajinovic F.,93,240,115,125,38,34,77,91,Sofia Open,Sofia,Indoor,Hard,2021-10-01,2.62,1.5,0
Sinner J.,8,224,153,71,42,19,111,52,Krajinovic F.,93,240,115,125,38,34,77,91,Sofia Open,Sofia,Indoor,Hard,2021-10-02,1.4,3.0,1
Norrie C.,13,287,172,115,15,18,157,97,Rublev A.,7,392,255,137,57,34,198,103,San Diego Open,San Diego,Outdoor,Hard,2021-10-02,3.4,1.33,1
Dimitrov G.,20,651,389,262,79,50,310,212,Karatsev A.,75,136,66,70,10,22,56,48,San Diego Open,San Diego,Outdoor,Hard,2021-10-02,2.2,1.66,1
Sonego L.,43,221,107,114,19,17,88,97,Ruud C.,4,275,176,99,19,16,157,83,San Diego Open,San Diego,Outdoor,Hard,2021-10-02,2.5,1.53,0
Giron M.,69,150,68,82,20,14,48,68,Monfils G.,323,816,510,306,131,65,379,241,Sofia Open,Sofia,Indoor,Hard,2021-10-02,2.75,1.44,0
Monfils G.,323,816,510,306,131,65,379,241,Sinner J.,8,224,153,71,42,19,111,52,Sofia Open,Sofia,Indoor,Hard,2021-10-03,2.37,1.57,0
Dimitrov G.,20,651,389,262,79,50,310,212,Ruud C.,4,275,176,99,19,16,157,83,San Diego Open,San Diego,Outdoor,Hard,2021-10-03,2.75,1.44,0
Ruud C.,4,275,176,99,19,16,157,83,Norrie C.,13,287,172,115,15,18,157,97,San Diego Open,San Diego,Outdoor,Hard,2021-10-04,1.9,1.9,1
Sousa J.,147,436,189,247,42,44,147,203,Nishikori K.,439,617,408,209,70,33,338,176,BNP Paribas Open,Indian Wells,Outdoor,Hard,2021-10-07,5.5,1.14,0
Cressy M.,96,96,42,54,10,11,32,43,Djere L.,38,243,120,123,10,22,110,101,BNP Paribas Open,Indian Wells,Outdoor,Hard,2021-10-07,1.9,1.9,1
Giron M.,69,150,68,82,20,14,48,68,Van De Zandschulp B.,44,117,63,54,11,11,52,43,BNP Paribas Open,Indian Wells,Outdoor,Hard,2021-10-07,2.0,1.8,1
Pella G.,199,260,118,142,14,16,104,126,Kwon S.W.,68,108,53,55,12,6,41,49,BNP Paribas Open,Indian Wells,Outdoor,Hard,2021-10-07,2.62,1.5,1
Duckworth J.,123,143,55,88,10,9,45,79,Mcdonald M.,60,190,87,103,11,15,76,88,BNP Paribas Open,Indian Wells,Outdoor,Hard,2021-10-07,1.9,1.9,0
Sandgren T.,153,121,47,74,2,9,45,65,Monteiro T.,121,171,69,102,9,11,60,91,BNP Paribas Open,Indian Wells,Outdoor,Hard,2021-10-07,1.8,2.0,1
Kohlschreiber P.,132,812,446,366,76,73,370,293,Daniel T.,111,178,67,111,3,10,64,101,BNP Paribas Open,Indian Wells,Outdoor,Hard,2021-10-07,1.36,3.2,0
Munar J.,104,178,75,103,7,12,68,91,Taberner C.,181,37,13,24,4,6,9,18,BNP Paribas Open,Indian Wells,Outdoor,Hard,2021-10-07,1.66,2.2,0
Querrey S.,287,678,369,309,48,39,321,270,Altmaier D.,51,79,28,51,1,5,27,46,BNP Paribas Open,Indian Wells,Outdoor,Hard,2021-10-07,1.66,2.2,0
Popyrin A.,90,140,59,81,9,13,50,68,Kecmanovic M.,40,210,107,103,12,16,95,87,BNP Paribas Open,Indian Wells,Outdoor,Hard,2021-10-07,1.8,2.0,1
Paul T.,14,204,111,93,19,13,92,80,Lopez F.,634,863,441,422,71,82,370,340,BNP Paribas Open,Indian Wells,Outdoor,Hard,2021-10-07,1.25,4.0,1
Escobedo E.,377,57,20,37,2,2,18,35,Rune H.,6,131,83,48,28,9,55,39,BNP Paribas Open,Indian Wells,Outdoor,Hard,2021-10-08,2.75,1.44,1
Gomez E.,155,26,7,19,2,2,5,17,Bagnis F.,135,121,39,82,9,8,30,74,BNP Paribas Open,Indian Wells,Outdoor,Hard,2021-10-08,1.61,2.3,1
Ilkel C.,382,17,1,16,0,4,1,12,Brooksby J.,39,79,46,33,6,5,40,28,BNP Paribas Open,Indian Wells,Outdoor,Hard,2021-10-08,5.5,1.14,0
Musetti L.,18,143,79,64,12,12,67,52,Ramos-Vinolas A.,82,437,204,233,17,31,187,202,BNP Paribas Open,Indian Wells,Outdoor,Hard,2021-10-08,1.8,2.0,0
Struff J.L.,21,369,170,199,43,42,127,157,Galan D.E.,76,78,33,45,3,5,30,40,BNP Paribas Open,Indian Wells,Outdoor,Hard,2021-10-08,1.4,3.0,1
Thompson J.,71,221,96,125,10,10,86,115,Anderson K.,652,598,347,251,48,38,299,213,BNP Paribas Open,Indian Wells,Outdoor,Hard,2021-10-08,2.37,1.57,0
Kudla D.,137,198,70,128,5,14,65,114,Tabilo A.,122,44,21,23,5,4,16,19,BNP Paribas Open,Indian Wells,Outdoor,Hard,2021-10-08,1.61,2.3,0
Wolf J.J.,45,75,39,36,8,6,31,30,Pospisil V.,99,280,122,158,39,34,83,124,BNP Paribas Open,Indian Wells,Outdoor,Hard,2021-10-08,2.1,1.72,0
Koepfer D.,84,86,38,48,3,3,35,45,Ruusuvuori E.,55,158,79,79,16,18,63,61,BNP Paribas Open,Indian Wells,Outdoor,Hard,2021-10-08,2.75,1.44,0
Davidovich Fokina A.,39,168,84,84,17,20,67,64,Johnson S.,197,395,196,199,16,23,180,176,BNP Paribas Open,Indian Wells,Outdoor,Hard,2021-10-08,1.66,2.2,1
Tiafoe F.,10,303,158,145,24,23,134,122,Paire B.,149,527,237,290,39,56,198,234,BNP Paribas Open,Indian Wells,Outdoor,Hard,2021-10-08,1.33,3.4,1
Carballes Baena R.,64,207,91,116,11,10,80,106,Olivo R.,179,55,23,32,4,4,19,28,BNP Paribas Open,Indian Wells,Outdoor,Hard,2021-10-08,1.36,3.2,1
Caruso S.,146,63,19,44,5,9,14,35,Svajda Z.,233,8,2,6,0,1,2,5,BNP Paribas Open,Indian Wells,Outdoor,Hard,2021-10-08,1.8,2.0,1
Nishioka Y.,31,215,99,116,15,15,84,101,Delbonis F.,131,340,152,188,19,23,133,165,BNP Paribas Open,Indian Wells,Outdoor,Hard,2021-10-08,1.61,2.3,1
Nishikori K.,439,617,408,209,70,33,338,176,Evans D.,30,251,124,127,18,16,106,111,BNP Paribas Open,Indian Wells,Outdoor,Hard,2021-10-09,1.66,2.2,0
Shapovalov D.,29,298,166,132,30,27,136,105,Pospisil V.,99,280,122,158,39,34,83,124,BNP Paribas Open,Indian Wells,Outdoor,Hard,2021-10-09,1.33,3.4,1
Norrie C.,13,287,172,115,15,18,157,97,Sandgren T.,153,121,47,74,2,9,45,65,BNP Paribas Open,Indian Wells,Outdoor,Hard,2021-10-09,1.16,5.0,1
Carballes Baena R.,64,207,91,116,11,10,80,106,Ruud C.,4,275,176,99,19,16,157,83,BNP Paribas Open,Indian Wells,Outdoor,Hard,2021-10-09,8.0,1.08,0
Korda S.,26,126,75,51,15,9,60,42,Tiafoe F.,10,303,158,145,24,23,134,122,BNP Paribas Open,Indian Wells,Outdoor,Hard,2021-10-09,1.72,2.1,0
Pella G.,199,260,118,142,14,16,104,126,Bautista Agut R.,25,379,234,145,31,29,203,116,BNP Paribas Open,Indian Wells,Outdoor,Hard,2021-10-09,4.0,1.25,0
Dimitrov G.,20,651,389,262,79,50,310,212,Altmaier D.,51,79,28,51,1,5,27,46,BNP Paribas Open,Indian Wells,Outdoor,Hard,2021-10-09,1.33,3.4,1
Schwartzman D.,95,428,233,195,32,27,201,168,Cressy M.,96,96,42,54,10,11,32,43,BNP Paribas Open,Indian Wells,Outdoor,Hard,2021-10-09,1.3,3.5,1
Mannarino A.,27,567,264,303,60,73,204,230,Murray A.,44,932,687,245,132,47,555,198,BNP Paribas Open,Indian Wells,Outdoor,Hard,2021-10-09,4.5,1.2,0
Opelka R.,17,168,88,80,17,10,71,70,Daniel T.,111,178,67,111,3,10,64,101,BNP Paribas Open,Indian Wells,Outdoor,Hard,2021-10-09,1.28,3.75,1
Eubanks C.,29,64,28,36,1,3,27,33,Gerasimov E.,150,93,43,50,19,19,24,31,BNP Paribas Open,Indian Wells,Outdoor,Hard,2021-10-09,1.8,2.0,1
Fucsovics M.,67,249,121,128,26,24,95,104,Mager G.,67,59,24,35,3,7,21,28,BNP Paribas Open,Indian Wells,Outdoor,Hard,2021-10-09,1.36,3.2,0
Millman J.,140,256,113,143,21,22,92,121,Sock J.,166,324,177,147,38,24,139,123,BNP Paribas Open,Indian Wells,Outdoor,Hard,2021-10-09,1.8,2.0,1
Marcora R.,208,7,3,4,1,1,2,3,Martinez P.,135,118,50,68,7,6,43,62,BNP Paribas Open,Indian Wells,Outdoor,Hard,2021-10-09,3.75,1.28,0
Nakashima B.,70,106,57,49,6,5,51,44,Coria F.,108,99,43,56,2,6,41,50,BNP Paribas Open,Indian Wells,Outdoor,Hard,2021-10-09,1.14,5.5,1
Andujar P.,323,404,164,240,12,30,152,210,Vukic A.,62,36,15,21,2,1,13,20,BNP Paribas Open,Indian Wells,Outdoor,Hard,2021-10-09,2.3,1.61,0
Popyrin A.,90,140,59,81,9,13,50,68,Hurkacz H.,17,238,137,101,27,24,110,77,BNP Paribas Open,Indian Wells,Outdoor,Hard,2021-10-09,3.2,1.36,0
Fritz T.,9,356,205,151,26,22,179,129,Nakashima B.,70,106,57,49,6,5,51,44,BNP Paribas Open,Indian Wells,Outdoor,Hard,2021-10-10,2.3,1.61,1
Murray A.,44,932,687,245,132,47,555,198,Alcaraz C.,1,164,130,34,10,5,120,29,BNP Paribas Open,Indian Wells,Outdoor,Hard,2021-10-10,2.0,1.8,1
Escobedo E.,377,57,20,37,2,2,18,35,Garin C.,101,190,103,87,15,13,88,74,BNP Paribas Open,Indian Wells,Outdoor,Hard,2021-10-10,2.0,1.8,0
Brooksby J.,39,79,46,33,6,5,40,28,Zverev A.,19,500,346,154,60,31,286,123,BNP Paribas Open,Indian Wells,Outdoor,Hard,2021-10-10,4.5,1.2,0
Carreno Busta P.,16,352,214,138,33,25,181,113,Gomez E.,155,26,7,19,2,2,5,17,BNP Paribas Open,Indian Wells,Outdoor,Hard,2021-10-10,1.12,6.0,1
Fognini F.,128,742,383,359,39,48,344,311,Struff J.L.,21,369,170,199,43,42,127,157,BNP Paribas Open,Indian Wells,Outdoor,Hard,2021-10-10,1.8,2.0,1
De Minaur A.,19,272,161,111,30,19,131,92,Vukic A.,62,36,15,21,2,1,13,20,BNP Paribas Open,Indian Wells,Outdoor,Hard,2021-10-10,1.44,2.75,1
Ramos-Vinolas A.,82,437,204,233,17,31,187,202,Auger-Aliassime F.,12,268,163,105,48,22,115,83,BNP Paribas Open,Indian Wells,Outdoor,Hard,2021-10-10,4.5,1.2,1
Sonego L.,43,221,107,114,19,17,88,97,Anderson K.,652,598,347,251,48,38,299,213,BNP Paribas Open,Indian Wells,Outdoor,Hard,2021-10-10,1.8,2.0,0
Berrettini M.,38,217,142,75,14,11,128,64,Tabilo A.,122,44,21,23,5,4,16,19,BNP Paribas Open,Indian Wells,Outdoor,Hard,2021-10-10,1.1,7.0,1
Mager G.,67,59,24,35,3,7,21,28,Monfils G.,323,816,510,306,131,65,379,241,BNP Paribas Open,Indian Wells,Outdoor,Hard,2021-10-10,4.33,1.22,0
Rublev A.,7,392,255,137,57,34,198,103,Taberner C.,181,37,13,24,4,6,9,18,BNP Paribas Open,Indian Wells,Outdoor,Hard,2021-10-10,1.07,9.0,1
Krajinovic F.,93,240,115,125,38,34,77,91,Giron M.,69,150,68,82,20,14,48,68,BNP Paribas Open,Indian Wells,Outdoor,Hard,2021-10-10,1.9,1.9,1
Harris L.,186,129,59,70,7,8,52,62,Davidovich Fokina A.,39,168,84,84,17,20,67,64,BNP Paribas Open,Indian Wells,Outdoor,Hard,2021-10-10,1.44,2.75,1
Karatsev A.,75,136,66,70,10,22,56,48,Caruso S.,146,63,19,44,5,9,14,35,BNP Paribas Open,Indian Wells,Outdoor,Hard,2021-10-10,1.28,3.75,1
Lajovic D.,66,378,163,215,21,36,142,179,Paul T.,14,204,111,93,19,13,92,80,BNP Paribas Open,Indian Wells,Outdoor,Hard,2021-10-10,2.37,1.57,0
Medvedev D.,3,406,289,117,69,27,220,90,Mcdonald M.,60,190,87,103,11,15,76,88,BNP Paribas Open,Indian Wells,Outdoor,Hard,2021-10-10,1.06,10.0,1
Millman J.,140,256,113,143,21,22,92,121,Sinner J.,8,224,153,71,42,19,111,52,BNP Paribas Open,Indian Wells,Outdoor,Hard,2021-10-10,4.5,1.2,0
Ruud C.,4,275,176,99,19,16,157,83,Harris L.,186,129,59,70,7,8,52,62,BNP Paribas Open,Indian Wells,Outdoor,Hard,2021-10-11,1.36,3.2,1
Shapovalov D.,29,298,166,132,30,27,136,105,Karatsev A.,75,136,66,70,10,22,56,48,BNP Paribas Open,Indian Wells,Outdoor,Hard,2021-10-11,1.66,2.2,0
Dimitrov G.,20,651,389,262,79,50,310,212,Opelka R.,17,168,88,80,17,10,71,70,BNP Paribas Open,Indian Wells,Outdoor,Hard,2021-10-11,2.0,1.8,1
Evans D.,30,251,124,127,18,16,106,111,Schwartzman D.,95,428,233,195,32,27,201,168,BNP Paribas Open,Indian Wells,Outdoor,Hard,2021-10-11,2.37,1.57,0
Martinez P.,135,118,50,68,7,6,43,62,Tsitsipas S.,5,390,264,126,49,32,215,94,BNP Paribas Open,Indian Wells,Outdoor,Hard,2021-10-11,8.0,1.08,0
Basilashvili N.,118,301,138,163,26,34,112,129,Eubanks C.,29,64,28,36,1,3,27,33,BNP Paribas Open,Indian Wells,Outdoor,Hard,2021-10-11,1.57,2.37,1
Isner J.,114,755,465,290,53,45,412,245,Nishioka Y.,31,215,99,116,15,15,84,101,BNP Paribas Open,Indian Wells,Outdoor,Hard,2021-10-11,1.3,3.5,1
Ruusuvuori E.,55,158,79,79,16,18,63,61,Khachanov K.,11,378,217,161,44,38,173,123,BNP Paribas Open,Indian Wells,Outdoor,Hard,2021-10-11,2.3,1.61,0
Tiafoe F.,10,303,158,145,24,23,134,122,Hurkacz H.,17,238,137,101,27,24,110,77,BNP Paribas Open,Indian Wells,Outdoor,Hard,2021-10-12,2.5,1.53,0
Rublev A.,7,392,255,137,57,34,198,103,Paul T.,14,204,111,93,19,13,92,80,BNP Paribas Open,Indian Wells,Outdoor,Hard,2021-10-12,1.2,4.5,0
Norrie C.,13,287,172,115,15,18,157,97,Bautista Agut R.,25,379,234,145,31,29,203,116,BNP Paribas Open,Indian Wells,Outdoor,Hard,2021-10-12,1.8,2.0,1
Krajinovic F.,93,240,115,125,38,34,77,91,Medvedev D.,3,406,289,117,69,27,220,90,BNP Paribas Open,Indian Wells,Outdoor,Hard,2021-10-12,8.0,1.08,0
Sinner J.,8,224,153,71,42,19,111,52,Isner J.,114,755,465,290,53,45,412,245,BNP Paribas Open,Indian Wells,Outdoor,Hard,2021-10-12,1.5,2.62,1
Fritz T.,9,356,205,151,26,22,179,129,Berrettini M.,38,217,142,75,14,11,128,64,BNP Paribas Open,Indian Wells,Outdoor,Hard,2021-10-12,3.0,1.4,1
Khachanov K.,11,378,217,161,44,38,173,123,Carreno Busta P.,16,352,214,138,33,25,181,113,BNP Paribas Open,Indian Wells,Outdoor,Hard,2021-10-12,2.1,1.72,1
Ramos-Vinolas A.,82,437,204,233,17,31,187,202,Basilashvili N.,118,301,138,163,26,34,112,129,BNP Paribas Open,Indian Wells,Outdoor,Hard,2021-10-12,2.2,1.66,0
Murray A.,44,932,687,245,132,47,555,198,Zverev A.,19,500,346,154,60,31,286,123,BNP Paribas Open,Indian Wells,Outdoor,Hard,2021-10-12,5.0,1.16,0
Basilashvili N.,118,301,138,163,26,34,112,129,Khachanov K.,11,378,217,161,44,38,173,123,BNP Paribas Open,Indian Wells,Outdoor,Hard,2021-10-13,3.4,1.33,1
Dimitrov G.,20,651,389,262,79,50,310,212,Medvedev D.,3,406,289,117,69,27,220,90,BNP Paribas Open,Indian Wells,Outdoor,Hard,2021-10-13,6.0,1.12,1
Paul T.,14,204,111,93,19,13,92,80,Norrie C.,13,287,172,115,15,18,157,97,BNP Paribas Open,Indian Wells,Outdoor,Hard,2021-10-13,2.62,1.5,0
Hurkacz H.,17,238,137,101,27,24,110,77,Karatsev A.,75,136,66,70,10,22,56,48,BNP Paribas Open,Indian Wells,Outdoor,Hard,2021-10-13,1.57,2.37,1
Sinner J.,8,224,153,71,42,19,111,52,Fritz T.,9,356,205,151,26,22,179,129,BNP Paribas Open,Indian Wells,Outdoor,Hard,2021-10-13,1.44,2.75,0
Garin C.,101,190,103,87,15,13,88,74,De Minaur A.,19,272,161,111,30,19,131,92,BNP Paribas Open,Indian Wells,Outdoor,Hard,2021-10-13,2.2,1.66,0
Tsitsipas S.,5,390,264,126,49,32,215,94,Fognini F.,128,742,383,359,39,48,344,311,BNP Paribas Open,Indian Wells,Outdoor,Hard,2021-10-13,1.14,5.5,1
Anderson K.,652,598,347,251,48,38,299,213,Monfils G.,323,816,510,306,131,65,379,241,BNP Paribas Open,Indian Wells,Outdoor,Hard,2021-10-13,3.0,1.4,0
Schwartzman D.,95,428,233,195,32,27,201,168,Ruud C.,4,275,176,99,19,16,157,83,BNP Paribas Open,Indian Wells,Outdoor,Hard,2021-10-13,3.0,1.4,1
De Minaur A.,19,272,161,111,30,19,131,92,Tsitsipas S.,5,390,264,126,49,32,215,94,BNP Paribas Open,Indian Wells,Outdoor,Hard,2021-10-14,4.5,1.2,0
Zverev A.,19,500,346,154,60,31,286,123,Monfils G.,323,816,510,306,131,65,379,241,BNP Paribas Open,Indian Wells,Outdoor,Hard,2021-10-14,1.2,4.5,1
Schwartzman D.,95,428,233,195,32,27,201,168,Norrie C.,13,287,172,115,15,18,157,97,BNP Paribas Open,Indian Wells,Outdoor,Hard,2021-10-14,1.72,2.1,0
Hurkacz H.,17,238,137,101,27,24,110,77,Dimitrov G.,20,651,389,262,79,50,310,212,BNP Paribas Open,Indian Wells,Outdoor,Hard,2021-10-14,1.57,2.37,0
Basilashvili N.,118,301,138,163,26,34,112,129,Tsitsipas S.,5,390,264,126,49,32,215,94,BNP Paribas Open,Indian Wells,Outdoor,Hard,2021-10-15,3.75,1.28,1
Fritz T.,9,356,205,151,26,22,179,129,Zverev A.,19,500,346,154,60,31,286,123,BNP Paribas Open,Indian Wells,Outdoor,Hard,2021-10-15,5.0,1.16,1
Dimitrov G.,20,651,389,262,79,50,310,212,Norrie C.,13,287,172,115,15,18,157,97,BNP Paribas Open,Indian Wells,Outdoor,Hard,2021-10-16,1.9,1.9,0
Basilashvili N.,118,301,138,163,26,34,112,129,Fritz T.,9,356,205,151,26,22,179,129,BNP Paribas Open,Indian Wells,Outdoor,Hard,2021-10-16,2.3,1.61,1
Duckworth J.,123,143,55,88,10,9,45,79,Gojo B.,115,14,3,11,0,1,3,10,Kremlin Cup,Moscow,Indoor,Hard,2021-10-18,1.36,3.2,1
Popyrin A.,90,140,59,81,9,13,50,68,Van De Zandschulp B.,44,117,63,54,11,11,52,43,European Open,Antwerp,Indoor,Hard,2021-10-18,2.1,1.72,0
Basilashvili N.,118,301,138,163,26,34,112,129,Norrie C.,13,287,172,115,15,18,157,97,BNP Paribas Open,Indian Wells,Outdoor,Hard,2021-10-18,2.37,1.57,0
Delbonis F.,131,340,152,188,19,23,133,165,Rinderknech A.,67,96,46,50,16,12,30,38,European Open,Antwerp,Indoor,Hard,2021-10-18,3.4,1.33,0
Cilic M.,100,853,543,310,119,65,424,245,Dzumhur D.,202,234,107,127,31,29,76,98,Kremlin Cup,Moscow,Indoor,Hard,2021-10-18,1.44,2.75,1
Gasquet R.,48,948,581,367,133,82,448,285,Lajovic D.,66,378,163,215,21,36,142,179,European Open,Antwerp,Indoor,Hard,2021-10-18,1.53,2.5,0
Millman J.,140,256,113,143,21,22,92,121,Bonzi B.,107,83,37,46,10,13,27,33,Kremlin Cup,Moscow,Indoor,Hard,2021-10-18,2.0,1.8,1
Djere L.,38,243,120,123,10,22,110,101,Simon G.,188,869,491,378,135,94,356,284,Kremlin Cup,Moscow,Indoor,Hard,2021-10-19,1.5,2.62,0
Gerasimov E.,150,93,43,50,19,19,24,31,Kecmanovic M.,40,210,107,103,12,16,95,87,Kremlin Cup,Moscow,Indoor,Hard,2021-10-19,2.0,1.8,1
Marchenko I.,164,131,50,81,18,23,32,58,Bublik A.,25,219,110,109,39,30,71,79,Kremlin Cup,Moscow,Indoor,Hard,2021-10-19,2.75,1.44,1
Martinez P.,135,118,50,68,7,6,43,62,Pella G.,199,260,118,142,14,16,104,126,Kremlin Cup,Moscow,Indoor,Hard,2021-10-19,1.66,2.2,1
Berankis R.,212,249,104,145,36,31,68,114,Donskoy E.,149,162,50,112,14,33,36,79,Kremlin Cup,Moscow,Indoor,Hard,2021-10-19,,,1
Safiullin R.,92,42,20,22,7,7,13,15,Mannarino A.,27,567,264,303,60,73,204,230,Kremlin Cup,Moscow,Indoor,Hard,2021-10-19,1.9,1.9,0
Paul T.,14,204,111,93,19,13,92,80,Ymer M.,59,130,58,72,18,23,40,49,Kremlin Cup,Moscow,Indoor,Hard,2021-10-19,1.57,2.37,1
Tiafoe F.,10,303,158,145,24,23,134,122,Murray A.,44,932,687,245,132,47,555,198,European Open,Antwerp,Indoor,Hard,2021-10-19,2.1,1.72,0
Thompson J.,71,221,96,125,10,10,86,115,Davidovich Fokina A.,39,168,84,84,17,20,67,64,European Open,Antwerp,Indoor,Hard,2021-10-19,2.2,1.66,0
Paire B.,149,527,237,290,39,56,198,234,Laaksonen H.,125,101,37,64,7,16,30,48,European Open,Antwerp,Indoor,Hard,2021-10-19,2.3,1.61,0
Nakashima B.,70,106,57,49,6,5,51,44,De Minaur A.,19,272,161,111,30,19,131,92,European Open,Antwerp,Indoor,Hard,2021-10-19,2.1,1.72,1
Brooksby J.,39,79,46,33,6,5,40,28,Opelka R.,17,168,88,80,17,10,71,70,European Open,Antwerp,Indoor,Hard,2021-10-19,1.72,2.1,1
Mager G.,67,59,24,35,3,7,21,28,Musetti L.,18,143,79,64,12,12,67,52,European Open,Antwerp,Indoor,Hard,2021-10-19,1.8,2.0,0
Struff J.L.,21,369,170,199,43,42,127,157,Ramos-Vinolas A.,82,437,204,233,17,31,187,202,European Open,Antwerp,Indoor,Hard,2021-10-19,1.57,2.37,1
Fucsovics M.,67,249,121,128,26,24,95,104,Novak D.,166,58,15,43,6,16,9,27,European Open,Antwerp,Indoor,Hard,2021-10-19,1.57,2.37,1
Harris L.,186,129,59,70,7,8,52,62,Bergs Z.,175,15,4,11,1,5,3,6,European Open,Antwerp,Indoor,Hard,2021-10-19,1.22,4.33,1
Duckworth J.,123,143,55,88,10,9,45,79,Khachanov K.,11,378,217,161,44,38,173,123,Kremlin Cup,Moscow,Indoor,Hard,2021-10-20,4.0,1.25,0
Cilic M.,100,853,543,310,119,65,424,245,Paul T.,14,204,111,93,19,13,92,80,Kremlin Cup,Moscow,Indoor,Hard,2021-10-20,1.9,1.9,1
Millman J.,140,256,113,143,21,22,92,121,Marchenko I.,164,131,50,81,18,23,32,58,Kremlin Cup,Moscow,Indoor,Hard,2021-10-20,1.66,2.2,1
Nishioka Y.,31,215,99,116,15,15,84,101,Mcdonald M.,60,190,87,103,11,15,76,88,Kremlin Cup,Moscow,Indoor,Hard,2021-10-20,2.62,1.5,0
Kachmazov A.,638,2,0,2,0,2,0,0,Coria F.,108,99,43,56,2,6,41,50,Kremlin Cup,Moscow,Indoor,Hard,2021-10-20,2.5,1.53,0
Van De Zandschulp B.,44,117,63,54,11,11,52,43,Brooksby J.,39,79,46,33,6,5,40,28,European Open,Antwerp,Indoor,Hard,2021-10-20,2.75,1.44,0
Rinderknech A.,67,96,46,50,16,12,30,38,Lajovic D.,66,378,163,215,21,36,142,179,European Open,Antwerp,Indoor,Hard,2021-10-20,1.57,2.37,1
Sinner J.,8,224,153,71,42,19,111,52,Musetti L.,18,143,79,64,12,12,67,52,European Open,Antwerp,Indoor,Hard,2021-10-20,1.16,5.0,1
Davidovich Fokina A.,39,168,84,84,17,20,67,64,Garin C.,101,190,103,87,15,13,88,74,European Open,Antwerp,Indoor,Hard,2021-10-20,1.5,2.62,1
Fucsovics M.,67,249,121,128,26,24,95,104,Bautista Agut R.,25,379,234,145,31,29,203,116,European Open,Antwerp,Indoor,Hard,2021-10-21,2.37,1.57,1
Simon G.,188,869,491,378,135,94,356,284,Mcdonald M.,60,190,87,103,11,15,76,88,Kremlin Cup,Moscow,Indoor,Hard,2021-10-21,4.0,1.25,1
Karatsev A.,75,136,66,70,10,22,56,48,Gerasimov E.,150,93,43,50,19,19,24,31,Kremlin Cup,Moscow,Indoor,Hard,2021-10-21,1.4,3.0,1
Rublev A.,7,392,255,137,57,34,198,103,Mannarino A.,27,567,264,303,60,73,204,230,Kremlin Cup,Moscow,Indoor,Hard,2021-10-21,1.08,8.0,0
Berankis R.,212,249,104,145,36,31,68,114,Coria F.,108,99,43,56,2,6,41,50,Kremlin Cup,Moscow,Indoor,Hard,2021-10-21,1.22,4.33,1
Martinez P.,135,118,50,68,7,6,43,62,Krajinovic F.,93,240,115,125,38,34,77,91,Kremlin Cup,Moscow,Indoor,Hard,2021-10-21,3.0,1.4,1
Laaksonen H.,125,101,37,64,7,16,30,48,Nakashima B.,70,106,57,49,6,5,51,44,European Open,Antwerp,Indoor,Hard,2021-10-21,2.5,1.53,0
Murray A.,44,932,687,245,132,47,555,198,Schwartzman D.,95,428,233,195,32,27,201,168,European Open,Antwerp,Indoor,Hard,2021-10-21,1.72,2.1,0
Struff J.L.,21,369,170,199,43,42,127,157,Harris L.,186,129,59,70,7,8,52,62,European Open,Antwerp,Indoor,Hard,2021-10-21,3.0,1.4,0
Cilic M.,100,853,543,310,119,65,424,245,Martinez P.,135,118,50,68,7,6,43,62,Kremlin Cup,Moscow,Indoor,Hard,2021-10-22,1.5,2.62,1
Millman J.,140,256,113,143,21,22,92,121,Khachanov K.,11,378,217,161,44,38,173,123,Kremlin Cup,Moscow,Indoor,Hard,2021-10-22,3.5,1.3,0
Harris L.,186,129,59,70,7,8,52,62,Fucsovics M.,67,249,121,128,26,24,95,104,European Open,Antwerp,Indoor,Hard,2021-10-22,1.57,2.37,1
Sinner J.,8,224,153,71,42,19,111,52,Rinderknech A.,67,96,46,50,16,12,30,38,European Open,Antwerp,Indoor,Hard,2021-10-22,1.22,4.33,1
Nakashima B.,70,106,57,49,6,5,51,44,Schwartzman D.,95,428,233,195,32,27,201,168,European Open,Antwerp,Indoor,Hard,2021-10-22,2.2,1.66,0
Davidovich Fokina A.,39,168,84,84,17,20,67,64,Brooksby J.,39,79,46,33,6,5,40,28,European Open,Antwerp,Indoor,Hard,2021-10-22,3.4,1.33,0
Mannarino A.,27,567,264,303,60,73,204,230,Berankis R.,212,249,104,145,36,31,68,114,Kremlin Cup,Moscow,Indoor,Hard,2021-10-22,1.66,2.2,0
Simon G.,188,869,491,378,135,94,356,284,Karatsev A.,75,136,66,70,10,22,56,48,Kremlin Cup,Moscow,Indoor,Hard,2021-10-22,4.33,1.22,0
Cilic M.,100,853,543,310,119,65,424,245,Berankis R.,212,249,104,145,36,31,68,114,Kremlin Cup,Moscow,Indoor,Hard,2021-10-23,1.44,2.75,1
Karatsev A.,75,136,66,70,10,22,56,48,Khachanov K.,11,378,217,161,44,38,173,123,Kremlin Cup,Moscow,Indoor,Hard,2021-10-23,2.0,1.8,1
Schwartzman D.,95,428,233,195,32,27,201,168,Brooksby J.,39,79,46,33,6,5,40,28,European Open,Antwerp,Indoor,Hard,2021-10-23,2.2,1.66,1
Sinner J.,8,224,153,71,42,19,111,52,Harris L.,186,129,59,70,7,8,52,62,European Open,Antwerp,Indoor,Hard,2021-10-23,1.5,2.62,1
Schwartzman D.,95,428,233,195,32,27,201,168,Sinner J.,8,224,153,71,42,19,111,52,European Open,Antwerp,Indoor,Hard,2021-10-24,2.75,1.44,0
Cilic M.,100,853,543,310,119,65,424,245,Karatsev A.,75,136,66,70,10,22,56,48,Kremlin Cup,Moscow,Indoor,Hard,2021-10-24,2.2,1.66,0
Duckworth J.,123,143,55,88,10,9,45,79,Struff J.L.,21,369,170,199,43,42,127,157,St. Petersburg Open,St. Petersburg,Indoor,Hard,2021-10-25,1.8,2.0,0
Korda S.,26,126,75,51,15,9,60,42,Serdarusic N.,702,9,1,8,0,3,1,5,St. Petersburg Open,St. Petersburg,Indoor,Hard,2021-10-25,1.14,5.5,1
Bublik A.,25,219,110,109,39,30,71,79,Tiurnev E.,304,1,0,1,0,1,0,0,St. Petersburg Open,St. Petersburg,Indoor,Hard,2021-10-25,1.16,5.0,1
Alcaraz C.,1,164,130,34,10,5,120,29,Evans D.,30,251,124,127,18,16,106,111,Vienna Open,Vienna,Indoor,Hard,2021-10-25,1.66,2.2,1
Basilashvili N.,118,301,138,163,26,34,112,129,Carreno Busta P.,16,352,214,138,33,25,181,113,Vienna Open,Vienna,Indoor,Hard,2021-10-25,2.5,1.53,1
De Minaur A.,19,272,161,111,30,19,131,92,Anderson K.,652,598,347,251,48,38,299,213,Vienna Open,Vienna,Indoor,Hard,2021-10-25,2.0,1.8,1
Hurkacz H.,17,238,137,101,27,24,110,77,Murray A.,44,932,687,245,132,47,555,198,Vienna Open,Vienna,Indoor,Hard,2021-10-25,1.53,2.5,0
Berrettini M.,38,217,142,75,14,11,128,64,Popyrin A.,90,140,59,81,9,13,50,68,Vienna Open,Vienna,Indoor,Hard,2021-10-25,1.28,3.75,1
Tsitsipas S.,5,390,264,126,49,32,215,94,Dimitrov G.,20,651,389,262,79,50,310,212,Vienna Open,Vienna,Indoor,Hard,2021-10-26,1.4,3.0,1
Harris L.,186,129,59,70,7,8,52,62,Ruud C.,4,275,176,99,19,16,157,83,Vienna Open,Vienna,Indoor,Hard,2021-10-26,2.1,1.72,0
Norrie C.,13,287,172,115,15,18,157,97,Fucsovics M.,67,249,121,128,26,24,95,104,Vienna Open,Vienna,Indoor,Hard,2021-10-26,1.5,2.62,1
Tiafoe F.,10,303,158,145,24,23,134,122,Lajovic D.,66,378,163,215,21,36,142,179,Vienna Open,Vienna,Indoor,Hard,2021-10-26,1.4,3.0,1
Berankis R.,212,249,104,145,36,31,68,114,Auger-Aliassime F.,12,268,163,105,48,22,115,83,Vienna Open,Vienna,Indoor,Hard,2021-10-26,3.5,1.3,0
Krajinovic F.,93,240,115,125,38,34,77,91,Zverev A.,19,500,346,154,60,31,286,123,Vienna Open,Vienna,Indoor,Hard,2021-10-26,5.5,1.14,0
Mager G.,67,59,24,35,3,7,21,28,Novak D.,166,58,15,43,6,16,9,27,Vienna Open,Vienna,Indoor,Hard,2021-10-26,2.3,1.61,0
Millman J.,140,256,113,143,21,22,92,121,Oliel Y.,383,2,0,2,0,2,0,0,St. Petersburg Open,St. Petersburg,Indoor,Hard,2021-10-26,1.12,6.0,1
Paul T.,14,204,111,93,19,13,92,80,Martinez P.,135,118,50,68,7,6,43,62,St. Petersburg Open,St. Petersburg,Indoor,Hard,2021-10-26,1.5,2.62,1
Ruusuvuori E.,55,158,79,79,16,18,63,61,Fritz T.,9,356,205,151,26,22,179,129,St. Petersburg Open,St. Petersburg,Indoor,Hard,2021-10-26,2.0,1.8,0
Ivashka I.,113,159,78,81,19,18,59,63,Djere L.,38,243,120,123,10,22,110,101,St. Petersburg Open,St. Petersburg,Indoor,Hard,2021-10-26,1.25,4.0,1
Delbonis F.,131,340,152,188,19,23,133,165,Andujar P.,323,404,164,240,12,30,152,210,St. Petersburg Open,St. Petersburg,Indoor,Hard,2021-10-26,1.72,2.1,0
Van De Zandschulp B.,44,117,63,54,11,11,52,43,Nishioka Y.,31,215,99,116,15,15,84,101,St. Petersburg Open,St. Petersburg,Indoor,Hard,2021-10-26,1.57,2.37,1
Gerasimov E.,150,93,43,50,19,19,24,31,Mcdonald M.,60,190,87,103,11,15,76,88,St. Petersburg Open,St. Petersburg,Indoor,Hard,2021-10-26,2.37,1.57,0
Ramos-Vinolas A.,82,437,204,233,17,31,187,202,Cilic M.,100,853,543,310,119,65,424,245,St. Petersburg Open,St. Petersburg,Indoor,Hard,2021-10-27,3.5,1.3,0
Mannarino A.,27,567,264,303,60,73,204,230,Khachanov K.,11,378,217,161,44,38,173,123,St. Petersburg Open,St. Petersburg,Indoor,Hard,2021-10-27,3.75,1.28,0
Andujar P.,323,404,164,240,12,30,152,210,Shapovalov D.,29,298,166,132,30,27,136,105,St. Petersburg Open,St. Petersburg,Indoor,Hard,2021-10-27,8.0,1.08,0
Bublik A.,25,219,110,109,39,30,71,79,Struff J.L.,21,369,170,199,43,42,127,157,St. Petersburg Open,St. Petersburg,Indoor,Hard,2021-10-27,2.0,1.8,0
Sonego L.,43,221,107,114,19,17,88,97,Koepfer D.,84,86,38,48,3,3,35,45,Vienna Open,Vienna,Indoor,Hard,2021-10-27,1.44,2.75,1
Schwartzman D.,95,428,233,195,32,27,201,168,Fognini F.,128,742,383,359,39,48,344,311,Vienna Open,Vienna,Indoor,Hard,2021-10-27,1.33,3.4,1
Murray A.,44,932,687,245,132,47,555,198,Alcaraz C.,1,164,130,34,10,5,120,29,Vienna Open,Vienna,Indoor,Hard,2021-10-27,1.61,2.3,0
Basilashvili N.,118,301,138,163,26,34,112,129,Berrettini M.,38,217,142,75,14,11,128,64,Vienna Open,Vienna,Indoor,Hard,2021-10-27,2.75,1.44,0
Rublev A.,7,392,255,137,57,34,198,103,Ivashka I.,113,159,78,81,19,18,59,63,St. Petersburg Open,St. Petersburg,Indoor,Hard,2021-10-27,1.33,3.4,1
Opelka R.,17,168,88,80,17,10,71,70,Sinner J.,8,224,153,71,42,19,111,52,Vienna Open,Vienna,Indoor,Hard,2021-10-27,3.75,1.28,0
Musetti L.,18,143,79,64,12,12,67,52,Monfils G.,323,816,510,306,131,65,379,241,Vienna Open,Vienna,Indoor,Hard,2021-10-27,4.0,1.25,0
Zverev A.,19,500,346,154,60,31,286,123,De Minaur A.,19,272,161,111,30,19,131,92,Vienna Open,Vienna,Indoor,Hard,2021-10-28,1.16,5.0,1
Tiafoe F.,10,303,158,145,24,23,134,122,Tsitsipas S.,5,390,264,126,49,32,215,94,Vienna Open,Vienna,Indoor,Hard,2021-10-28,4.0,1.25,1
Monfils G.,323,816,510,306,131,65,379,241,Schwartzman D.,95,428,233,195,32,27,201,168,Vienna Open,Vienna,Indoor,Hard,2021-10-28,2.0,1.8,0
Novak D.,166,58,15,43,6,16,9,27,Sinner J.,8,224,153,71,42,19,111,52,Vienna Open,Vienna,Indoor,Hard,2021-10-28,8.0,1.08,0
Norrie C.,13,287,172,115,15,18,157,97,Auger-Aliassime F.,12,268,163,105,48,22,115,83,Vienna Open,Vienna,Indoor,Hard,2021-10-28,1.66,2.2,0
Ruud C.,4,275,176,99,19,16,157,83,Sonego L.,43,221,107,114,19,17,88,97,Vienna Open,Vienna,Indoor,Hard,2021-10-28,1.36,3.2,1
Mcdonald M.,60,190,87,103,11,15,76,88,Bautista Agut R.,25,379,234,145,31,29,203,116,St. Petersburg Open,St. Petersburg,Indoor,Hard,2021-10-28,2.37,1.57,0
Millman J.,140,256,113,143,21,22,92,121,Karatsev A.,75,136,66,70,10,22,56,48,St. Petersburg Open,St. Petersburg,Indoor,Hard,2021-10-28,4.0,1.25,1
Khachanov K.,11,378,217,161,44,38,173,123,Cilic M.,100,853,543,310,119,65,424,245,St. Petersburg Open,St. Petersburg,Indoor,Hard,2021-10-28,1.57,2.37,0
Fritz T.,9,356,205,151,26,22,179,129,Paul T.,14,204,111,93,19,13,92,80,St. Petersburg Open,St. Petersburg,Indoor,Hard,2021-10-28,1.53,2.5,1
Van De Zandschulp B.,44,117,63,54,11,11,52,43,Korda S.,26,126,75,51,15,9,60,42,St. Petersburg Open,St. Petersburg,Indoor,Hard,2021-10-28,2.0,1.8,1
Sinner J.,8,224,153,71,42,19,111,52,Ruud C.,4,275,176,99,19,16,157,83,Vienna Open,Vienna,Indoor,Hard,2021-10-29,1.4,3.0,1
Van De Zandschulp B.,44,117,63,54,11,11,52,43,Rublev A.,7,392,255,137,57,34,198,103,St. Petersburg Open,St. Petersburg,Indoor,Hard,2021-10-29,4.0,1.25,1
Bautista Agut R.,25,379,234,145,31,29,203,116,Cilic M.,100,853,543,310,119,65,424,245,St. Petersburg Open,St. Petersburg,Indoor,Hard,2021-10-29,1.8,2.0,0
Shapovalov D.,29,298,166,132,30,27,136,105,Struff J.L.,21,369,170,199,43,42,127,157,St. Petersburg Open,St. Petersburg,Indoor,Hard,2021-10-29,1.5,2.62,0
Millman J.,140,256,113,143,21,22,92,121,Fritz T.,9,356,205,151,26,22,179,129,St. Petersburg Open,St. Petersburg,Indoor,Hard,2021-10-29,3.2,1.36,0
Schwartzman D.,95,428,233,195,32,27,201,168,Tiafoe F.,10,303,158,145,24,23,134,122,Vienna Open,Vienna,Indoor,Hard,2021-10-29,1.66,2.2,0
Zverev A.,19,500,346,154,60,31,286,123,Auger-Aliassime F.,12,268,163,105,48,22,115,83,Vienna Open,Vienna,Indoor,Hard,2021-10-29,1.25,4.0,1
Berrettini M.,38,217,142,75,14,11,128,64,Alcaraz C.,1,164,130,34,10,5,120,29,Vienna Open,Vienna,Indoor,Hard,2021-10-29,1.44,2.75,0
Van De Zandschulp B.,44,117,63,54,11,11,52,43,Cilic M.,100,853,543,310,119,65,424,245,St. Petersburg Open,St. Petersburg,Indoor,Hard,2021-10-30,1.9,1.9,0
Alcaraz C.,1,164,130,34,10,5,120,29,Zverev A.,19,500,346,154,60,31,286,123,Vienna Open,Vienna,Indoor,Hard,2021-10-30,3.75,1.28,0
Struff J.L.,21,369,170,199,43,42,127,157,Fritz T.,9,356,205,151,26,22,179,129,St. Petersburg Open,St. Petersburg,Indoor,Hard,2021-10-30,2.75,1.44,0
Tiafoe F.,10,303,158,145,24,23,134,122,Sinner J.,8,224,153,71,42,19,111,52,Vienna Open,Vienna,Indoor,Hard,2021-10-30,4.0,1.25,1
Zverev A.,19,500,346,154,60,31,286,123,Tiafoe F.,10,303,158,145,24,23,134,122,Vienna Open,Vienna,Indoor,Hard,2021-10-31,1.2,4.5,1
Cilic M.,100,853,543,310,119,65,424,245,Fritz T.,9,356,205,151,26,22,179,129,St. Petersburg Open,St. Petersburg,Indoor,Hard,2021-10-31,2.0,1.8,1
Ivashka I.,113,159,78,81,19,18,59,63,Ramos-Vinolas A.,82,437,204,233,17,31,187,202,BNP Paribas Masters,Paris,Indoor,Hard,2021-11-01,1.25,4.0,1
Carreno Busta P.,16,352,214,138,33,25,181,113,Paire B.,149,527,237,290,39,56,198,234,BNP Paribas Masters,Paris,Indoor,Hard,2021-11-01,1.25,4.0,1
Djere L.,38,243,120,123,10,22,110,101,Musetti L.,18,143,79,64,12,12,67,52,BNP Paribas Masters,Paris,Indoor,Hard,2021-11-01,2.3,1.61,0
Rinderknech A.,67,96,46,50,16,12,30,38,Gaston H.,109,58,24,34,5,9,19,25,BNP Paribas Masters,Paris,Indoor,Hard,2021-11-01,1.61,2.3,0
Mannarino A.,27,567,264,303,60,73,204,230,Basilashvili N.,118,301,138,163,26,34,112,129,BNP Paribas Masters,Paris,Indoor,Hard,2021-11-01,2.75,1.44,1
Murray A.,44,932,687,245,132,47,555,198,Koepfer D.,84,86,38,48,3,3,35,45,BNP Paribas Masters,Paris,Indoor,Hard,2021-11-01,1.25,4.0,0
Norrie C.,13,287,172,115,15,18,157,97,Delbonis F.,131,340,152,188,19,23,133,165,BNP Paribas Masters,Paris,Indoor,Hard,2021-11-01,1.08,8.0,1
Karatsev A.,75,136,66,70,10,22,56,48,Korda S.,26,126,75,51,15,9,60,42,BNP Paribas Masters,Paris,Indoor,Hard,2021-11-01,1.57,2.37,0
Fucsovics M.,67,249,121,128,26,24,95,104,Fognini F.,128,742,383,359,39,48,344,311,BNP Paribas Masters,Paris,Indoor,Hard,2021-11-01,1.57,2.37,1
Lajovic D.,66,378,163,215,21,36,142,179,Mcdonald M.,60,190,87,103,11,15,76,88,BNP Paribas Masters,Paris,Indoor,Hard,2021-11-01,2.75,1.44,1
Bublik A.,25,219,110,109,39,30,71,79,Evans D.,30,251,124,127,18,16,106,111,BNP Paribas Masters,Paris,Indoor,Hard,2021-11-01,2.2,1.66,1
Dimitrov G.,20,651,389,262,79,50,310,212,Gasquet R.,48,948,581,367,133,82,448,285,BNP Paribas Masters,Paris,Indoor,Hard,2021-11-02,1.28,3.75,1
Ruud C.,4,275,176,99,19,16,157,83,Bublik A.,25,219,110,109,39,30,71,79,BNP Paribas Masters,Paris,Indoor,Hard,2021-11-02,1.3,3.5,1
Djokovic N.,2,1207,1012,195,146,42,866,153,Fucsovics M.,67,249,121,128,26,24,95,104,BNP Paribas Masters,Paris,Indoor,Hard,2021-11-02,1.08,8.0,1
Tiafoe F.,10,303,158,145,24,23,134,122,Giron M.,69,150,68,82,20,14,48,68,BNP Paribas Masters,Paris,Indoor,Hard,2021-11-02,1.5,2.62,0
Cilic M.,100,853,543,310,119,65,424,245,Davidovich Fokina A.,39,168,84,84,17,20,67,64,BNP Paribas Masters,Paris,Indoor,Hard,2021-11-02,1.53,2.5,1
Kecmanovic M.,40,210,107,103,12,16,95,87,Monfils G.,323,816,510,306,131,65,379,241,BNP Paribas Masters,Paris,Indoor,Hard,2021-11-02,3.4,1.33,0
Popyrin A.,90,140,59,81,9,13,50,68,De Minaur A.,19,272,161,111,30,19,131,92,BNP Paribas Masters,Paris,Indoor,Hard,2021-11-02,,,1
Herbert P.H.,157,202,89,113,31,38,58,75,Alcaraz C.,1,164,130,34,10,5,120,29,BNP Paribas Masters,Paris,Indoor,Hard,2021-11-02,4.0,1.25,0
Sonego L.,43,221,107,114,19,17,88,97,Fritz T.,9,356,205,151,26,22,179,129,BNP Paribas Masters,Paris,Indoor,Hard,2021-11-02,2.3,1.61,0
Ymer M.,59,130,58,72,18,23,40,49,Khachanov K.,11,378,217,161,44,38,173,123,BNP Paribas Masters,Paris,Indoor,Hard,2021-11-02,3.75,1.28,0
Krajinovic F.,93,240,115,125,38,34,77,91,Opelka R.,17,168,88,80,17,10,71,70,BNP Paribas Masters,Paris,Indoor,Hard,2021-11-02,1.9,1.9,0
Duckworth J.,123,143,55,88,10,9,45,79,Bautista Agut R.,25,379,234,145,31,29,203,116,BNP Paribas Masters,Paris,Indoor,Hard,2021-11-02,3.5,1.3,1
Paul T.,14,204,111,93,19,13,92,80,Struff J.L.,21,369,170,199,43,42,127,157,BNP Paribas Masters,Paris,Indoor,Hard,2021-11-02,1.72,2.1,1
Mager G.,67,59,24,35,3,7,21,28,Auger-Aliassime F.,12,268,163,105,48,22,115,83,BNP Paribas Masters,Paris,Indoor,Hard,2021-11-02,5.5,1.14,0
Millman J.,140,256,113,143,21,22,92,121,Schwartzman D.,95,428,233,195,32,27,201,168,BNP Paribas Masters,Paris,Indoor,Hard,2021-11-02,3.75,1.28,0
Tsitsipas S.,5,390,264,126,49,32,215,94,Popyrin A.,90,140,59,81,9,13,50,68,BNP Paribas Masters,Paris,Indoor,Hard,2021-11-03,,,0
Ivashka I.,113,159,78,81,19,18,59,63,Medvedev D.,3,406,289,117,69,27,220,90,BNP Paribas Masters,Paris,Indoor,Hard,2021-11-03,6.0,1.12,0
Korda S.,26,126,75,51,15,9,60,42,Cilic M.,100,853,543,310,119,65,424,245,BNP Paribas Masters,Paris,Indoor,Hard,2021-11-03,,,1
Lajovic D.,66,378,163,215,21,36,142,179,Zverev A.,19,500,346,154,60,31,286,123,BNP Paribas Masters,Paris,Indoor,Hard,2021-11-03,8.0,1.08,0
Schwartzman D.,95,428,233,195,32,27,201,168,Giron M.,69,150,68,82,20,14,48,68,BNP Paribas Masters,Paris,Indoor,Hard,2021-11-03,,,0
Sinner J.,8,224,153,71,42,19,111,52,Alcaraz C.,1,164,130,34,10,5,120,29,BNP Paribas Masters,Paris,Indoor,Hard,2021-11-03,,,0
Monfils G.,323,816,510,306,131,65,379,241,Mannarino A.,27,567,264,303,60,73,204,230,BNP Paribas Masters,Paris,Indoor,Hard,2021-11-03,,,1
Khachanov K.,11,378,217,161,44,38,173,123,Dimitrov G.,20,651,389,262,79,50,310,212,BNP Paribas Masters,Paris,Indoor,Hard,2021-11-03,,,0
Paul T.,14,204,111,93,19,13,92,80,Hurkacz H.,17,238,137,101,27,24,110,77,BNP Paribas Masters,Paris,Indoor,Hard,2021-11-03,,,0
Norrie C.,13,287,172,115,15,18,157,97,Opelka R.,17,168,88,80,17,10,71,70,BNP Paribas Masters,Paris,Indoor,Hard,2021-11-03,,,1
Fritz T.,9,356,205,151,26,22,179,129,Rublev A.,7,392,255,137,57,34,198,103,BNP Paribas Masters,Paris,Indoor,Hard,2021-11-03,,,1
Carreno Busta P.,16,352,214,138,33,25,181,113,Gaston H.,109,58,24,34,5,9,19,25,BNP Paribas Masters,Paris,Indoor,Hard,2021-11-03,1.25,4.0,0
Auger-Aliassime F.,12,268,163,105,48,22,115,83,Koepfer D.,84,86,38,48,3,3,35,45,BNP Paribas Masters,Paris,Indoor,Hard,2021-11-03,,,0
Duckworth J.,123,143,55,88,10,9,45,79,Musetti L.,18,143,79,64,12,12,67,52,BNP Paribas Masters,Paris,Indoor,Hard,2021-11-03,,,1
Gaston H.,109,58,24,34,5,9,19,25,Alcaraz C.,1,164,130,34,10,5,120,29,BNP Paribas Masters,Paris,Indoor,Hard,2021-11-04,5.0,1.16,1
Korda S.,26,126,75,51,15,9,60,42,Medvedev D.,3,406,289,117,69,27,220,90,BNP Paribas Masters,Paris,Indoor,Hard,2021-11-04,5.0,1.16,0
Giron M.,69,150,68,82,20,14,48,68,Ruud C.,4,275,176,99,19,16,157,83,BNP Paribas Masters,Paris,Indoor,Hard,2021-11-04,3.4,1.33,0
Dimitrov G.,20,651,389,262,79,50,310,212,Zverev A.,19,500,346,154,60,31,286,123,BNP Paribas Masters,Paris,Indoor,Hard,2021-11-04,3.4,1.33,0
Norrie C.,13,287,172,115,15,18,157,97,Fritz T.,9,356,205,151,26,22,179,129,BNP Paribas Masters,Paris,Indoor,Hard,2021-11-04,1.53,2.5,0
Popyrin A.,90,140,59,81,9,13,50,68,Duckworth J.,123,143,55,88,10,9,45,79,BNP Paribas Masters,Paris,Indoor,Hard,2021-11-04,1.57,2.37,0
Hurkacz H.,17,238,137,101,27,24,110,77,Koepfer D.,84,86,38,48,3,3,35,45,BNP Paribas Masters,Paris,Indoor,Hard,2021-11-04,1.22,4.33,1
Djokovic N.,2,1207,1012,195,146,42,866,153,Monfils G.,323,816,510,306,131,65,379,241,BNP Paribas Masters,Paris,Indoor,Hard,2021-11-04,1.14,5.5,1
Hurkacz H.,17,238,137,101,27,24,110,77,Duckworth J.,123,143,55,88,10,9,45,79,BNP Paribas Masters,Paris,Indoor,Hard,2021-11-05,1.36,3.2,1
Djokovic N.,2,1207,1012,195,146,42,866,153,Fritz T.,9,356,205,151,26,22,179,129,BNP Paribas Masters,Paris,Indoor,Hard,2021-11-05,1.22,4.33,1
Gaston H.,109,58,24,34,5,9,19,25,Medvedev D.,3,406,289,117,69,27,220,90,BNP Paribas Masters,Paris,Indoor,Hard,2021-11-05,7.0,1.1,0
Ruud C.,4,275,176,99,19,16,157,83,Zverev A.,19,500,346,154,60,31,286,123,BNP Paribas Masters,Paris,Indoor,Hard,2021-11-05,3.0,1.4,0
Medvedev D.,3,406,289,117,69,27,220,90,Zverev A.,19,500,346,154,60,31,286,123,BNP Paribas Masters,Paris,Indoor,Hard,2021-11-06,1.72,2.1,1
Hurkacz H.,17,238,137,101,27,24,110,77,Djokovic N.,2,1207,1012,195,146,42,866,153,BNP Paribas Masters,Paris,Indoor,Hard,2021-11-06,5.0,1.16,0
Djokovic N.,2,1207,1012,195,146,42,866,153,Medvedev D.,3,406,289,117,69,27,220,90,BNP Paribas Masters,Paris,Indoor,Hard,2021-11-07,2.0,1.8,1
Borg L.,437,4,1,3,0,2,1,1,Paul T.,14,204,111,93,19,13,92,80,Stockholm Open,Stockholm,Indoor,Hard,2021-11-07,29.0,1.0,0
Fucsovics M.,67,249,121,128,26,24,95,104,Mannarino A.,27,567,264,303,60,73,204,230,Stockholm Open,Stockholm,Indoor,Hard,2021-11-07,1.5,2.62,1
Davidovich Fokina A.,39,168,84,84,17,20,67,64,Mcdonald M.,60,190,87,103,11,15,76,88,Stockholm Open,Stockholm,Indoor,Hard,2021-11-07,1.9,1.9,1
Krajinovic F.,93,240,115,125,38,34,77,91,Istomin D.,267,440,194,246,44,51,150,195,Stockholm Open,Stockholm,Indoor,Hard,2021-11-08,1.16,5.0,1
Tiafoe F.,10,303,158,145,24,23,134,122,Ymer E.,186,81,24,57,3,11,21,46,Stockholm Open,Stockholm,Indoor,Hard,2021-11-08,1.22,4.33,1
Gojowczyk P.,108,172,75,97,17,18,58,79,Kovalik J.,172,68,24,44,5,8,19,36,Stockholm Open,Stockholm,Indoor,Hard,2021-11-08,,,0
Vavassori A.,128,12,5,7,1,1,4,6,Kotov P.,89,25,10,15,1,4,9,11,Stockholm Open,Stockholm,Indoor,Hard,2021-11-08,2.3,1.61,1
Durasovic V.,345,2,0,2,0,1,0,1,Murray A.,44,932,687,245,132,47,555,198,Stockholm Open,Stockholm,Indoor,Hard,2021-11-09,8.0,1.08,0
Martinez P.,135,118,50,68,7,6,43,62,Ruusuvuori E.,55,158,79,79,16,18,63,61,Stockholm Open,Stockholm,Indoor,Hard,2021-11-09,3.0,1.4,1
Gerasimov E.,150,93,43,50,19,19,24,31,Fritz T.,9,356,205,151,26,22,179,129,Stockholm Open,Stockholm,Indoor,Hard,2021-11-09,5.0,1.16,0
Serdarusic N.,702,9,1,8,0,3,1,5,Van De Zandschulp B.,44,117,63,54,11,11,52,43,Stockholm Open,Stockholm,Indoor,Hard,2021-11-09,5.0,1.16,0
Rinderknech A.,67,96,46,50,16,12,30,38,Bublik A.,25,219,110,109,39,30,71,79,Stockholm Open,Stockholm,Indoor,Hard,2021-11-09,1.66,2.2,1
Davidovich Fokina A.,39,168,84,84,17,20,67,64,Evans D.,30,251,124,127,18,16,106,111,Stockholm Open,Stockholm,Indoor,Hard,2021-11-10,1.9,1.9,0
Martinez P.,135,118,50,68,7,6,43,62,Tiafoe F.,10,303,158,145,24,23,134,122,Stockholm Open,Stockholm,Indoor,Hard,2021-11-10,3.5,1.3,0
Shapovalov D.,29,298,166,132,30,27,136,105,Vavassori A.,128,12,5,7,1,1,4,6,Stockholm Open,Stockholm,Indoor,Hard,2021-11-10,1.11,6.5,1
Kovalik J.,172,68,24,44,5,8,19,36,Rinderknech A.,67,96,46,50,16,12,30,38,Stockholm Open,Stockholm,Indoor,Hard,2021-11-10,5.0,1.16,0
Van De Zandschulp B.,44,117,63,54,11,11,52,43,Fucsovics M.,67,249,121,128,26,24,95,104,Stockholm Open,Stockholm,Indoor,Hard,2021-11-10,2.5,1.53,1
Paul T.,14,204,111,93,19,13,92,80,Fritz T.,9,356,205,151,26,22,179,129,Stockholm Open,Stockholm,Indoor,Hard,2021-11-10,3.0,1.4,1
Murray A.,44,932,687,245,132,47,555,198,Sinner J.,8,224,153,71,42,19,111,52,Stockholm Open,Stockholm,Indoor,Hard,2021-11-10,3.2,1.36,1
Krajinovic F.,93,240,115,125,38,34,77,91,Auger-Aliassime F.,12,268,163,105,48,22,115,83,Stockholm Open,Stockholm,Indoor,Hard,2021-11-10,2.62,1.5,0
Rinderknech A.,67,96,46,50,16,12,30,38,Shapovalov D.,29,298,166,132,30,27,136,105,Stockholm Open,Stockholm,Indoor,Hard,2021-11-11,3.0,1.4,0
Murray A.,44,932,687,245,132,47,555,198,Paul T.,14,204,111,93,19,13,92,80,Stockholm Open,Stockholm,Indoor,Hard,2021-11-11,1.53,2.5,0
Van De Zandschulp B.,44,117,63,54,11,11,52,43,Auger-Aliassime F.,12,268,163,105,48,22,115,83,Stockholm Open,Stockholm,Indoor,Hard,2021-11-11,2.75,1.44,0
Tiafoe F.,10,303,158,145,24,23,134,122,Evans D.,30,251,124,127,18,16,106,111,Stockholm Open,Stockholm,Indoor,Hard,2021-11-11,1.66,2.2,1
Tiafoe F.,10,303,158,145,24,23,134,122,Paul T.,14,204,111,93,19,13,92,80,Stockholm Open,Stockholm,Indoor,Hard,2021-11-12,1.66,2.2,0
Shapovalov D.,29,298,166,132,30,27,136,105,Auger-Aliassime F.,12,268,163,105,48,22,115,83,Stockholm Open,Stockholm,Indoor,Hard,2021-11-12,2.3,1.61,1
Paul T.,14,204,111,93,19,13,92,80,Shapovalov D.,29,298,166,132,30,27,136,105,Stockholm Open,Stockholm,Indoor,Hard,2021-11-13,2.3,1.61,1
Medvedev D.,3,406,289,117,69,27,220,90,Hurkacz H.,17,238,137,101,27,24,110,77,Masters Cup,Turin,Indoor,Hard,2021-11-14,1.2,4.5,1
Zverev A.,19,500,346,154,60,31,286,123,Berrettini M.,38,217,142,75,14,11,128,64,Masters Cup,Turin,Indoor,Hard,2021-11-14,1.36,3.2,0
Djokovic N.,2,1207,1012,195,146,42,866,153,Ruud C.,4,275,176,99,19,16,157,83,Masters Cup,Turin,Indoor,Hard,2021-11-15,1.11,6.5,1
Rublev A.,7,392,255,137,57,34,198,103,Tsitsipas S.,5,390,264,126,49,32,215,94,Masters Cup,Turin,Indoor,Hard,2021-11-15,2.1,1.72,1
Sinner J.,8,224,153,71,42,19,111,52,Hurkacz H.,17,238,137,101,27,24,110,77,Masters Cup,Turin,Indoor,Hard,2021-11-16,1.8,2.0,1
Zverev A.,19,500,346,154,60,31,286,123,Medvedev D.,3,406,289,117,69,27,220,90,Masters Cup,Turin,Indoor,Hard,2021-11-16,2.5,1.53,0
Ruud C.,4,275,176,99,19,16,157,83,Norrie C.,13,287,172,115,15,18,157,97,Masters Cup,Turin,Indoor,Hard,2021-11-17,1.57,2.37,1
Djokovic N.,2,1207,1012,195,146,42,866,153,Rublev A.,7,392,255,137,57,34,198,103,Masters Cup,Turin,Indoor,Hard,2021-11-17,1.22,4.33,1
Hurkacz H.,17,238,137,101,27,24,110,77,Zverev A.,19,500,346,154,60,31,286,123,Masters Cup,Turin,Indoor,Hard,2021-11-18,4.0,1.22,0
Medvedev D.,3,406,289,117,69,27,220,90,Sinner J.,8,224,153,71,42,19,111,52,Masters Cup,Turin,Indoor,Hard,2021-11-18,1.4,2.75,1
Ruud C.,4,275,176,99,19,16,157,83,Rublev A.,7,392,255,137,57,34,198,103,Masters Cup,Turin,Indoor,Hard,2021-11-19,2.5,1.5,1
Djokovic N.,2,1207,1012,195,146,42,866,153,Norrie C.,13,287,172,115,15,18,157,97,Masters Cup,Turin,Indoor,Hard,2021-11-19,1.14,5.5,1
Ruud C.,4,275,176,99,19,16,157,83,Medvedev D.,3,406,289,117,69,27,220,90,Masters Cup,Turin,Indoor,Hard,2021-11-20,5.5,1.14,0
Zverev A.,19,500,346,154,60,31,286,123,Djokovic N.,2,1207,1012,195,146,42,866,153,Masters Cup,Turin,Indoor,Hard,2021-11-20,3.0,1.4,1
Medvedev D.,3,406,289,117,69,27,220,90,Zverev A.,19,500,346,154,60,31,286,123,Masters Cup,Turin,Indoor,Hard,2021-11-21,1.53,2.5,0
Vukic A.,62,36,15,21,2,1,13,20,Johnson S.,197,395,196,199,16,23,180,176,Adelaide International 1,Adelaide,Outdoor,Hard,2022-01-03,1.8,2.0,0
Djere L.,38,243,120,123,10,22,110,101,Carballes Baena R.,64,207,91,116,11,10,80,106,Adelaide International 1,Adelaide,Outdoor,Hard,2022-01-03,1.66,2.2,1
Altmaier D.,51,79,28,51,1,5,27,46,Monteiro T.,121,171,69,102,9,11,60,91,Adelaide International 1,Adelaide,Outdoor,Hard,2022-01-03,1.61,2.3,0
Kwon S.W.,68,108,53,55,12,6,41,49,Nishioka Y.,31,215,99,116,15,15,84,101,Adelaide International 1,Adelaide,Outdoor,Hard,2022-01-03,1.61,2.3,1
Murray A.,44,932,687,245,132,47,555,198,Bagnis F.,135,121,39,82,9,8,30,74,Melbourne Summer Set,Melbourne,Outdoor,Hard,2022-01-04,1.1,7.0,0
Mannarino A.,27,567,264,303,60,73,204,230,Van De Zandschulp B.,44,117,63,54,11,11,52,43,Melbourne Summer Set,Melbourne,Outdoor,Hard,2022-01-04,2.75,1.44,0
Mcdonald M.,60,190,87,103,11,15,76,88,Gojowczyk P.,108,172,75,97,17,18,58,79,Melbourne Summer Set,Melbourne,Outdoor,Hard,2022-01-04,1.36,3.2,1
Koepfer D.,84,86,38,48,3,3,35,45,Griekspoor T.,37,97,47,50,7,14,40,36,Melbourne Summer Set,Melbourne,Outdoor,Hard,2022-01-04,2.3,1.61,0
Kokkinakis T.,86,124,55,69,0,4,55,65,Millman J.,140,256,113,143,21,22,92,121,Adelaide International 1,Adelaide,Outdoor,Hard,2022-01-04,1.72,2.1,1
Cerundolo F.,21,104,58,46,3,7,55,39,Mager G.,67,59,24,35,3,7,21,28,Adelaide International 1,Adelaide,Outdoor,Hard,2022-01-04,1.8,2.0,0
Bonzi B.,107,83,37,46,10,13,27,33,Ymer M.,59,130,58,72,18,23,40,49,Adelaide International 1,Adelaide,Outdoor,Hard,2022-01-04,1.8,2.0,0
Bolt A.,345,40,13,27,0,0,13,27,Cerundolo J.M.,106,29,12,17,2,3,10,14,Adelaide International 1,Adelaide,Outdoor,Hard,2022-01-04,1.44,2.75,0
Gerasimov E.,150,93,43,50,19,19,24,31,Fucsovics M.,67,249,121,128,26,24,95,104,Adelaide International 1,Adelaide,Outdoor,Hard,2022-01-04,2.37,1.57,1
Musetti L.,18,143,79,64,12,12,67,52,Daniel T.,111,178,67,111,3,10,64,101,Adelaide International 1,Adelaide,Outdoor,Hard,2022-01-04,1.8,2.0,0
Rune H.,6,131,83,48,28,9,55,39,Moutet C.,80,118,50,68,5,11,45,57,Adelaide International 1,Adelaide,Outdoor,Hard,2022-01-04,1.44,2.75,0
Vesely J.,528,288,130,158,6,19,124,139,Paul T.,14,204,111,93,19,13,92,80,Adelaide International 1,Adelaide,Outdoor,Hard,2022-01-04,3.4,1.33,0
O Connell C.,74,65,26,39,0,0,26,39,Thompson J.,71,221,96,125,10,10,86,115,Melbourne Summer Set,Melbourne,Outdoor,Hard,2022-01-05,1.9,1.9,0
Berankis R.,212,249,104,145,36,31,68,114,Giron M.,69,150,68,82,20,14,48,68,Melbourne Summer Set,Melbourne,Outdoor,Hard,2022-01-05,2.2,1.66,1
Hijikata R.,110,16,7,9,0,0,7,9,Cressy M.,96,96,42,54,10,11,32,43,Melbourne Summer Set,Melbourne,Outdoor,Hard,2022-01-05,3.2,1.36,0
Seppi A.,141,758,363,395,74,85,289,310,Molcan A.,120,86,45,41,1,6,44,35,Melbourne Summer Set,Melbourne,Outdoor,Hard,2022-01-05,2.2,1.66,0
Popyrin A.,90,140,59,81,9,13,50,68,Travaglia S.,1024,81,27,54,5,12,22,42,Melbourne Summer Set,Melbourne,Outdoor,Hard,2022-01-05,1.5,2.62,1
Anderson K.,652,598,347,251,48,38,299,213,Munar J.,104,178,75,103,7,12,68,91,Melbourne Summer Set,Melbourne,Outdoor,Hard,2022-01-05,1.44,2.75,0
Monteiro T.,121,171,69,102,9,11,60,91,Cilic M.,100,853,543,310,119,65,424,245,Adelaide International 1,Adelaide,Outdoor,Hard,2022-01-05,3.5,1.3,0
Tiafoe F.,10,303,158,145,24,23,134,122,Kokkinakis T.,86,124,55,69,0,4,55,65,Adelaide International 1,Adelaide,Outdoor,Hard,2022-01-05,1.61,2.3,0
Kwon S.W.,68,108,53,55,12,6,41,49,Ymer M.,59,130,58,72,18,23,40,49,Adelaide International 1,Adelaide,Outdoor,Hard,2022-01-05,1.57,2.37,0
Ruusuvuori E.,55,158,79,79,16,18,63,61,Baez S.,72,95,47,48,6,6,41,42,Melbourne Summer Set,Melbourne,Outdoor,Hard,2022-01-05,1.44,2.75,1
Moutet C.,80,118,50,68,5,11,45,57,Djere L.,38,243,120,123,10,22,110,101,Adelaide International 1,Adelaide,Outdoor,Hard,2022-01-05,1.61,2.3,0
Paire B.,149,527,237,290,39,56,198,234,Laaksonen H.,125,101,37,64,7,16,30,48,Melbourne Summer Set,Melbourne,Outdoor,Hard,2022-01-05,3.4,1.33,0
Goffin D.,123,522,296,226,66,52,230,174,Molcan A.,120,86,45,41,1,6,44,35,Melbourne Summer Set,Melbourne,Outdoor,Hard,2022-01-06,2.5,1.53,0
Dimitrov G.,20,651,389,262,79,50,310,212,Bagnis F.,135,121,39,82,9,8,30,74,Melbourne Summer Set,Melbourne,Outdoor,Hard,2022-01-06,1.16,5.0,1
Berankis R.,212,249,104,145,36,31,68,114,Nadal R.,2,1223,1017,206,76,40,941,166,Melbourne Summer Set,Melbourne,Outdoor,Hard,2022-01-06,5.5,1.14,0
Munar J.,104,178,75,103,7,12,68,91,Laaksonen H.,125,101,37,64,7,16,30,48,Melbourne Summer Set,Melbourne,Outdoor,Hard,2022-01-06,2.1,1.72,1
Popyrin A.,90,140,59,81,9,13,50,68,Griekspoor T.,37,97,47,50,7,14,40,36,Melbourne Summer Set,Melbourne,Outdoor,Hard,2022-01-06,2.0,1.8,0
Van De Zandschulp B.,44,117,63,54,11,11,52,43,Mcdonald M.,60,190,87,103,11,15,76,88,Melbourne Summer Set,Melbourne,Outdoor,Hard,2022-01-06,1.9,1.9,1
Thompson J.,71,221,96,125,10,10,86,115,Ruusuvuori E.,55,158,79,79,16,18,63,61,Melbourne Summer Set,Melbourne,Outdoor,Hard,2022-01-06,2.75,1.44,0
Cressy M.,96,96,42,54,10,11,32,43,Opelka R.,17,168,88,80,17,10,71,70,Melbourne Summer Set,Melbourne,Outdoor,Hard,2022-01-06,2.2,1.66,1
Monfils G.,323,816,510,306,131,65,379,241,Cerundolo J.M.,106,29,12,17,2,3,10,14,Adelaide International 1,Adelaide,Outdoor,Hard,2022-01-06,1.2,4.5,1
Khachanov K.,11,378,217,161,44,38,173,123,Johnson S.,197,395,196,199,16,23,180,176,Adelaide International 1,Adelaide,Outdoor,Hard,2022-01-06,1.25,4.0,1
Gerasimov E.,150,93,43,50,19,19,24,31,Mager G.,67,59,24,35,3,7,21,28,Adelaide International 1,Adelaide,Outdoor,Hard,2022-01-06,1.66,2.2,1
Paul T.,14,204,111,93,19,13,92,80,Daniel T.,111,178,67,111,3,10,64,101,Adelaide International 1,Adelaide,Outdoor,Hard,2022-01-06,1.33,3.4,1
Kokkinakis T.,86,124,55,69,0,4,55,65,Ymer M.,59,130,58,72,18,23,40,49,Adelaide International 1,Adelaide,Outdoor,Hard,2022-01-07,1.61,2.3,1
Gerasimov E.,150,93,43,50,19,19,24,31,Khachanov K.,11,378,217,161,44,38,173,123,Adelaide International 1,Adelaide,Outdoor,Hard,2022-01-07,4.0,1.25,0
Monfils G.,323,816,510,306,131,65,379,241,Paul T.,14,204,111,93,19,13,92,80,Adelaide International 1,Adelaide,Outdoor,Hard,2022-01-07,1.53,2.5,1
Cilic M.,100,853,543,310,119,65,424,245,Djere L.,38,243,120,123,10,22,110,101,Adelaide International 1,Adelaide,Outdoor,Hard,2022-01-07,1.28,3.75,1
Van De Zandschulp B.,44,117,63,54,11,11,52,43,Dimitrov G.,20,651,389,262,79,50,310,212,Melbourne Summer Set,Melbourne,Outdoor,Hard,2022-01-07,2.2,1.66,0
Molcan A.,120,86,45,41,1,6,44,35,Ruusuvuori E.,55,158,79,79,16,18,63,61,Melbourne Summer Set,Melbourne,Outdoor,Hard,2022-01-07,2.1,1.72,0
Nadal R.,2,1223,1017,206,76,40,941,166,Griekspoor T.,37,97,47,50,7,14,40,36,Melbourne Summer Set,Melbourne,Outdoor,Hard,2022-01-07,1.16,5.0,1
Munar J.,104,178,75,103,7,12,68,91,Cressy M.,96,96,42,54,10,11,32,43,Melbourne Summer Set,Melbourne,Outdoor,Hard,2022-01-07,2.1,1.72,0
Kokkinakis T.,86,124,55,69,0,4,55,65,Monfils G.,323,816,510,306,131,65,379,241,Adelaide International 1,Adelaide,Outdoor,Hard,2022-01-08,3.0,1.4,0
Dimitrov G.,20,651,389,262,79,50,310,212,Cressy M.,96,96,42,54,10,11,32,43,Melbourne Summer Set,Melbourne,Outdoor,Hard,2022-01-08,1.4,3.0,0
Nadal R.,2,1223,1017,206,76,40,941,166,Ruusuvuori E.,55,158,79,79,16,18,63,61,Melbourne Summer Set,Melbourne,Outdoor,Hard,2022-01-08,1.16,5.0,1
Cilic M.,100,853,543,310,119,65,424,245,Khachanov K.,11,378,217,161,44,38,173,123,Adelaide International 1,Adelaide,Outdoor,Hard,2022-01-08,1.72,2.1,0
Nadal R.,2,1223,1017,206,76,40,941,166,Cressy M.,96,96,42,54,10,11,32,43,Melbourne Summer Set,Melbourne,Outdoor,Hard,2022-01-09,1.12,6.0,1
Khachanov K.,11,378,217,161,44,38,173,123,Monfils G.,323,816,510,306,131,65,379,241,Adelaide International 1,Adelaide,Outdoor,Hard,2022-01-09,2.3,1.61,0
Thompson J.,71,221,96,125,10,10,86,115,Giron M.,69,150,68,82,20,14,48,68,Sydney Tennis Classic,Sydney,Outdoor,Hard,2022-01-10,2.2,1.66,1
Altmaier D.,51,79,28,51,1,5,27,46,Fognini F.,128,742,383,359,39,48,344,311,Sydney Tennis Classic,Sydney,Outdoor,Hard,2022-01-10,2.75,1.44,0
Millman J.,140,256,113,143,21,22,92,121,Munar J.,104,178,75,103,7,12,68,91,Adelaide International 2,Adelaide,Outdoor,Hard,2022-01-10,1.72,2.1,0
Goffin D.,123,522,296,226,66,52,230,174,Bagnis F.,135,121,39,82,9,8,30,74,Sydney Tennis Classic,Sydney,Outdoor,Hard,2022-01-10,1.66,2.2,1
Paul T.,14,204,111,93,19,13,92,80,Tiafoe F.,10,303,158,145,24,23,134,122,Adelaide International 2,Adelaide,Outdoor,Hard,2022-01-10,2.1,1.72,1
Vukic A.,62,36,15,21,2,1,13,20,Bublik A.,25,219,110,109,39,30,71,79,Adelaide International 2,Adelaide,Outdoor,Hard,2022-01-10,2.0,1.8,1
Sonego L.,43,221,107,114,19,17,88,97,Gaston H.,109,58,24,34,5,9,19,25,Sydney Tennis Classic,Sydney,Outdoor,Hard,2022-01-10,1.44,2.75,1
Rinderknech A.,67,96,46,50,16,12,30,38,Mcdonald M.,60,190,87,103,11,15,76,88,Adelaide International 2,Adelaide,Outdoor,Hard,2022-01-10,2.5,1.53,1
Cressy M.,96,96,42,54,10,11,32,43,Mannarino A.,27,567,264,303,60,73,204,230,Sydney Tennis Classic,Sydney,Outdoor,Hard,2022-01-11,1.44,2.75,1
Lajovic D.,66,378,163,215,21,36,142,179,Davidovich Fokina A.,39,168,84,84,17,20,67,64,Sydney Tennis Classic,Sydney,Outdoor,Hard,2022-01-11,2.5,1.53,1
Durasovic V.,345,2,0,2,0,1,0,1,Murray A.,44,932,687,245,132,47,555,198,Sydney Tennis Classic,Sydney,Outdoor,Hard,2022-01-11,8.0,1.08,0
Travaglia S.,1024,81,27,54,5,12,22,42,Kecmanovic M.,40,210,107,103,12,16,95,87,Sydney Tennis Classic,Sydney,Outdoor,Hard,2022-01-11,2.1,1.72,0
Kudla D.,137,198,70,128,5,14,65,114,Delbonis F.,131,340,152,188,19,23,133,165,Sydney Tennis Classic,Sydney,Outdoor,Hard,2022-01-11,2.0,1.8,1
Vesely J.,528,288,130,158,6,19,124,139,Nakashima B.,70,106,57,49,6,5,51,44,Sydney Tennis Classic,Sydney,Outdoor,Hard,2022-01-11,2.75,1.44,0
Baez S.,72,95,47,48,6,6,41,42,O Connell C.,74,65,26,39,0,0,26,39,Sydney Tennis Classic,Sydney,Outdoor,Hard,2022-01-11,2.0,1.8,1
Popyrin A.,90,140,59,81,9,13,50,68,Martinez P.,135,118,50,68,7,6,43,62,Sydney Tennis Classic,Sydney,Outdoor,Hard,2022-01-11,1.5,2.62,0
Rinderknech A.,67,96,46,50,16,12,30,38,Kwon S.W.,68,108,53,55,12,6,41,49,Adelaide International 2,Adelaide,Outdoor,Hard,2022-01-11,1.9,1.9,1
Monteiro T.,121,171,69,102,9,11,60,91,Nishioka Y.,31,215,99,116,15,15,84,101,Adelaide International 2,Adelaide,Outdoor,Hard,2022-01-11,1.9,1.9,1
Struff J.L.,21,369,170,199,43,42,127,157,Moutet C.,80,118,50,68,5,11,45,57,Adelaide International 2,Adelaide,Outdoor,Hard,2022-01-11,1.8,2.0,0
Harris L.,186,129,59,70,7,8,52,62,Kwon S.W.,68,108,53,55,12,6,41,49,Adelaide International 2,Adelaide,Outdoor,Hard,2022-01-11,1.61,2.3,0
Johnson S.,197,395,196,199,16,23,180,176,Bolt A.,345,40,13,27,0,0,13,27,Adelaide International 2,Adelaide,Outdoor,Hard,2022-01-11,1.36,3.2,1
Carballes Baena R.,64,207,91,116,11,10,80,106,Bonzi B.,107,83,37,46,10,13,27,33,Adelaide International 2,Adelaide,Outdoor,Hard,2022-01-11,2.5,1.53,0
Van De Zandschulp B.,44,117,63,54,11,11,52,43,Fucsovics M.,67,249,121,128,26,24,95,104,Adelaide International 2,Adelaide,Outdoor,Hard,2022-01-11,1.66,2.2,0
Gerasimov E.,150,93,43,50,19,19,24,31,Mager G.,67,59,24,35,3,7,21,28,Adelaide International 2,Adelaide,Outdoor,Hard,2022-01-11,1.66,2.2,0
Paire B.,149,527,237,290,39,56,198,234,Kokkinakis T.,86,124,55,69,0,4,55,65,Adelaide International 2,Adelaide,Outdoor,Hard,2022-01-11,3.75,1.28,0
Martinez P.,135,118,50,68,7,6,43,62,Evans D.,30,251,124,127,18,16,106,111,Sydney Tennis Classic,Sydney,Outdoor,Hard,2022-01-12,3.4,1.33,0
Nakashima B.,70,106,57,49,6,5,51,44,Fognini F.,128,742,383,359,39,48,344,311,Sydney Tennis Classic,Sydney,Outdoor,Hard,2022-01-12,1.5,2.62,1
Sonego L.,43,221,107,114,19,17,88,97,Baez S.,72,95,47,48,6,6,41,42,Sydney Tennis Classic,Sydney,Outdoor,Hard,2022-01-12,1.57,2.37,1
Kecmanovic M.,40,210,107,103,12,16,95,87,Karatsev A.,75,136,66,70,10,22,56,48,Sydney Tennis Classic,Sydney,Outdoor,Hard,2022-01-12,2.5,1.53,0
Johnson S.,197,395,196,199,16,23,180,176,Vukic A.,62,36,15,21,2,1,13,20,Adelaide International 2,Adelaide,Outdoor,Hard,2022-01-12,2.0,1.8,0
Isner J.,114,755,465,290,53,45,412,245,Kokkinakis T.,86,124,55,69,0,4,55,65,Adelaide International 2,Adelaide,Outdoor,Hard,2022-01-12,2.1,1.72,0
Paul T.,14,204,111,93,19,13,92,80,Bonzi B.,107,83,37,46,10,13,27,33,Adelaide International 2,Adelaide,Outdoor,Hard,2022-01-12,1.4,3.0,1
Khachanov K.,11,378,217,161,44,38,173,123,Mager G.,67,59,24,35,3,7,21,28,Adelaide International 2,Adelaide,Outdoor,Hard,2022-01-12,1.22,4.33,1
Goffin D.,123,522,296,226,66,52,230,174,Kudla D.,137,198,70,128,5,14,65,114,Sydney Tennis Classic,Sydney,Outdoor,Hard,2022-01-12,1.53,2.5,1
Murray A.,44,932,687,245,132,47,555,198,Basilashvili N.,118,301,138,163,26,34,112,129,Sydney Tennis Classic,Sydney,Outdoor,Hard,2022-01-12,1.25,4.0,1
Moutet C.,80,118,50,68,5,11,45,57,Fucsovics M.,67,249,121,128,26,24,95,104,Adelaide International 2,Adelaide,Outdoor,Hard,2022-01-12,2.2,1.66,1
Monfils G.,323,816,510,306,131,65,379,241,Monteiro T.,121,171,69,102,9,11,60,91,Adelaide International 2,Adelaide,Outdoor,Hard,2022-01-12,1.2,4.5,0
Cilic M.,100,853,543,310,119,65,424,245,Munar J.,104,178,75,103,7,12,68,91,Adelaide International 2,Adelaide,Outdoor,Hard,2022-01-12,1.36,3.2,1
Thompson J.,71,221,96,125,10,10,86,115,Opelka R.,17,168,88,80,17,10,71,70,Sydney Tennis Classic,Sydney,Outdoor,Hard,2022-01-12,2.5,1.53,0
Lajovic D.,66,378,163,215,21,36,142,179,Cressy M.,96,96,42,54,10,11,32,43,Sydney Tennis Classic,Sydney,Outdoor,Hard,2022-01-13,2.62,1.5,0
Karatsev A.,75,136,66,70,10,22,56,48,Sonego L.,43,221,107,114,19,17,88,97,Sydney Tennis Classic,Sydney,Outdoor,Hard,2022-01-13,1.8,2.0,1
Opelka R.,17,168,88,80,17,10,71,70,Nakashima B.,70,106,57,49,6,5,51,44,Sydney Tennis Classic,Sydney,Outdoor,Hard,2022-01-13,2.1,1.72,1
Goffin D.,123,522,296,226,66,52,230,174,Murray A.,44,932,687,245,132,47,555,198,Sydney Tennis Classic,Sydney,Outdoor,Hard,2022-01-13,2.2,1.66,0
Evans D.,30,251,124,127,18,16,106,111,Cressy M.,96,96,42,54,10,11,32,43,Sydney Tennis Classic,Sydney,Outdoor,Hard,2022-01-13,1.5,2.62,1
Rinderknech A.,67,96,46,50,16,12,30,38,Khachanov K.,11,378,217,161,44,38,173,123,Adelaide International 2,Adelaide,Outdoor,Hard,2022-01-13,3.0,1.4,1
Vukic A.,62,36,15,21,2,1,13,20,Kokkinakis T.,86,124,55,69,0,4,55,65,Adelaide International 2,Adelaide,Outdoor,Hard,2022-01-13,2.5,1.53,0
Monteiro T.,121,171,69,102,9,11,60,91,Moutet C.,80,118,50,68,5,11,45,57,Adelaide International 2,Adelaide,Outdoor,Hard,2022-01-13,2.75,1.44,0
Paul T.,14,204,111,93,19,13,92,80,Cilic M.,100,853,543,310,119,65,424,245,Adelaide International 2,Adelaide,Outdoor,Hard,2022-01-13,2.1,1.72,0
Cilic M.,100,853,543,310,119,65,424,245,Kokkinakis T.,86,124,55,69,0,4,55,65,Adelaide International 2,Adelaide,Outdoor,Hard,2022-01-14,1.57,2.37,0
Rinderknech A.,67,96,46,50,16,12,30,38,Moutet C.,80,118,50,68,5,11,45,57,Adelaide International 2,Adelaide,Outdoor,Hard,2022-01-14,2.0,1.8,1
Murray A.,44,932,687,245,132,47,555,198,Opelka R.,17,168,88,80,17,10,71,70,Sydney Tennis Classic,Sydney,Outdoor,Hard,2022-01-14,1.8,2.0,1
Karatsev A.,75,136,66,70,10,22,56,48,Evans D.,30,251,124,127,18,16,106,111,Sydney Tennis Classic,Sydney,Outdoor,Hard,2022-01-14,2.2,1.66,1
Kokkinakis T.,86,124,55,69,0,4,55,65,Rinderknech A.,67,96,46,50,16,12,30,38,Adelaide International 2,Adelaide,Outdoor,Hard,2022-01-15,1.8,2.0,1
Karatsev A.,75,136,66,70,10,22,56,48,Murray A.,44,932,687,245,132,47,555,198,Sydney Tennis Classic,Sydney,Outdoor,Hard,2022-01-15,1.8,2.0,1
Hurkacz H.,17,238,137,101,27,24,110,77,Gerasimov E.,150,93,43,50,19,19,24,31,Australian Open,Melbourne,Outdoor,Hard,2022-01-17,1.11,6.5,1
Koepfer D.,84,86,38,48,3,3,35,45,Taberner C.,181,37,13,24,4,6,9,18,Australian Open,Melbourne,Outdoor,Hard,2022-01-17,1.3,3.5,1
Pouille L.,675,259,134,125,35,26,99,99,Moutet C.,80,118,50,68,5,11,45,57,Australian Open,Melbourne,Outdoor,Hard,2022-01-17,4.0,1.25,0
Griekspoor T.,37,97,47,50,7,14,40,36,Fognini F.,128,742,383,359,39,48,344,311,Australian Open,Melbourne,Outdoor,Hard,2022-01-17,2.2,1.66,1
Mcdonald M.,60,190,87,103,11,15,76,88,Milojevic N.,136,14,6,8,1,1,5,7,Australian Open,Melbourne,Outdoor,Hard,2022-01-17,1.16,5.0,1
Caruso S.,146,63,19,44,5,9,14,35,Kecmanovic M.,40,210,107,103,12,16,95,87,Australian Open,Melbourne,Outdoor,Hard,2022-01-17,3.4,1.33,0
Tseng C.H.,145,9,1,8,0,0,1,8,Otte O.,233,78,33,45,6,14,27,31,Australian Open,Melbourne,Outdoor,Hard,2022-01-17,3.75,1.28,0
Kokkinakis T.,86,124,55,69,0,4,55,65,Hanfmann Y.,50,99,50,49,5,4,45,45,Australian Open,Melbourne,Outdoor,Hard,2022-01-17,1.28,3.75,0
Anderson K.,652,598,347,251,48,38,299,213,Opelka R.,17,168,88,80,17,10,71,70,Australian Open,Melbourne,Outdoor,Hard,2022-01-17,3.0,1.4,0
Millman J.,140,256,113,143,21,22,92,121,Lopez F.,634,863,441,422,71,82,370,340,Australian Open,Melbourne,Outdoor,Hard,2022-01-17,1.44,2.75,1
Norrie C.,13,287,172,115,15,18,157,97,Korda S.,26,126,75,51,15,9,60,42,Australian Open,Melbourne,Outdoor,Hard,2022-01-17,1.57,2.37,0
Munar J.,104,178,75,103,7,12,68,91,Karatsev A.,75,136,66,70,10,22,56,48,Australian Open,Melbourne,Outdoor,Hard,2022-01-17,5.0,1.16,0
Kukushkin M.,221,352,141,211,50,49,91,162,Paul T.,14,204,111,93,19,13,92,80,Australian Open,Melbourne,Outdoor,Hard,2022-01-17,4.33,1.22,0
Querrey S.,287,678,369,309,48,39,321,270,Sonego L.,43,221,107,114,19,17,88,97,Australian Open,Melbourne,Outdoor,Hard,2022-01-17,4.5,1.2,0
Nadal R.,2,1223,1017,206,76,40,941,166,Giron M.,69,150,68,82,20,14,48,68,Australian Open,Melbourne,Outdoor,Hard,2022-01-17,1.05,11.0,1
Zverev A.,19,500,346,154,60,31,286,123,Altmaier D.,51,79,28,51,1,5,27,46,Australian Open,Melbourne,Outdoor,Hard,2022-01-17,1.03,15.0,1
Etcheverry T.,34,60,26,34,5,3,21,31,Carreno Busta P.,16,352,214,138,33,25,181,113,Australian Open,Melbourne,Outdoor,Hard,2022-01-17,10.0,1.06,0
Bublik A.,25,219,110,109,39,30,71,79,Escobedo E.,377,57,20,37,2,2,18,35,Australian Open,Melbourne,Outdoor,Hard,2022-01-17,1.72,2.1,1
Djere L.,38,243,120,123,10,22,110,101,Shapovalov D.,29,298,166,132,30,27,136,105,Australian Open,Melbourne,Outdoor,Hard,2022-01-17,7.0,1.1,0
Rune H.,6,131,83,48,28,9,55,39,Kwon S.W.,68,108,53,55,12,6,41,49,Australian Open,Melbourne,Outdoor,Hard,2022-01-17,2.2,1.66,0
Lajovic D.,66,378,163,215,21,36,142,179,Fucsovics M.,67,249,121,128,26,24,95,104,Australian Open,Melbourne,Outdoor,Hard,2022-01-17,3.2,1.36,1
Harris L.,186,129,59,70,7,8,52,62,Vukic A.,62,36,15,21,2,1,13,20,Australian Open,Melbourne,Outdoor,Hard,2022-01-17,1.3,3.5,0
Martinez P.,135,118,50,68,7,6,43,62,Delbonis F.,131,340,152,188,19,23,133,165,Australian Open,Melbourne,Outdoor,Hard,2022-01-17,1.3,3.5,1
Bonzi B.,107,83,37,46,10,13,27,33,Gojowczyk P.,108,172,75,97,17,18,58,79,Australian Open,Melbourne,Outdoor,Hard,2022-01-17,1.36,3.2,1
Garin C.,101,190,103,87,15,13,88,74,Bagnis F.,135,121,39,82,9,8,30,74,Australian Open,Melbourne,Outdoor,Hard,2022-01-17,1.5,2.62,1
Alcaraz C.,1,164,130,34,10,5,120,29,Tabilo A.,122,44,21,23,5,4,16,19,Australian Open,Melbourne,Outdoor,Hard,2022-01-17,1.16,5.0,1
Vesely J.,528,288,130,158,6,19,124,139,Kozlov S.,108,35,9,26,0,2,9,24,Australian Open,Melbourne,Outdoor,Hard,2022-01-17,1.5,2.62,0
Monfils G.,323,816,510,306,131,65,379,241,Coria F.,108,99,43,56,2,6,41,50,Australian Open,Melbourne,Outdoor,Hard,2022-01-17,1.04,13.0,1
Nakashima B.,70,106,57,49,6,5,51,44,Berrettini M.,38,217,142,75,14,11,128,64,Australian Open,Melbourne,Outdoor,Hard,2022-01-17,3.5,1.3,0
Khachanov K.,11,378,217,161,44,38,173,123,Kudla D.,137,198,70,128,5,14,65,114,Australian Open,Melbourne,Outdoor,Hard,2022-01-17,1.12,6.0,1
Duckworth J.,123,143,55,88,10,9,45,79,Mannarino A.,27,567,264,303,60,73,204,230,Australian Open,Melbourne,Outdoor,Hard,2022-01-17,1.57,2.37,0
Albot R.,97,215,86,129,26,26,60,103,Nishioka Y.,31,215,99,116,15,15,84,101,Australian Open,Melbourne,Outdoor,Hard,2022-01-17,2.0,1.8,1
Evans D.,30,251,124,127,18,16,106,111,Goffin D.,123,522,296,226,66,52,230,174,Australian Open,Melbourne,Outdoor,Hard,2022-01-18,1.2,4.5,1
Machac T.,108,18,6,12,1,1,5,11,Cerundolo J.M.,106,29,12,17,2,3,10,14,Australian Open,Melbourne,Outdoor,Hard,2022-01-18,1.16,5.0,1
Daniel T.,111,178,67,111,3,10,64,101,Barrios M.,121,10,3,7,0,0,3,7,Australian Open,Melbourne,Outdoor,Hard,2022-01-18,1.36,3.2,1
Molcan A.,120,86,45,41,1,6,44,35,Safiullin R.,92,42,20,22,7,7,13,15,Australian Open,Melbourne,Outdoor,Hard,2022-01-18,1.61,2.3,1
Andujar P.,323,404,164,240,12,30,152,210,Dzumhur D.,202,234,107,127,31,29,76,98,Australian Open,Melbourne,Outdoor,Hard,2022-01-18,2.2,1.66,1
Marterer M.,144,91,31,60,2,8,29,52,Fritz T.,9,356,205,151,26,22,179,129,Australian Open,Melbourne,Outdoor,Hard,2022-01-18,6.0,1.12,0
Tsitsipas S.,5,390,264,126,49,32,215,94,Ymer M.,59,130,58,72,18,23,40,49,Australian Open,Melbourne,Outdoor,Hard,2022-01-18,1.2,4.5,1
Baez S.,72,95,47,48,6,6,41,42,Ramos-Vinolas A.,82,437,204,233,17,31,187,202,Australian Open,Melbourne,Outdoor,Hard,2022-01-18,1.5,2.62,1
Tiafoe F.,10,303,158,145,24,23,134,122,Trungelliti M.,240,33,13,20,2,2,11,18,Australian Open,Melbourne,Outdoor,Hard,2022-01-18,1.11,6.5,1
Popyrin A.,90,140,59,81,9,13,50,68,Rinderknech A.,67,96,46,50,16,12,30,38,Australian Open,Melbourne,Outdoor,Hard,2022-01-18,2.1,1.72,0
Majchrzak K.,121,50,19,31,3,4,16,27,Seppi A.,141,758,363,395,74,85,289,310,Australian Open,Melbourne,Outdoor,Hard,2022-01-18,1.61,2.3,1
De Minaur A.,19,272,161,111,30,19,131,92,Musetti L.,18,143,79,64,12,12,67,52,Australian Open,Melbourne,Outdoor,Hard,2022-01-18,1.14,5.5,1
Broady L.,125,47,18,29,5,3,13,26,Kyrgios N.,25,303,195,108,11,7,184,101,Australian Open,Melbourne,Outdoor,Hard,2022-01-18,2.62,1.5,0
Auger-Aliassime F.,12,268,163,105,48,22,115,83,Ruusuvuori E.,55,158,79,79,16,18,63,61,Australian Open,Melbourne,Outdoor,Hard,2022-01-18,1.33,3.4,1
Davidovich Fokina A.,39,168,84,84,17,20,67,64,Bolt A.,345,40,13,27,0,0,13,27,Australian Open,Melbourne,Outdoor,Hard,2022-01-18,1.28,3.75,1
Basilashvili N.,118,301,138,163,26,34,112,129,Murray A.,44,932,687,245,132,47,555,198,Australian Open,Melbourne,Outdoor,Hard,2022-01-18,2.5,1.53,0
Johnson S.,197,395,196,199,16,23,180,176,Thompson J.,71,221,96,125,10,10,86,115,Australian Open,Melbourne,Outdoor,Hard,2022-01-18,2.0,1.8,1
Isner J.,114,755,465,290,53,45,412,245,Cressy M.,96,96,42,54,10,11,32,43,Australian Open,Melbourne,Outdoor,Hard,2022-01-18,2.0,1.8,0
Schwartzman D.,95,428,233,195,32,27,201,168,Krajinovic F.,93,240,115,125,38,34,77,91,Australian Open,Melbourne,Outdoor,Hard,2022-01-18,1.25,4.0,1
Van De Zandschulp B.,44,117,63,54,11,11,52,43,Struff J.L.,21,369,170,199,43,42,127,157,Australian Open,Melbourne,Outdoor,Hard,2022-01-18,1.5,2.62,1
Laaksonen H.,125,101,37,64,7,16,30,48,Medvedev D.,3,406,289,117,69,27,220,90,Australian Open,Melbourne,Outdoor,Hard,2022-01-18,21.0,1.01,0
Gaston H.,109,58,24,34,5,9,19,25,O Connell C.,74,65,26,39,0,0,26,39,Australian Open,Melbourne,Outdoor,Hard,2022-01-18,2.0,1.8,0
Gombos N.,114,66,21,45,6,14,15,31,Skatov T.,147,5,1,4,1,2,0,2,Australian Open,Melbourne,Outdoor,Hard,2022-01-18,1.72,2.1,1
Gomez E.,155,26,7,19,2,2,5,17,Cilic M.,100,853,543,310,119,65,424,245,Australian Open,Melbourne,Outdoor,Hard,2022-01-18,8.0,1.08,0
Gasquet R.,48,948,581,367,133,82,448,285,Humbert U.,36,170,80,90,23,21,57,69,Australian Open,Melbourne,Outdoor,Hard,2022-01-18,4.5,1.2,1
Travaglia S.,1024,81,27,54,5,12,22,42,Bautista Agut R.,25,379,234,145,31,29,203,116,Australian Open,Melbourne,Outdoor,Hard,2022-01-18,9.0,1.07,0
Berankis R.,212,249,104,145,36,31,68,114,Carballes Baena R.,64,207,91,116,11,10,80,106,Australian Open,Melbourne,Outdoor,Hard,2022-01-18,1.44,2.75,1
Rublev A.,7,392,255,137,57,34,198,103,Mager G.,67,59,24,35,3,7,21,28,Australian Open,Melbourne,Outdoor,Hard,2022-01-18,1.04,13.0,1
Dimitrov G.,20,651,389,262,79,50,310,212,Lehecka J.,33,61,30,31,4,4,26,27,Australian Open,Melbourne,Outdoor,Hard,2022-01-18,1.16,5.0,1
Sousa J.,147,436,189,247,42,44,147,203,Sinner J.,8,224,153,71,42,19,111,52,Australian Open,Melbourne,Outdoor,Hard,2022-01-18,13.0,1.04,0
Paire B.,149,527,237,290,39,56,198,234,Monteiro T.,121,171,69,102,9,11,60,91,Australian Open,Melbourne,Outdoor,Hard,2022-01-18,3.2,1.36,1
Cecchinato M.,108,204,79,125,2,14,77,111,Kohlschreiber P.,132,812,446,366,76,73,370,293,Australian Open,Melbourne,Outdoor,Hard,2022-01-18,2.62,1.5,0
Martinez P.,135,118,50,68,7,6,43,62,Garin C.,101,190,103,87,15,13,88,74,Australian Open,Melbourne,Outdoor,Hard,2022-01-19,1.9,1.9,0
Bublik A.,25,219,110,109,39,30,71,79,Monfils G.,323,816,510,306,131,65,379,241,Australian Open,Melbourne,Outdoor,Hard,2022-01-19,4.5,1.2,0
Millman J.,140,256,113,143,21,22,92,121,Zverev A.,19,500,346,154,60,31,286,123,Australian Open,Melbourne,Outdoor,Hard,2022-01-19,11.0,1.05,0
Mcdonald M.,60,190,87,103,11,15,76,88,Karatsev A.,75,136,66,70,10,22,56,48,Australian Open,Melbourne,Outdoor,Hard,2022-01-19,2.75,1.44,0
Khachanov K.,11,378,217,161,44,38,173,123,Bonzi B.,107,83,37,46,10,13,27,33,Australian Open,Melbourne,Outdoor,Hard,2022-01-19,1.28,3.75,1
Hurkacz H.,17,238,137,101,27,24,110,77,Mannarino A.,27,567,264,303,60,73,204,230,Australian Open,Melbourne,Outdoor,Hard,2022-01-19,1.14,5.5,0
Vukic A.,62,36,15,21,2,1,13,20,Albot R.,97,215,86,129,26,26,60,103,Australian Open,Melbourne,Outdoor,Hard,2022-01-19,1.53,2.5,0
Berrettini M.,38,217,142,75,14,11,128,64,Kozlov S.,108,35,9,26,0,2,9,24,Australian Open,Melbourne,Outdoor,Hard,2022-01-19,1.06,10.0,1
Hanfmann Y.,50,99,50,49,5,4,45,45,Nadal R.,2,1223,1017,206,76,40,941,166,Australian Open,Melbourne,Outdoor,Hard,2022-01-19,15.0,1.03,0
Kwon S.W.,68,108,53,55,12,6,41,49,Shapovalov D.,29,298,166,132,30,27,136,105,Australian Open,Melbourne,Outdoor,Hard,2022-01-19,4.0,1.25,0
Moutet C.,80,118,50,68,5,11,45,57,Korda S.,26,126,75,51,15,9,60,42,Australian Open,Melbourne,Outdoor,Hard,2022-01-19,3.4,1.33,0
Koepfer D.,84,86,38,48,3,3,35,45,Opelka R.,17,168,88,80,17,10,71,70,Australian Open,Melbourne,Outdoor,Hard,2022-01-19,3.5,1.3,0
Griekspoor T.,37,97,47,50,7,14,40,36,Carreno Busta P.,16,352,214,138,33,25,181,113,Australian Open,Melbourne,Outdoor,Hard,2022-01-19,3.0,1.4,0
Kecmanovic M.,40,210,107,103,12,16,95,87,Paul T.,14,204,111,93,19,13,92,80,Australian Open,Melbourne,Outdoor,Hard,2022-01-19,3.0,1.4,1
Otte O.,233,78,33,45,6,14,27,31,Sonego L.,43,221,107,114,19,17,88,97,Australian Open,Melbourne,Outdoor,Hard,2022-01-19,2.75,1.44,0
Alcaraz C.,1,164,130,34,10,5,120,29,Lajovic D.,66,378,163,215,21,36,142,179,Australian Open,Melbourne,Outdoor,Hard,2022-01-19,1.12,6.0,1
Majchrzak K.,121,50,19,31,3,4,16,27,De Minaur A.,19,272,161,111,30,19,131,92,Australian Open,Melbourne,Outdoor,Hard,2022-01-20,4.33,1.22,0
Johnson S.,197,395,196,199,16,23,180,176,Sinner J.,8,224,153,71,42,19,111,52,Australian Open,Melbourne,Outdoor,Hard,2022-01-20,9.0,1.07,0
Medvedev D.,3,406,289,117,69,27,220,90,Kyrgios N.,25,303,195,108,11,7,184,101,Australian Open,Melbourne,Outdoor,Hard,2022-01-20,1.16,5.0,1
Gasquet R.,48,948,581,367,133,82,448,285,Van De Zandschulp B.,44,117,63,54,11,11,52,43,Australian Open,Melbourne,Outdoor,Hard,2022-01-20,4.0,1.25,0
Murray A.,44,932,687,245,132,47,555,198,Daniel T.,111,178,67,111,3,10,64,101,Australian Open,Melbourne,Outdoor,Hard,2022-01-20,1.28,3.75,0
Dimitrov G.,20,651,389,262,79,50,310,212,Paire B.,149,527,237,290,39,56,198,234,Australian Open,Melbourne,Outdoor,Hard,2022-01-20,1.16,5.0,0
Tsitsipas S.,5,390,264,126,49,32,215,94,Baez S.,72,95,47,48,6,6,41,42,Australian Open,Melbourne,Outdoor,Hard,2022-01-20,1.06,10.0,1
Davidovich Fokina A.,39,168,84,84,17,20,67,64,Auger-Aliassime F.,12,268,163,105,48,22,115,83,Australian Open,Melbourne,Outdoor,Hard,2022-01-20,4.33,1.22,0
Molcan A.,120,86,45,41,1,6,44,35,Andujar P.,323,404,164,240,12,30,152,210,Australian Open,Melbourne,Outdoor,Hard,2022-01-20,1.53,2.5,0
Tiafoe F.,10,303,158,145,24,23,134,122,Fritz T.,9,356,205,151,26,22,179,129,Australian Open,Melbourne,Outdoor,Hard,2022-01-20,3.0,1.4,0
Rinderknech A.,67,96,46,50,16,12,30,38,Evans D.,30,251,124,127,18,16,106,111,Australian Open,Melbourne,Outdoor,Hard,2022-01-20,3.2,1.36,0
Berankis R.,212,249,104,145,36,31,68,114,Rublev A.,7,392,255,137,57,34,198,103,Australian Open,Melbourne,Outdoor,Hard,2022-01-20,10.0,1.06,0
Machac T.,108,18,6,12,1,1,5,11,Cressy M.,96,96,42,54,10,11,32,43,Australian Open,Melbourne,Outdoor,Hard,2022-01-20,2.3,1.61,0
O Connell C.,74,65,26,39,0,0,26,39,Schwartzman D.,95,428,233,195,32,27,201,168,Australian Open,Melbourne,Outdoor,Hard,2022-01-20,5.0,1.16,1
Cilic M.,100,853,543,310,119,65,424,245,Gombos N.,114,66,21,45,6,14,15,31,Australian Open,Melbourne,Outdoor,Hard,2022-01-20,1.12,6.0,1
Bautista Agut R.,25,379,234,145,31,29,203,116,Kohlschreiber P.,132,812,446,366,76,73,370,293,Australian Open,Melbourne,Outdoor,Hard,2022-01-20,1.14,5.5,1
Karatsev A.,75,136,66,70,10,22,56,48,Mannarino A.,27,567,264,303,60,73,204,230,Australian Open,Melbourne,Outdoor,Hard,2022-01-21,1.25,4.0,0
Nadal R.,2,1223,1017,206,76,40,941,166,Khachanov K.,11,378,217,161,44,38,173,123,Australian Open,Melbourne,Outdoor,Hard,2022-01-21,1.2,4.5,1
Carreno Busta P.,16,352,214,138,33,25,181,113,Korda S.,26,126,75,51,15,9,60,42,Australian Open,Melbourne,Outdoor,Hard,2022-01-21,1.66,2.2,1
Zverev A.,19,500,346,154,60,31,286,123,Albot R.,97,215,86,129,26,26,60,103,Australian Open,Melbourne,Outdoor,Hard,2022-01-21,1.02,17.0,1
Berrettini M.,38,217,142,75,14,11,128,64,Alcaraz C.,1,164,130,34,10,5,120,29,Australian Open,Melbourne,Outdoor,Hard,2022-01-21,2.2,1.66,1
Monfils G.,323,816,510,306,131,65,379,241,Garin C.,101,190,103,87,15,13,88,74,Australian Open,Melbourne,Outdoor,Hard,2022-01-21,1.08,8.0,1
Sonego L.,43,221,107,114,19,17,88,97,Kecmanovic M.,40,210,107,103,12,16,95,87,Australian Open,Melbourne,Outdoor,Hard,2022-01-21,1.5,2.62,0
Shapovalov D.,29,298,166,132,30,27,136,105,Opelka R.,17,168,88,80,17,10,71,70,Australian Open,Melbourne,Outdoor,Hard,2022-01-21,1.8,2.0,1
Daniel T.,111,178,67,111,3,10,64,101,Sinner J.,8,224,153,71,42,19,111,52,Australian Open,Melbourne,Outdoor,Hard,2022-01-22,8.0,1.08,0
De Minaur A.,19,272,161,111,30,19,131,92,Andujar P.,323,404,164,240,12,30,152,210,Australian Open,Melbourne,Outdoor,Hard,2022-01-22,1.06,10.0,1
Evans D.,30,251,124,127,18,16,106,111,Auger-Aliassime F.,12,268,163,105,48,22,115,83,Australian Open,Melbourne,Outdoor,Hard,2022-01-22,2.0,1.8,0
Cilic M.,100,853,543,310,119,65,424,245,Rublev A.,7,392,255,137,57,34,198,103,Australian Open,Melbourne,Outdoor,Hard,2022-01-22,3.5,1.3,1
O Connell C.,74,65,26,39,0,0,26,39,Cressy M.,96,96,42,54,10,11,32,43,Australian Open,Melbourne,Outdoor,Hard,2022-01-22,2.5,1.53,0
Paire B.,149,527,237,290,39,56,198,234,Tsitsipas S.,5,390,264,126,49,32,215,94,Australian Open,Melbourne,Outdoor,Hard,2022-01-22,6.5,1.11,0
Bautista Agut R.,25,379,234,145,31,29,203,116,Fritz T.,9,356,205,151,26,22,179,129,Australian Open,Melbourne,Outdoor,Hard,2022-01-22,1.72,2.1,0
Medvedev D.,3,406,289,117,69,27,220,90,Van De Zandschulp B.,44,117,63,54,11,11,52,43,Australian Open,Melbourne,Outdoor,Hard,2022-01-22,1.03,15.0,1
Mannarino A.,27,567,264,303,60,73,204,230,Nadal R.,2,1223,1017,206,76,40,941,166,Australian Open,Melbourne,Outdoor,Hard,2022-01-23,13.0,1.04,0
Shapovalov D.,29,298,166,132,30,27,136,105,Zverev A.,19,500,346,154,60,31,286,123,Australian Open,Melbourne,Outdoor,Hard,2022-01-23,4.33,1.22,1
Kecmanovic M.,40,210,107,103,12,16,95,87,Monfils G.,323,816,510,306,131,65,379,241,Australian Open,Melbourne,Outdoor,Hard,2022-01-23,4.0,1.25,0
Berrettini M.,38,217,142,75,14,11,128,64,Carreno Busta P.,16,352,214,138,33,25,181,113,Australian Open,Melbourne,Outdoor,Hard,2022-01-23,1.44,2.75,1
Sinner J.,8,224,153,71,42,19,111,52,De Minaur A.,19,272,161,111,30,19,131,92,Australian Open,Melbourne,Outdoor,Hard,2022-01-24,1.4,3.0,1
Fritz T.,9,356,205,151,26,22,179,129,Tsitsipas S.,5,390,264,126,49,32,215,94,Australian Open,Melbourne,Outdoor,Hard,2022-01-24,2.37,1.57,0
Auger-Aliassime F.,12,268,163,105,48,22,115,83,Cilic M.,100,853,543,310,119,65,424,245,Australian Open,Melbourne,Outdoor,Hard,2022-01-24,1.61,2.3,1
Medvedev D.,3,406,289,117,69,27,220,90,Cressy M.,96,96,42,54,10,11,32,43,Australian Open,Melbourne,Outdoor,Hard,2022-01-24,1.03,15.0,1
Nadal R.,2,1223,1017,206,76,40,941,166,Shapovalov D.,29,298,166,132,30,27,136,105,Australian Open,Melbourne,Outdoor,Hard,2022-01-25,1.33,2.62,1
Monfils G.,323,816,510,306,131,65,379,241,Berrettini M.,38,217,142,75,14,11,128,64,Australian Open,Melbourne,Outdoor,Hard,2022-01-25,2.37,1.57,0
Tsitsipas S.,5,390,264,126,49,32,215,94,Sinner J.,8,224,153,71,42,19,111,52,Australian Open,Melbourne,Outdoor,Hard,2022-01-26,2.2,1.66,1
Auger-Aliassime F.,12,268,163,105,48,22,115,83,Medvedev D.,3,406,289,117,69,27,220,90,Australian Open,Melbourne,Outdoor,Hard,2022-01-26,6.0,1.12,0
Nadal R.,2,1223,1017,206,76,40,941,166,Berrettini M.,38,217,142,75,14,11,128,64,Australian Open,Melbourne,Outdoor,Hard,2022-01-28,1.4,3.0,1
Tsitsipas S.,5,390,264,126,49,32,215,94,Medvedev D.,3,406,289,117,69,27,220,90,Australian Open,Melbourne,Outdoor,Hard,2022-01-28,3.2,1.36,0
Nadal R.,2,1223,1017,206,76,40,941,166,Medvedev D.,3,406,289,117,69,27,220,90,Australian Open,Melbourne,Outdoor,Hard,2022-01-30,2.62,1.53,1
Kovalik J.,172,68,24,44,5,8,19,36,Bhambri Y.,862,40,14,26,2,5,12,21,Maharashtra Open,Pune,Outdoor,Hard,2022-01-31,2.62,1.5,0
Albot R.,97,215,86,129,26,26,60,103,Gaio F.,174,18,3,15,0,1,3,14,Maharashtra Open,Pune,Outdoor,Hard,2022-01-31,1.22,4.33,1
Halys Q.,79,72,23,49,3,10,20,39,Berankis R.,212,249,104,145,36,31,68,114,Maharashtra Open,Pune,Outdoor,Hard,2022-01-31,2.3,1.61,1
Gunneswaran P.,228,28,7,21,0,0,7,21,Altmaier D.,51,79,28,51,1,5,27,46,Maharashtra Open,Pune,Outdoor,Hard,2022-01-31,3.2,1.36,0
Griekspoor T.,37,97,47,50,7,14,40,36,Bublik A.,25,219,110,109,39,30,71,79,Open Sud de France,Montpellier,Indoor,Hard,2022-01-31,1.66,2.2,0
Martinez P.,135,118,50,68,7,6,43,62,Monteiro T.,121,171,69,102,9,11,60,91,Cordoba Open,Cordoba,Outdoor,Clay,2022-01-31,1.57,2.37,1
Bagnis F.,135,121,39,82,9,8,30,74,Varillas J.P.,77,22,10,12,1,3,9,9,Cordoba Open,Cordoba,Outdoor,Clay,2022-01-31,2.0,1.8,0
Bonzi B.,107,83,37,46,10,13,27,33,Goffin D.,123,522,296,226,66,52,230,174,Open Sud de France,Montpellier,Indoor,Hard,2022-01-31,2.0,1.8,0
Ymer E.,186,81,24,57,3,11,21,46,Moroni G.M.,181,2,0,2,0,0,0,2,Maharashtra Open,Pune,Outdoor,Hard,2022-02-01,1.5,2.62,1
Gerasimov E.,150,93,43,50,19,19,24,31,Ruusuvuori E.,55,158,79,79,16,18,63,61,Maharashtra Open,Pune,Outdoor,Hard,2022-02-01,2.75,1.44,0
Ilkel C.,382,17,1,16,0,4,1,12,Kopriva V.,159,9,5,4,0,0,5,4,Maharashtra Open,Pune,Outdoor,Hard,2022-02-01,2.2,1.66,0
Travaglia S.,1024,81,27,54,5,12,22,42,Ramanathan R.,435,40,14,26,0,4,14,22,Maharashtra Open,Pune,Outdoor,Hard,2022-02-01,1.61,2.3,1
Vukic A.,62,36,15,21,2,1,13,20,Grenier H.,122,16,5,11,1,2,4,9,Maharashtra Open,Pune,Outdoor,Hard,2022-02-01,1.4,3.0,1
Novak D.,166,58,15,43,6,16,9,27,Zapata Miralles B.,54,80,32,48,1,6,31,42,Maharashtra Open,Pune,Outdoor,Hard,2022-02-01,1.53,2.5,0
Moutet C.,80,118,50,68,5,11,45,57,Ymer M.,59,130,58,72,18,23,40,49,Open Sud de France,Montpellier,Indoor,Hard,2022-02-01,1.61,2.3,0
Gaston H.,109,58,24,34,5,9,19,25,Kwon S.W.,68,108,53,55,12,6,41,49,Open Sud de France,Montpellier,Indoor,Hard,2022-02-01,2.37,1.57,0
Pouille L.,675,259,134,125,35,26,99,99,Simon G.,188,869,491,378,135,94,356,284,Open Sud de France,Montpellier,Indoor,Hard,2022-02-01,2.1,1.72,0
Dzumhur D.,202,234,107,127,31,29,76,98,Molcan A.,120,86,45,41,1,6,44,35,Open Sud de France,Montpellier,Indoor,Hard,2022-02-01,3.0,1.4,1
Zuk K.,172,3,0,3,0,2,0,1,Tsonga J.W.,297,672,444,228,139,62,305,166,Open Sud de France,Montpellier,Indoor,Hard,2022-02-01,1.72,2.1,0
Herbert P.H.,157,202,89,113,31,38,58,75,Gojowczyk P.,108,172,75,97,17,18,58,79,Open Sud de France,Montpellier,Indoor,Hard,2022-02-01,1.53,2.5,1
Popyrin A.,90,140,59,81,9,13,50,68,Krajinovic F.,93,240,115,125,38,34,77,91,Open Sud de France,Montpellier,Indoor,Hard,2022-02-01,2.0,1.8,0
Clarke J.,156,13,2,11,0,0,2,11,Majchrzak K.,121,50,19,31,3,4,16,27,Maharashtra Open,Pune,Outdoor,Hard,2022-02-01,2.62,1.5,0
Kadhe A.,778,4,0,4,0,0,0,4,Sousa J.,147,436,189,247,42,44,147,203,Maharashtra Open,Pune,Outdoor,Hard,2022-02-01,11.0,1.05,0
Taberner C.,181,37,13,24,4,6,9,18,Delbonis F.,131,340,152,188,19,23,133,165,Cordoba Open,Cordoba,Outdoor,Clay,2022-02-01,2.62,1.5,1
Hanfmann Y.,50,99,50,49,5,4,45,45,Londero J.I.,142,83,34,49,3,5,31,44,Cordoba Open,Cordoba,Outdoor,Clay,2022-02-01,1.66,2.2,0
Verdasco F.,244,962,537,425,79,79,458,346,Baez S.,72,95,47,48,6,6,41,42,Cordoba Open,Cordoba,Outdoor,Clay,2022-02-01,4.33,1.22,0
Cerundolo F.,21,104,58,46,3,7,55,39,Tabilo A.,122,44,21,23,5,4,16,19,Cordoba Open,Cordoba,Outdoor,Clay,2022-02-01,1.8,2.0,0
Galan D.E.,76,78,33,45,3,5,30,40,Dellien H.,164,70,22,48,5,5,17,43,Cordoba Open,Cordoba,Outdoor,Clay,2022-02-01,1.8,2.0,1
Ficovich J.P.,230,3,1,2,0,0,1,2,Coria F.,108,99,43,56,2,6,41,50,Cordoba Open,Cordoba,Outdoor,Clay,2022-02-01,2.5,1.53,1
Ramos-Vinolas A.,82,437,204,233,17,31,187,202,Martin A.,723,258,107,151,6,13,101,138,Cordoba Open,Cordoba,Outdoor,Clay,2022-02-01,1.28,3.75,1
Munar J.,104,178,75,103,7,12,68,91,Paire B.,149,527,237,290,39,56,198,234,Cordoba Open,Cordoba,Outdoor,Clay,2022-02-01,1.5,2.62,1
Rune H.,6,131,83,48,28,9,55,39,Carballes Baena R.,64,207,91,116,11,10,80,106,Cordoba Open,Cordoba,Outdoor,Clay,2022-02-01,1.61,2.3,0
Etcheverry T.,34,60,26,34,5,3,21,31,Jarry N.,28,141,73,68,9,6,64,62,Cordoba Open,Cordoba,Outdoor,Clay,2022-02-01,2.1,1.72,1
Bautista Agut R.,25,379,234,145,31,29,203,116,Simon G.,188,869,491,378,135,94,356,284,Open Sud de France,Montpellier,Indoor,Hard,2022-02-02,1.14,5.5,1
Krajinovic F.,93,240,115,125,38,34,77,91,Tsonga J.W.,297,672,444,228,139,62,305,166,Open Sud de France,Montpellier,Indoor,Hard,2022-02-02,1.4,3.0,1
Bublik A.,25,219,110,109,39,30,71,79,Herbert P.H.,157,202,89,113,31,38,58,75,Open Sud de France,Montpellier,Indoor,Hard,2022-02-02,1.5,2.62,1
Davidovich Fokina A.,39,168,84,84,17,20,67,64,Mannarino A.,27,567,264,303,60,73,204,230,Open Sud de France,Montpellier,Indoor,Hard,2022-02-02,1.8,2.0,0
Ivashka I.,113,159,78,81,19,18,59,63,Mcdonald M.,60,190,87,103,11,15,76,88,Open Sud de France,Montpellier,Indoor,Hard,2022-02-02,2.2,1.66,0
Galan D.E.,76,78,33,45,3,5,30,40,Munar J.,104,178,75,103,7,12,68,91,Cordoba Open,Cordoba,Outdoor,Clay,2022-02-02,2.3,1.61,1
Ficovich J.P.,230,3,1,2,0,0,1,2,Schwartzman D.,95,428,233,195,32,27,201,168,Cordoba Open,Cordoba,Outdoor,Clay,2022-02-02,5.5,1.14,0
Milojevic N.,136,14,6,8,1,1,5,7,Etcheverry T.,34,60,26,34,5,3,21,31,Cordoba Open,Cordoba,Outdoor,Clay,2022-02-02,2.62,1.5,1
Halys Q.,79,72,23,49,3,10,20,39,Majchrzak K.,121,50,19,31,3,4,16,27,Maharashtra Open,Pune,Outdoor,Hard,2022-02-02,2.3,1.61,0
Altmaier D.,51,79,28,51,1,5,27,46,Albot R.,97,215,86,129,26,26,60,103,Maharashtra Open,Pune,Outdoor,Hard,2022-02-02,2.0,1.8,1
Sousa J.,147,436,189,247,42,44,147,203,Mager G.,67,59,24,35,3,7,21,28,Maharashtra Open,Pune,Outdoor,Hard,2022-02-02,2.3,1.61,1
Musetti L.,18,143,79,64,12,12,67,52,Vukic A.,62,36,15,21,2,1,13,20,Maharashtra Open,Pune,Outdoor,Hard,2022-02-02,2.37,1.57,1
Gasquet R.,48,948,581,367,133,82,448,285,Humbert U.,36,170,80,90,23,21,57,69,Open Sud de France,Montpellier,Indoor,Hard,2022-02-02,2.75,1.44,1
Martinez P.,135,118,50,68,7,6,43,62,Londero J.I.,142,83,34,49,3,5,31,44,Cordoba Open,Cordoba,Outdoor,Clay,2022-02-02,1.5,2.62,0
Vesely J.,528,288,130,158,6,19,124,139,Zapata Miralles B.,54,80,32,48,1,6,31,42,Maharashtra Open,Pune,Outdoor,Hard,2022-02-03,1.5,2.62,1
Ruusuvuori E.,55,158,79,79,16,18,63,61,Kopriva V.,159,9,5,4,0,0,5,4,Maharashtra Open,Pune,Outdoor,Hard,2022-02-03,1.2,4.5,1
Bhambri Y.,862,40,14,26,2,5,12,21,Travaglia S.,1024,81,27,54,5,12,22,42,Maharashtra Open,Pune,Outdoor,Hard,2022-02-03,3.0,1.4,0
Dzumhur D.,202,234,107,127,31,29,76,98,Basilashvili N.,118,301,138,163,26,34,112,129,Open Sud de France,Montpellier,Indoor,Hard,2022-02-03,2.37,1.57,1
Karatsev A.,75,136,66,70,10,22,56,48,Ymer E.,186,81,24,57,3,11,21,46,Maharashtra Open,Pune,Outdoor,Hard,2022-02-03,1.28,3.75,0
Ymer M.,59,130,58,72,18,23,40,49,Monfils G.,323,816,510,306,131,65,379,241,Open Sud de France,Montpellier,Indoor,Hard,2022-02-03,4.0,1.25,1
Mcdonald M.,60,190,87,103,11,15,76,88,Zverev A.,19,500,346,154,60,31,286,123,Open Sud de France,Montpellier,Indoor,Hard,2022-02-03,5.0,1.16,0
Garin C.,101,190,103,87,15,13,88,74,Baez S.,72,95,47,48,6,6,41,42,Cordoba Open,Cordoba,Outdoor,Clay,2022-02-03,1.8,2.0,0
Kwon S.W.,68,108,53,55,12,6,41,49,Gasquet R.,48,948,581,367,133,82,448,285,Open Sud de France,Montpellier,Indoor,Hard,2022-02-03,1.44,2.75,0
Goffin D.,123,522,296,226,66,52,230,174,Mannarino A.,27,567,264,303,60,73,204,230,Open Sud de France,Montpellier,Indoor,Hard,2022-02-03,2.3,1.61,0
Varillas J.P.,77,22,10,12,1,3,9,9,Ramos-Vinolas A.,82,437,204,233,17,31,187,202,Cordoba Open,Cordoba,Outdoor,Clay,2022-02-03,2.3,1.61,0
Carballes Baena R.,64,207,91,116,11,10,80,106,Sonego L.,43,221,107,114,19,17,88,97,Cordoba Open,Cordoba,Outdoor,Clay,2022-02-03,2.37,1.57,0
Galan D.E.,76,78,33,45,3,5,30,40,Schwartzman D.,95,428,233,195,32,27,201,168,Cordoba Open,Cordoba,Outdoor,Clay,2022-02-04,4.5,1.2,0
Londero J.I.,142,83,34,49,3,5,31,44,Milojevic N.,136,14,6,8,1,1,5,7,Cordoba Open,Cordoba,Outdoor,Clay,2022-02-04,1.36,3.2,1
Ramos-Vinolas A.,82,437,204,233,17,31,187,202,Sonego L.,43,221,107,114,19,17,88,97,Cordoba Open,Cordoba,Outdoor,Clay,2022-02-04,2.3,1.61,1
Taberner C.,181,37,13,24,4,6,9,18,Tabilo A.,122,44,21,23,5,4,16,19,Cordoba Open,Cordoba,Outdoor,Clay,2022-02-04,2.1,1.72,0
Musetti L.,18,143,79,64,12,12,67,52,Majchrzak K.,121,50,19,31,3,4,16,27,Maharashtra Open,Pune,Outdoor,Hard,2022-02-04,2.3,1.61,0
Zverev A.,19,500,346,154,60,31,286,123,Mannarino A.,27,567,264,303,60,73,204,230,Open Sud de France,Montpellier,Indoor,Hard,2022-02-04,1.2,4.5,1
Vesely J.,528,288,130,158,6,19,124,139,Ruusuvuori E.,55,158,79,79,16,18,63,61,Maharashtra Open,Pune,Outdoor,Hard,2022-02-04,3.0,1.4,0
Dzumhur D.,202,234,107,127,31,29,76,98,Krajinovic F.,93,240,115,125,38,34,77,91,Open Sud de France,Montpellier,Indoor,Hard,2022-02-04,3.0,1.4,0
Sousa J.,147,436,189,247,42,44,147,203,Altmaier D.,51,79,28,51,1,5,27,46,Maharashtra Open,Pune,Outdoor,Hard,2022-02-04,2.62,1.5,1
Ymer E.,186,81,24,57,3,11,21,46,Travaglia S.,1024,81,27,54,5,12,22,42,Maharashtra Open,Pune,Outdoor,Hard,2022-02-04,1.8,2.0,1
Ymer M.,59,130,58,72,18,23,40,49,Gasquet R.,48,948,581,367,133,82,448,285,Open Sud de France,Montpellier,Indoor,Hard,2022-02-04,1.66,2.2,1
Bautista Agut R.,25,379,234,145,31,29,203,116,Bublik A.,25,219,110,109,39,30,71,79,Open Sud de France,Montpellier,Indoor,Hard,2022-02-04,1.44,2.75,0
Ruusuvuori E.,55,158,79,79,16,18,63,61,Majchrzak K.,121,50,19,31,3,4,16,27,Maharashtra Open,Pune,Outdoor,Hard,2022-02-05,1.36,3.2,1
Sousa J.,147,436,189,247,42,44,147,203,Ymer E.,186,81,24,57,3,11,21,46,Maharashtra Open,Pune,Outdoor,Hard,2022-02-05,2.0,1.8,1
Tabilo A.,122,44,21,23,5,4,16,19,Baez S.,72,95,47,48,6,6,41,42,Cordoba Open,Cordoba,Outdoor,Clay,2022-02-05,2.75,1.44,1
Tabilo A.,122,44,21,23,5,4,16,19,Schwartzman D.,95,428,233,195,32,27,201,168,Cordoba Open,Cordoba,Outdoor,Clay,2022-02-05,3.2,1.36,1
Londero J.I.,142,83,34,49,3,5,31,44,Ramos-Vinolas A.,82,437,204,233,17,31,187,202,Cordoba Open,Cordoba,Outdoor,Clay,2022-02-05,2.37,1.57,0
Zverev A.,19,500,346,154,60,31,286,123,Ymer M.,59,130,58,72,18,23,40,49,Open Sud de France,Montpellier,Indoor,Hard,2022-02-05,1.12,6.0,1
Bublik A.,25,219,110,109,39,30,71,79,Krajinovic F.,93,240,115,125,38,34,77,91,Open Sud de France,Montpellier,Indoor,Hard,2022-02-05,1.8,2.0,1
Bublik A.,25,219,110,109,39,30,71,79,Zverev A.,19,500,346,154,60,31,286,123,Open Sud de France,Montpellier,Indoor,Hard,2022-02-06,5.5,1.14,1
Ramos-Vinolas A.,82,437,204,233,17,31,187,202,Tabilo A.,122,44,21,23,5,4,16,19,Cordoba Open,Cordoba,Outdoor,Clay,2022-02-06,1.72,2.0,1
Ruusuvuori E.,55,158,79,79,16,18,63,61,Sousa J.,147,436,189,247,42,44,147,203,Maharashtra Open,Pune,Outdoor,Hard,2022-02-06,1.16,5.0,0
Mcdonald M.,60,190,87,103,11,15,76,88,Basilashvili N.,118,301,138,163,26,34,112,129,ABN AMRO World Tennis Tournament,Rotterdam,Indoor,Hard,2022-02-07,1.61,2.3,1
De Minaur A.,19,272,161,111,30,19,131,92,Goffin D.,123,522,296,226,66,52,230,174,ABN AMRO World Tennis Tournament,Rotterdam,Indoor,Hard,2022-02-07,1.33,3.4,1
Tsonga J.W.,297,672,444,228,139,62,305,166,Hurkacz H.,17,238,137,101,27,24,110,77,ABN AMRO World Tennis Tournament,Rotterdam,Indoor,Hard,2022-02-07,4.5,1.2,0
Norrie C.,13,287,172,115,15,18,157,97,Humbert U.,36,170,80,90,23,21,57,69,ABN AMRO World Tennis Tournament,Rotterdam,Indoor,Hard,2022-02-07,1.72,2.1,1
Anderson K.,652,598,347,251,48,38,299,213,Querrey S.,287,678,369,309,48,39,321,270,Dallas Open,Dallas,Indoor,Hard,2022-02-07,1.44,2.75,1
Djere L.,38,243,120,123,10,22,110,101,Kecmanovic M.,40,210,107,103,12,16,95,87,Argentina Open,Buenos Aires,Outdoor,Clay,2022-02-07,1.9,1.9,0
Cerundolo F.,21,104,58,46,3,7,55,39,Bagnis F.,135,121,39,82,9,8,30,74,Argentina Open,Buenos Aires,Outdoor,Clay,2022-02-07,1.66,2.2,1
Verdasco F.,244,962,537,425,79,79,458,346,Dellien H.,164,70,22,48,5,5,17,43,Argentina Open,Buenos Aires,Outdoor,Clay,2022-02-07,3.0,1.4,1
Coria F.,108,99,43,56,2,6,41,50,Cuevas P.,149,421,210,211,34,25,176,186,Argentina Open,Buenos Aires,Outdoor,Clay,2022-02-07,1.4,3.0,1
Lajovic D.,66,378,163,215,21,36,142,179,Paire B.,149,527,237,290,39,56,198,234,Argentina Open,Buenos Aires,Outdoor,Clay,2022-02-07,1.61,2.3,1
Thompson J.,71,221,96,125,10,10,86,115,Lopez F.,634,863,441,422,71,82,370,340,Dallas Open,Dallas,Indoor,Hard,2022-02-08,1.33,3.4,1
Sandgren T.,153,121,47,74,2,9,45,65,Giron M.,69,150,68,82,20,14,48,68,Dallas Open,Dallas,Indoor,Hard,2022-02-08,2.5,1.53,0
Broady L.,125,47,18,29,5,3,13,26,Gojowczyk P.,108,172,75,97,17,18,58,79,Dallas Open,Dallas,Indoor,Hard,2022-02-08,1.5,2.62,1
Rodionov J.,118,26,9,17,2,3,7,14,Cressy M.,96,96,42,54,10,11,32,43,Dallas Open,Dallas,Indoor,Hard,2022-02-08,4.0,1.25,1
Kudla D.,137,198,70,128,5,14,65,114,Stebe C.M.,231,76,28,48,4,7,24,41,Dallas Open,Dallas,Indoor,Hard,2022-02-08,2.0,1.8,0
Sock J.,166,324,177,147,38,24,139,123,Otte O.,233,78,33,45,6,14,27,31,Dallas Open,Dallas,Indoor,Hard,2022-02-08,2.3,1.61,1
Tsitsipas S.,5,390,264,126,49,32,215,94,Davidovich Fokina A.,39,168,84,84,17,20,67,64,ABN AMRO World Tennis Tournament,Rotterdam,Indoor,Hard,2022-02-08,1.2,4.5,1
Popyrin A.,90,140,59,81,9,13,50,68,Khachanov K.,11,378,217,161,44,38,173,123,ABN AMRO World Tennis Tournament,Rotterdam,Indoor,Hard,2022-02-08,3.4,1.33,0
Laaksonen H.,125,101,37,64,7,16,30,48,Rublev A.,7,392,255,137,57,34,198,103,ABN AMRO World Tennis Tournament,Rotterdam,Indoor,Hard,2022-02-08,6.0,1.12,0
Millman J.,140,256,113,143,21,22,92,121,Nakashima B.,70,106,57,49,6,5,51,44,Dallas Open,Dallas,Indoor,Hard,2022-02-08,3.0,1.4,0
Shapovalov D.,29,298,166,132,30,27,136,105,Lehecka J.,33,61,30,31,4,4,26,27,ABN AMRO World Tennis Tournament,Rotterdam,Indoor,Hard,2022-02-08,1.16,5.0,0
Musetti L.,18,143,79,64,12,12,67,52,Ymer M.,59,130,58,72,18,23,40,49,ABN AMRO World Tennis Tournament,Rotterdam,Indoor,Hard,2022-02-08,2.62,1.5,1
Griekspoor T.,37,97,47,50,7,14,40,36,Karatsev A.,75,136,66,70,10,22,56,48,ABN AMRO World Tennis Tournament,Rotterdam,Indoor,Hard,2022-02-08,2.3,1.61,1
Zapata Miralles B.,54,80,32,48,1,6,31,42,Van De Zandschulp B.,44,117,63,54,11,11,52,43,ABN AMRO World Tennis Tournament,Rotterdam,Indoor,Hard,2022-02-08,4.33,1.22,0
Rune H.,6,131,83,48,28,9,55,39,Baez S.,72,95,47,48,6,6,41,42,Argentina Open,Buenos Aires,Outdoor,Clay,2022-02-08,2.5,1.53,0
Tabilo A.,122,44,21,23,5,4,16,19,Martinez P.,135,118,50,68,7,6,43,62,Argentina Open,Buenos Aires,Outdoor,Clay,2022-02-08,2.3,1.61,0
Etcheverry T.,34,60,26,34,5,3,21,31,Munar J.,104,178,75,103,7,12,68,91,Argentina Open,Buenos Aires,Outdoor,Clay,2022-02-08,2.1,1.72,0
Londero J.I.,142,83,34,49,3,5,31,44,Andujar P.,323,404,164,240,12,30,152,210,Argentina Open,Buenos Aires,Outdoor,Clay,2022-02-08,1.9,1.9,0
Jarry N.,28,141,73,68,9,6,64,62,Carballes Baena R.,64,207,91,116,11,10,80,106,Argentina Open,Buenos Aires,Outdoor,Clay,2022-02-08,2.0,1.8,0
Del Potro J.M.,753,581,411,170,90,38,321,132,Delbonis F.,131,340,152,188,19,23,133,165,Argentina Open,Buenos Aires,Outdoor,Clay,2022-02-08,2.62,1.5,0
Monteiro T.,121,171,69,102,9,11,60,91,Ramos-Vinolas A.,82,437,204,233,17,31,187,202,Argentina Open,Buenos Aires,Outdoor,Clay,2022-02-08,2.0,1.8,1
Auger-Aliassime F.,12,268,163,105,48,22,115,83,Gerasimov E.,150,93,43,50,19,19,24,31,ABN AMRO World Tennis Tournament,Rotterdam,Indoor,Hard,2022-02-09,1.22,4.33,1
Khachanov K.,11,378,217,161,44,38,173,123,Norrie C.,13,287,172,115,15,18,157,97,ABN AMRO World Tennis Tournament,Rotterdam,Indoor,Hard,2022-02-09,1.9,1.9,0
Krajinovic F.,93,240,115,125,38,34,77,91,Fucsovics M.,67,249,121,128,26,24,95,104,ABN AMRO World Tennis Tournament,Rotterdam,Indoor,Hard,2022-02-09,1.72,2.1,0
Ivashka I.,113,159,78,81,19,18,59,63,Harris L.,186,129,59,70,7,8,52,62,ABN AMRO World Tennis Tournament,Rotterdam,Indoor,Hard,2022-02-09,2.1,1.72,1
Hurkacz H.,17,238,137,101,27,24,110,77,Musetti L.,18,143,79,64,12,12,67,52,ABN AMRO World Tennis Tournament,Rotterdam,Indoor,Hard,2022-02-09,1.28,3.75,0
Carballes Baena R.,64,207,91,116,11,10,80,106,Ruud C.,4,275,176,99,19,16,157,83,Argentina Open,Buenos Aires,Outdoor,Clay,2022-02-09,5.0,1.16,0
Kwon S.W.,68,108,53,55,12,6,41,49,Gaston H.,109,58,24,34,5,9,19,25,ABN AMRO World Tennis Tournament,Rotterdam,Indoor,Hard,2022-02-09,1.36,3.2,1
Broady L.,125,47,18,29,5,3,13,26,Giron M.,69,150,68,82,20,14,48,68,Dallas Open,Dallas,Indoor,Hard,2022-02-09,2.2,1.66,0
Thompson J.,71,221,96,125,10,10,86,115,Nakashima B.,70,106,57,49,6,5,51,44,Dallas Open,Dallas,Indoor,Hard,2022-02-09,3.4,1.33,1
Mcdonald M.,60,190,87,103,11,15,76,88,De Minaur A.,19,272,161,111,30,19,131,92,ABN AMRO World Tennis Tournament,Rotterdam,Indoor,Hard,2022-02-09,3.0,1.4,0
Krueger M.,228,24,7,17,0,1,7,16,Nishioka Y.,31,215,99,116,15,15,84,101,Dallas Open,Dallas,Indoor,Hard,2022-02-09,2.37,1.57,0
Chakravarthi C.,0,1,0,1,0,1,0,0,Pospisil V.,99,280,122,158,39,34,83,124,Dallas Open,Dallas,Indoor,Hard,2022-02-09,17.0,1.02,0
Verdasco F.,244,962,537,425,79,79,458,346,Monteiro T.,121,171,69,102,9,11,60,91,Argentina Open,Buenos Aires,Outdoor,Clay,2022-02-09,3.0,1.4,1
Lajovic D.,66,378,163,215,21,36,142,179,Coria F.,108,99,43,56,2,6,41,50,Argentina Open,Buenos Aires,Outdoor,Clay,2022-02-09,2.0,1.8,0
Murray A.,44,932,687,245,132,47,555,198,Bublik A.,25,219,110,109,39,30,71,79,ABN AMRO World Tennis Tournament,Rotterdam,Indoor,Hard,2022-02-09,1.66,2.2,1
Altmaier D.,51,79,28,51,1,5,27,46,Seppi A.,141,758,363,395,74,85,289,310,Dallas Open,Dallas,Indoor,Hard,2022-02-09,1.8,2.0,0
Johnson S.,197,395,196,199,16,23,180,176,Mannarino A.,27,567,264,303,60,73,204,230,Dallas Open,Dallas,Indoor,Hard,2022-02-09,2.1,1.72,0
Sonego L.,43,221,107,114,19,17,88,97,Baez S.,72,95,47,48,6,6,41,42,Argentina Open,Buenos Aires,Outdoor,Clay,2022-02-10,1.9,1.9,1
Tsitsipas S.,5,390,264,126,49,32,215,94,Ivashka I.,113,159,78,81,19,18,59,63,ABN AMRO World Tennis Tournament,Rotterdam,Indoor,Hard,2022-02-10,1.25,4.0,1
Auger-Aliassime F.,12,268,163,105,48,22,115,83,Murray A.,44,932,687,245,132,47,555,198,ABN AMRO World Tennis Tournament,Rotterdam,Indoor,Hard,2022-02-10,1.4,3.0,1
Kwon S.W.,68,108,53,55,12,6,41,49,Rublev A.,7,392,255,137,57,34,198,103,ABN AMRO World Tennis Tournament,Rotterdam,Indoor,Hard,2022-02-10,4.33,1.22,0
Lehecka J.,33,61,30,31,4,4,26,27,Van De Zandschulp B.,44,117,63,54,11,11,52,43,ABN AMRO World Tennis Tournament,Rotterdam,Indoor,Hard,2022-02-10,3.0,1.4,1
Brooksby J.,39,79,46,33,6,5,40,28,Seppi A.,141,758,363,395,74,85,289,310,Dallas Open,Dallas,Indoor,Hard,2022-02-10,1.2,4.5,1
Pospisil V.,99,280,122,158,39,34,83,124,Rodionov J.,118,26,9,17,2,3,7,14,Dallas Open,Dallas,Indoor,Hard,2022-02-10,1.4,3.0,1
Anderson K.,652,598,347,251,48,38,299,213,Isner J.,114,755,465,290,53,45,412,245,Dallas Open,Dallas,Indoor,Hard,2022-02-10,2.1,1.72,0
Martinez P.,135,118,50,68,7,6,43,62,Fognini F.,128,742,383,359,39,48,344,311,Argentina Open,Buenos Aires,Outdoor,Clay,2022-02-10,1.5,2.62,0
Delbonis F.,131,340,152,188,19,23,133,165,Andujar P.,323,404,164,240,12,30,152,210,Argentina Open,Buenos Aires,Outdoor,Clay,2022-02-10,2.0,1.8,1
Kecmanovic M.,40,210,107,103,12,16,95,87,Cerundolo F.,21,104,58,46,3,7,55,39,Argentina Open,Buenos Aires,Outdoor,Clay,2022-02-10,1.8,2.0,0
Griekspoor T.,37,97,47,50,7,14,40,36,Fucsovics M.,67,249,121,128,26,24,95,104,ABN AMRO World Tennis Tournament,Rotterdam,Indoor,Hard,2022-02-10,1.8,2.0,0
Sock J.,166,324,177,147,38,24,139,123,Fritz T.,9,356,205,151,26,22,179,129,Dallas Open,Dallas,Indoor,Hard,2022-02-10,3.5,1.3,0
Fucsovics M.,67,249,121,128,26,24,95,104,Rublev A.,7,392,255,137,57,34,198,103,ABN AMRO World Tennis Tournament,Rotterdam,Indoor,Hard,2022-02-11,4.0,1.25,0
Fritz T.,9,356,205,151,26,22,179,129,Giron M.,69,150,68,82,20,14,48,68,Dallas Open,Dallas,Indoor,Hard,2022-02-11,1.22,4.33,0
Brooksby J.,39,79,46,33,6,5,40,28,Thompson J.,71,221,96,125,10,10,86,115,Dallas Open,Dallas,Indoor,Hard,2022-02-11,1.36,3.2,1
Nishioka Y.,31,215,99,116,15,15,84,101,Mannarino A.,27,567,264,303,60,73,204,230,Dallas Open,Dallas,Indoor,Hard,2022-02-11,2.5,1.53,0
Stebe C.M.,231,76,28,48,4,7,24,41,Opelka R.,17,168,88,80,17,10,71,70,Dallas Open,Dallas,Indoor,Hard,2022-02-11,4.0,1.25,0
Munar J.,104,178,75,103,7,12,68,91,Schwartzman D.,95,428,233,195,32,27,201,168,Argentina Open,Buenos Aires,Outdoor,Clay,2022-02-11,3.5,1.3,0
Fognini F.,128,742,383,359,39,48,344,311,Delbonis F.,131,340,152,188,19,23,133,165,Argentina Open,Buenos Aires,Outdoor,Clay,2022-02-11,1.9,1.9,0
Ruud C.,4,275,176,99,19,16,157,83,Coria F.,108,99,43,56,2,6,41,50,Argentina Open,Buenos Aires,Outdoor,Clay,2022-02-11,1.2,4.5,1
Sonego L.,43,221,107,114,19,17,88,97,Verdasco F.,244,962,537,425,79,79,458,346,Argentina Open,Buenos Aires,Outdoor,Clay,2022-02-11,1.28,3.75,1
Norrie C.,13,287,172,115,15,18,157,97,Auger-Aliassime F.,12,268,163,105,48,22,115,83,ABN AMRO World Tennis Tournament,Rotterdam,Indoor,Hard,2022-02-11,2.62,1.5,0
Lehecka J.,33,61,30,31,4,4,26,27,Musetti L.,18,143,79,64,12,12,67,52,ABN AMRO World Tennis Tournament,Rotterdam,Indoor,Hard,2022-02-11,2.1,1.72,1
Tsitsipas S.,5,390,264,126,49,32,215,94,De Minaur A.,19,272,161,111,30,19,131,92,ABN AMRO World Tennis Tournament,Rotterdam,Indoor,Hard,2022-02-11,1.28,3.75,1
Tsitsipas S.,5,390,264,126,49,32,215,94,Lehecka J.,33,61,30,31,4,4,26,27,ABN AMRO World Tennis Tournament,Rotterdam,Indoor,Hard,2022-02-12,1.12,6.0,1
Rublev A.,7,392,255,137,57,34,198,103,Auger-Aliassime F.,12,268,163,105,48,22,115,83,ABN AMRO World Tennis Tournament,Rotterdam,Indoor,Hard,2022-02-12,1.72,2.1,0
Schwartzman D.,95,428,233,195,32,27,201,168,Sonego L.,43,221,107,114,19,17,88,97,Argentina Open,Buenos Aires,Outdoor,Clay,2022-02-12,1.53,2.5,1
Isner J.,114,755,465,290,53,45,412,245,Opelka R.,17,168,88,80,17,10,71,70,Dallas Open,Dallas,Indoor,Hard,2022-02-12,2.2,1.66,0
Mannarino A.,27,567,264,303,60,73,204,230,Opelka R.,17,168,88,80,17,10,71,70,Dallas Open,Dallas,Indoor,Hard,2022-02-12,2.3,1.61,0
Isner J.,114,755,465,290,53,45,412,245,Pospisil V.,99,280,122,158,39,34,83,124,Dallas Open,Dallas,Indoor,Hard,2022-02-12,1.61,2.3,1
Delbonis F.,131,340,152,188,19,23,133,165,Ruud C.,4,275,176,99,19,16,157,83,Argentina Open,Buenos Aires,Outdoor,Clay,2022-02-12,5.0,1.16,0
Schwartzman D.,95,428,233,195,32,27,201,168,Cerundolo F.,21,104,58,46,3,7,55,39,Argentina Open,Buenos Aires,Outdoor,Clay,2022-02-12,1.3,3.5,1
Brooksby J.,39,79,46,33,6,5,40,28,Giron M.,69,150,68,82,20,14,48,68,Dallas Open,Dallas,Indoor,Hard,2022-02-13,1.44,2.75,1
Schwartzman D.,95,428,233,195,32,27,201,168,Ruud C.,4,275,176,99,19,16,157,83,Argentina Open,Buenos Aires,Outdoor,Clay,2022-02-13,2.75,1.44,0
Opelka R.,17,168,88,80,17,10,71,70,Brooksby J.,39,79,46,33,6,5,40,28,Dallas Open,Dallas,Indoor,Hard,2022-02-13,1.8,2.0,1
Auger-Aliassime F.,12,268,163,105,48,22,115,83,Tsitsipas S.,5,390,264,126,49,32,215,94,ABN AMRO World Tennis Tournament,Rotterdam,Indoor,Hard,2022-02-13,2.0,1.8,1
Gombos N.,114,66,21,45,6,14,15,31,Ivashka I.,113,159,78,81,19,18,59,63,Open 13,Marseille,Indoor,Hard,2022-02-14,3.75,1.28,0
Gasquet R.,48,948,581,367,133,82,448,285,Ymer M.,59,130,58,72,18,23,40,49,Open 13,Marseille,Indoor,Hard,2022-02-14,2.2,1.66,1
Laaksonen H.,125,101,37,64,7,16,30,48,Travaglia S.,1024,81,27,54,5,12,22,42,Open 13,Marseille,Indoor,Hard,2022-02-14,1.61,2.3,0
Mcdonald M.,60,190,87,103,11,15,76,88,Khachanov K.,11,378,217,161,44,38,173,123,Qatar Exxon Mobil Open,Doha,Outdoor,Hard,2022-02-14,2.62,1.5,0
Kwon S.W.,68,108,53,55,12,6,41,49,Eubanks C.,29,64,28,36,1,3,27,33,Qatar Exxon Mobil Open,Doha,Outdoor,Hard,2022-02-14,1.4,3.0,1
Fabbiano T.,192,89,27,62,2,10,25,52,Van De Zandschulp B.,44,117,63,54,11,11,52,43,Qatar Exxon Mobil Open,Doha,Outdoor,Hard,2022-02-14,5.0,1.16,0
Shang J.,149,12,4,8,0,0,4,8,Martinez P.,135,118,50,68,7,6,43,62,Rio Open,Rio de Janeiro,Outdoor,Clay,2022-02-14,7.0,1.1,0
Evans D.,30,251,124,127,18,16,106,111,Gerasimov E.,150,93,43,50,19,19,24,31,Qatar Exxon Mobil Open,Doha,Outdoor,Hard,2022-02-14,1.44,2.75,1
O Connell C.,74,65,26,39,0,0,26,39,Molcan A.,120,86,45,41,1,6,44,35,Qatar Exxon Mobil Open,Doha,Outdoor,Hard,2022-02-14,1.66,2.2,0
Alcaraz C.,1,164,130,34,10,5,120,29,Munar J.,104,178,75,103,7,12,68,91,Rio Open,Rio de Janeiro,Outdoor,Clay,2022-02-14,1.28,3.75,1
Cuevas P.,149,421,210,211,34,25,176,186,Andujar P.,323,404,164,240,12,30,152,210,Rio Open,Rio de Janeiro,Outdoor,Clay,2022-02-14,2.75,1.44,0
Nishioka Y.,31,215,99,116,15,15,84,101,Otte O.,233,78,33,45,6,14,27,31,Delray Beach Open,Delray Beach,Outdoor,Hard,2022-02-14,1.8,2.0,0
Cressy M.,96,96,42,54,10,11,32,43,Millman J.,140,256,113,143,21,22,92,121,Delray Beach Open,Delray Beach,Outdoor,Hard,2022-02-14,1.5,2.62,0
Seppi A.,141,758,363,395,74,85,289,310,Gojowczyk P.,108,172,75,97,17,18,58,79,Delray Beach Open,Delray Beach,Outdoor,Hard,2022-02-14,1.53,2.5,1
Nakashima B.,70,106,57,49,6,5,51,44,Kudla D.,137,198,70,128,5,14,65,114,Delray Beach Open,Delray Beach,Outdoor,Hard,2022-02-14,1.25,4.0,1
Garin C.,101,190,103,87,15,13,88,74,Coria F.,108,99,43,56,2,6,41,50,Rio Open,Rio de Janeiro,Outdoor,Clay,2022-02-15,1.53,2.5,0
Djere L.,38,243,120,123,10,22,110,101,Sonego L.,43,221,107,114,19,17,88,97,Rio Open,Rio de Janeiro,Outdoor,Clay,2022-02-15,2.5,1.53,0
Fucsovics M.,67,249,121,128,26,24,95,104,Harris L.,186,129,59,70,7,8,52,62,Qatar Exxon Mobil Open,Doha,Outdoor,Hard,2022-02-15,1.72,2.1,1
Murray A.,44,932,687,245,132,47,555,198,Daniel T.,111,178,67,111,3,10,64,101,Qatar Exxon Mobil Open,Doha,Outdoor,Hard,2022-02-15,1.36,3.2,1
Goffin D.,123,522,296,226,66,52,230,174,Ruusuvuori E.,55,158,79,79,16,18,63,61,Qatar Exxon Mobil Open,Doha,Outdoor,Hard,2022-02-15,3.75,1.28,0
Baez S.,72,95,47,48,6,6,41,42,Monteiro T.,121,171,69,102,9,11,60,91,Rio Open,Rio de Janeiro,Outdoor,Clay,2022-02-15,1.66,2.2,0
Meligeni Rodrigues F,224,2,0,2,0,0,0,2,Kecmanovic M.,40,210,107,103,12,16,95,87,Rio Open,Rio de Janeiro,Outdoor,Clay,2022-02-15,4.5,1.2,0
Bagnis F.,135,121,39,82,9,8,30,74,Fognini F.,128,742,383,359,39,48,344,311,Rio Open,Rio de Janeiro,Outdoor,Clay,2022-02-15,2.5,1.53,0
Safiullin R.,92,42,20,22,7,7,13,15,Popyrin A.,90,140,59,81,9,13,50,68,Open 13,Marseille,Indoor,Hard,2022-02-15,2.2,1.66,1
Rune H.,6,131,83,48,28,9,55,39,Bergs Z.,175,15,4,11,1,5,3,6,Open 13,Marseille,Indoor,Hard,2022-02-15,1.5,2.62,1
Dzumhur D.,202,234,107,127,31,29,76,98,Machac T.,108,18,6,12,1,1,5,11,Open 13,Marseille,Indoor,Hard,2022-02-15,2.5,1.53,0
Herbert P.H.,157,202,89,113,31,38,58,75,Kukushkin M.,221,352,141,211,50,49,91,162,Open 13,Marseille,Indoor,Hard,2022-02-15,1.5,2.62,1
Simon G.,188,869,491,378,135,94,356,284,Tsonga J.W.,297,672,444,228,139,62,305,166,Open 13,Marseille,Indoor,Hard,2022-02-15,2.3,1.61,0
Albot R.,97,215,86,129,26,26,60,103,Novak D.,166,58,15,43,6,16,9,27,Open 13,Marseille,Indoor,Hard,2022-02-15,1.66,2.2,1
Gaston H.,109,58,24,34,5,9,19,25,Moutet C.,80,118,50,68,5,11,45,57,Open 13,Marseille,Indoor,Hard,2022-02-15,3.0,1.4,1
Lajovic D.,66,378,163,215,21,36,142,179,Verdasco F.,244,962,537,425,79,79,458,346,Rio Open,Rio de Janeiro,Outdoor,Clay,2022-02-15,1.66,2.2,0
Davidovich Fokina A.,39,168,84,84,17,20,67,64,Jaziri M.,444,217,83,134,8,20,75,114,Qatar Exxon Mobil Open,Doha,Outdoor,Hard,2022-02-15,1.04,13.0,1
Londero J.I.,142,83,34,49,3,5,31,44,Ramos-Vinolas A.,82,437,204,233,17,31,187,202,Rio Open,Rio de Janeiro,Outdoor,Clay,2022-02-15,2.3,1.61,0
Rinderknech A.,67,96,46,50,16,12,30,38,Vesely J.,528,288,130,158,6,19,124,139,Qatar Exxon Mobil Open,Doha,Outdoor,Hard,2022-02-15,1.5,2.62,1
Galan D.E.,76,78,33,45,3,5,30,40,Delbonis F.,131,340,152,188,19,23,133,165,Rio Open,Rio de Janeiro,Outdoor,Clay,2022-02-15,2.2,1.66,0
Ymer E.,186,81,24,57,3,11,21,46,Sousa J.,147,436,189,247,42,44,147,203,Qatar Exxon Mobil Open,Doha,Outdoor,Hard,2022-02-15,,,1
Bublik A.,25,219,110,109,39,30,71,79,Kovalik J.,172,68,24,44,5,8,19,36,Qatar Exxon Mobil Open,Doha,Outdoor,Hard,2022-02-15,1.14,5.5,1
Johnson S.,197,395,196,199,16,23,180,176,Anderson K.,652,598,347,251,48,38,299,213,Delray Beach Open,Delray Beach,Outdoor,Hard,2022-02-15,2.3,1.61,1
Mannarino A.,27,567,264,303,60,73,204,230,Broady L.,125,47,18,29,5,3,13,26,Delray Beach Open,Delray Beach,Outdoor,Hard,2022-02-15,1.53,2.5,1
Thompson J.,71,221,96,125,10,10,86,115,Krueger M.,228,24,7,17,0,1,7,16,Delray Beach Open,Delray Beach,Outdoor,Hard,2022-02-15,1.53,2.5,0
Istomin D.,267,440,194,246,44,51,150,195,Querrey S.,287,678,369,309,48,39,321,270,Delray Beach Open,Delray Beach,Outdoor,Hard,2022-02-15,2.37,1.57,1
Sandgren T.,153,121,47,74,2,9,45,65,Giron M.,69,150,68,82,20,14,48,68,Delray Beach Open,Delray Beach,Outdoor,Hard,2022-02-15,3.0,1.4,0
Gomez E.,155,26,7,19,2,2,5,17,Kozlov S.,108,35,9,26,0,2,9,24,Delray Beach Open,Delray Beach,Outdoor,Hard,2022-02-15,2.2,1.66,0
Kokkinakis T.,86,124,55,69,0,4,55,65,Korda S.,26,126,75,51,15,9,60,42,Delray Beach Open,Delray Beach,Outdoor,Hard,2022-02-15,2.5,1.53,0
Evans D.,30,251,124,127,18,16,106,111,Davidovich Fokina A.,39,168,84,84,17,20,67,64,Qatar Exxon Mobil Open,Doha,Outdoor,Hard,2022-02-16,1.57,2.37,0
Karatsev A.,75,136,66,70,10,22,56,48,Rune H.,6,131,83,48,28,9,55,39,Open 13,Marseille,Indoor,Hard,2022-02-16,1.44,2.75,1
Griekspoor T.,37,97,47,50,7,14,40,36,Pouille L.,675,259,134,125,35,26,99,99,Open 13,Marseille,Indoor,Hard,2022-02-16,1.28,3.75,0
Bonzi B.,107,83,37,46,10,13,27,33,Majchrzak K.,121,50,19,31,3,4,16,27,Open 13,Marseille,Indoor,Hard,2022-02-16,1.9,1.9,1
Paul T.,14,204,111,93,19,13,92,80,Istomin D.,267,440,194,246,44,51,150,195,Delray Beach Open,Delray Beach,Outdoor,Hard,2022-02-16,1.14,5.5,1
Johnson S.,197,395,196,199,16,23,180,176,Kozlov S.,108,35,9,26,0,2,9,24,Delray Beach Open,Delray Beach,Outdoor,Hard,2022-02-16,1.57,2.37,0
Sock J.,166,324,177,147,38,24,139,123,Altmaier D.,51,79,28,51,1,5,27,46,Delray Beach Open,Delray Beach,Outdoor,Hard,2022-02-16,1.72,2.1,1
Rublev A.,7,392,255,137,57,34,198,103,Gasquet R.,48,948,581,367,133,82,448,285,Open 13,Marseille,Indoor,Hard,2022-02-16,1.12,6.0,1
Kwon S.W.,68,108,53,55,12,6,41,49,Fucsovics M.,67,249,121,128,26,24,95,104,Qatar Exxon Mobil Open,Doha,Outdoor,Hard,2022-02-16,2.3,1.61,0
Bublik A.,25,219,110,109,39,30,71,79,Rinderknech A.,67,96,46,50,16,12,30,38,Qatar Exxon Mobil Open,Doha,Outdoor,Hard,2022-02-16,1.61,2.3,0
Cilic M.,100,853,543,310,119,65,424,245,Van De Zandschulp B.,44,117,63,54,11,11,52,43,Qatar Exxon Mobil Open,Doha,Outdoor,Hard,2022-02-16,1.66,2.2,1
Ymer E.,186,81,24,57,3,11,21,46,Basilashvili N.,118,301,138,163,26,34,112,129,Qatar Exxon Mobil Open,Doha,Outdoor,Hard,2022-02-16,2.3,1.61,0
Paire B.,149,527,237,290,39,56,198,234,Cerundolo F.,21,104,58,46,3,7,55,39,Rio Open,Rio de Janeiro,Outdoor,Clay,2022-02-16,2.75,1.44,0
Coria F.,108,99,43,56,2,6,41,50,Verdasco F.,244,962,537,425,79,79,458,346,Rio Open,Rio de Janeiro,Outdoor,Clay,2022-02-16,1.44,2.75,1
Andujar P.,323,404,164,240,12,30,152,210,Ramos-Vinolas A.,82,437,204,233,17,31,187,202,Rio Open,Rio de Janeiro,Outdoor,Clay,2022-02-16,2.75,1.44,1
Fognini F.,128,742,383,359,39,48,344,311,Carreno Busta P.,16,352,214,138,33,25,181,113,Rio Open,Rio de Janeiro,Outdoor,Clay,2022-02-16,3.0,1.4,1
Khachanov K.,11,378,217,161,44,38,173,123,Ruusuvuori E.,55,158,79,79,16,18,63,61,Qatar Exxon Mobil Open,Doha,Outdoor,Hard,2022-02-16,1.53,2.5,1
Bautista Agut R.,25,379,234,145,31,29,203,116,Murray A.,44,932,687,245,132,47,555,198,Qatar Exxon Mobil Open,Doha,Outdoor,Hard,2022-02-16,1.66,2.2,1
Molcan A.,120,86,45,41,1,6,44,35,Shapovalov D.,29,298,166,132,30,27,136,105,Qatar Exxon Mobil Open,Doha,Outdoor,Hard,2022-02-16,4.33,1.22,0
Travaglia S.,1024,81,27,54,5,12,22,42,Ivashka I.,113,159,78,81,19,18,59,63,Open 13,Marseille,Indoor,Hard,2022-02-16,3.4,1.33,0
Kecmanovic M.,40,210,107,103,12,16,95,87,Sonego L.,43,221,107,114,19,17,88,97,Rio Open,Rio de Janeiro,Outdoor,Clay,2022-02-17,2.62,1.5,1
Albot R.,97,215,86,129,26,26,60,103,Pouille L.,675,259,134,125,35,26,99,99,Open 13,Marseille,Indoor,Hard,2022-02-17,1.8,2.0,0
Gaston H.,109,58,24,34,5,9,19,25,Tsitsipas S.,5,390,264,126,49,32,215,94,Open 13,Marseille,Indoor,Hard,2022-02-17,5.5,1.14,0
Tsonga J.W.,297,672,444,228,139,62,305,166,Auger-Aliassime F.,12,268,163,105,48,22,115,83,Open 13,Marseille,Indoor,Hard,2022-02-17,5.0,1.16,0
Martinez P.,135,118,50,68,7,6,43,62,Schwartzman D.,95,428,233,195,32,27,201,168,Rio Open,Rio de Janeiro,Outdoor,Clay,2022-02-17,2.75,1.44,0
Safiullin R.,92,42,20,22,7,7,13,15,Machac T.,108,18,6,12,1,1,5,11,Open 13,Marseille,Indoor,Hard,2022-02-17,2.3,1.61,1
Korda S.,26,126,75,51,15,9,60,42,Seppi A.,141,758,363,395,74,85,289,310,Delray Beach Open,Delray Beach,Outdoor,Hard,2022-02-17,1.16,5.0,1
Shapovalov D.,29,298,166,132,30,27,136,105,Rinderknech A.,67,96,46,50,16,12,30,38,Qatar Exxon Mobil Open,Doha,Outdoor,Hard,2022-02-17,1.33,3.4,0
Fucsovics M.,67,249,121,128,26,24,95,104,Basilashvili N.,118,301,138,163,26,34,112,129,Qatar Exxon Mobil Open,Doha,Outdoor,Hard,2022-02-17,1.61,2.3,0
Davidovich Fokina A.,39,168,84,84,17,20,67,64,Bautista Agut R.,25,379,234,145,31,29,203,116,Qatar Exxon Mobil Open,Doha,Outdoor,Hard,2022-02-17,3.2,1.36,0
Cilic M.,100,853,543,310,119,65,424,245,Khachanov K.,11,378,217,161,44,38,173,123,Qatar Exxon Mobil Open,Doha,Outdoor,Hard,2022-02-17,2.2,1.66,0
Herbert P.H.,157,202,89,113,31,38,58,75,Bonzi B.,107,83,37,46,10,13,27,33,Open 13,Marseille,Indoor,Hard,2022-02-17,2.0,1.8,0
Nakashima B.,70,106,57,49,6,5,51,44,Mannarino A.,27,567,264,303,60,73,204,230,Delray Beach Open,Delray Beach,Outdoor,Hard,2022-02-17,1.57,2.37,0
Carballes Baena R.,64,207,91,116,11,10,80,106,Cerundolo F.,21,104,58,46,3,7,55,39,Rio Open,Rio de Janeiro,Outdoor,Clay,2022-02-17,,,0
Norrie C.,13,287,172,115,15,18,157,97,Otte O.,233,78,33,45,6,14,27,31,Delray Beach Open,Delray Beach,Outdoor,Hard,2022-02-17,1.25,4.0,1
Giron M.,69,150,68,82,20,14,48,68,Millman J.,140,256,113,143,21,22,92,121,Delray Beach Open,Delray Beach,Outdoor,Hard,2022-02-17,1.53,2.5,0
Sock J.,166,324,177,147,38,24,139,123,Opelka R.,17,168,88,80,17,10,71,70,Delray Beach Open,Delray Beach,Outdoor,Hard,2022-02-17,3.4,1.33,0
Kozlov S.,108,35,9,26,0,2,9,24,Paul T.,14,204,111,93,19,13,92,80,Delray Beach Open,Delray Beach,Outdoor,Hard,2022-02-18,3.2,1.36,0
Tsitsipas S.,5,390,264,126,49,32,215,94,Safiullin R.,92,42,20,22,7,7,13,15,Open 13,Marseille,Indoor,Hard,2022-02-18,1.12,6.0,0
Dimitrov G.,20,651,389,262,79,50,310,212,Krueger M.,228,24,7,17,0,1,7,16,Delray Beach Open,Delray Beach,Outdoor,Hard,2022-02-18,1.33,3.4,1
Rublev A.,7,392,255,137,57,34,198,103,Pouille L.,675,259,134,125,35,26,99,99,Open 13,Marseille,Indoor,Hard,2022-02-18,1.12,6.0,1
Delbonis F.,131,340,152,188,19,23,133,165,Alcaraz C.,1,164,130,34,10,5,120,29,Rio Open,Rio de Janeiro,Outdoor,Clay,2022-02-18,4.33,1.22,0
Korda S.,26,126,75,51,15,9,60,42,Norrie C.,13,287,172,115,15,18,157,97,Delray Beach Open,Delray Beach,Outdoor,Hard,2022-02-18,1.9,1.9,0
Mannarino A.,27,567,264,303,60,73,204,230,Opelka R.,17,168,88,80,17,10,71,70,Delray Beach Open,Delray Beach,Outdoor,Hard,2022-02-18,2.75,1.44,0
Auger-Aliassime F.,12,268,163,105,48,22,115,83,Ivashka I.,113,159,78,81,19,18,59,63,Open 13,Marseille,Indoor,Hard,2022-02-18,1.25,4.0,1
Bautista Agut R.,25,379,234,145,31,29,203,116,Khachanov K.,11,378,217,161,44,38,173,123,Qatar Exxon Mobil Open,Doha,Outdoor,Hard,2022-02-18,1.53,2.5,1
Monteiro T.,121,171,69,102,9,11,60,91,Berrettini M.,38,217,142,75,14,11,128,64,Rio Open,Rio de Janeiro,Outdoor,Clay,2022-02-18,3.4,1.33,0
Basilashvili N.,118,301,138,163,26,34,112,129,Rinderknech A.,67,96,46,50,16,12,30,38,Qatar Exxon Mobil Open,Doha,Outdoor,Hard,2022-02-18,2.0,1.8,1
Bonzi B.,107,83,37,46,10,13,27,33,Karatsev A.,75,136,66,70,10,22,56,48,Open 13,Marseille,Indoor,Hard,2022-02-18,2.37,1.57,1
Fognini F.,128,742,383,359,39,48,344,311,Coria F.,108,99,43,56,2,6,41,50,Rio Open,Rio de Janeiro,Outdoor,Clay,2022-02-19,1.53,2.5,1
Kecmanovic M.,40,210,107,103,12,16,95,87,Cerundolo F.,21,104,58,46,3,7,55,39,Rio Open,Rio de Janeiro,Outdoor,Clay,2022-02-19,1.72,2.1,0
Schwartzman D.,95,428,233,195,32,27,201,168,Andujar P.,323,404,164,240,12,30,152,210,Rio Open,Rio de Janeiro,Outdoor,Clay,2022-02-19,1.2,4.5,1
Cerundolo F.,21,104,58,46,3,7,55,39,Schwartzman D.,95,428,233,195,32,27,201,168,Rio Open,Rio de Janeiro,Outdoor,Clay,2022-02-19,2.75,1.44,0
Alcaraz C.,1,164,130,34,10,5,120,29,Berrettini M.,38,217,142,75,14,11,128,64,Rio Open,Rio de Janeiro,Outdoor,Clay,2022-02-19,1.61,2.3,1
Paul T.,14,204,111,93,19,13,92,80,Norrie C.,13,287,172,115,15,18,157,97,Delray Beach Open,Delray Beach,Outdoor,Hard,2022-02-19,2.3,1.61,0
Auger-Aliassime F.,12,268,163,105,48,22,115,83,Safiullin R.,92,42,20,22,7,7,13,15,Open 13,Marseille,Indoor,Hard,2022-02-19,1.16,5.0,1
Rublev A.,7,392,255,137,57,34,198,103,Bonzi B.,107,83,37,46,10,13,27,33,Open 13,Marseille,Indoor,Hard,2022-02-19,1.3,3.5,1
Millman J.,140,256,113,143,21,22,92,121,Dimitrov G.,20,651,389,262,79,50,310,212,Delray Beach Open,Delray Beach,Outdoor,Hard,2022-02-19,2.5,1.53,1
Basilashvili N.,118,301,138,163,26,34,112,129,Bautista Agut R.,25,379,234,145,31,29,203,116,Qatar Exxon Mobil Open,Doha,Outdoor,Hard,2022-02-19,2.62,1.5,0
Opelka R.,17,168,88,80,17,10,71,70,Millman J.,140,256,113,143,21,22,92,121,Delray Beach Open,Delray Beach,Outdoor,Hard,2022-02-20,1.44,2.75,1
Auger-Aliassime F.,12,268,163,105,48,22,115,83,Rublev A.,7,392,255,137,57,34,198,103,Open 13,Marseille,Indoor,Hard,2022-02-20,1.57,2.37,0
Alcaraz C.,1,164,130,34,10,5,120,29,Fognini F.,128,742,383,359,39,48,344,311,Rio Open,Rio de Janeiro,Outdoor,Clay,2022-02-20,1.28,3.75,1
Schwartzman D.,95,428,233,195,32,27,201,168,Alcaraz C.,1,164,130,34,10,5,120,29,Rio Open,Rio de Janeiro,Outdoor,Clay,2022-02-20,3.4,1.33,0
Norrie C.,13,287,172,115,15,18,157,97,Opelka R.,17,168,88,80,17,10,71,70,Delray Beach Open,Delray Beach,Outdoor,Hard,2022-02-20,1.66,2.2,1
Goffin D.,123,522,296,226,66,52,230,174,Daniel T.,111,178,67,111,3,10,64,101,Dubai Tennis Championships,Dubai ,Outdoor,Hard,2022-02-21,1.9,1.9,0
O Connell C.,74,65,26,39,0,0,26,39,Murray A.,44,932,687,245,132,47,555,198,Dubai Tennis Championships,Dubai ,Outdoor,Hard,2022-02-21,2.75,1.44,0
Djokovic N.,2,1207,1012,195,146,42,866,153,Musetti L.,18,143,79,64,12,12,67,52,Dubai Tennis Championships,Dubai ,Outdoor,Hard,2022-02-21,1.06,10.0,1
Londero J.I.,142,83,34,49,3,5,31,44,Etcheverry T.,34,60,26,34,5,3,21,31,Chile Open,Santiago,Indoor,Clay,2022-02-21,1.57,2.37,1
Bagnis F.,135,121,39,82,9,8,30,74,Zapata Miralles B.,54,80,32,48,1,6,31,42,Chile Open,Santiago,Indoor,Clay,2022-02-21,1.66,2.2,1
Kicker N.,203,47,19,28,1,3,18,25,Seyboth Wild T.,117,28,12,16,7,3,5,13,Chile Open,Santiago,Indoor,Clay,2022-02-21,2.2,1.66,0
Vesely J.,528,288,130,158,6,19,124,139,Cilic M.,100,853,543,310,119,65,424,245,Dubai Tennis Championships,Dubai ,Outdoor,Hard,2022-02-21,3.75,1.28,1
Krajinovic F.,93,240,115,125,38,34,77,91,Jaziri M.,444,217,83,134,8,20,75,114,Dubai Tennis Championships,Dubai ,Outdoor,Hard,2022-02-21,1.05,11.0,1
Coria F.,108,99,43,56,2,6,41,50,Hanfmann Y.,50,99,50,49,5,4,45,45,Chile Open,Santiago,Indoor,Clay,2022-02-22,1.66,2.2,0
Dellien H.,164,70,22,48,5,5,17,43,Lama G.,410,4,0,4,0,2,0,2,Chile Open,Santiago,Indoor,Clay,2022-02-22,1.4,3.0,1
De Minaur A.,19,272,161,111,30,19,131,92,Khachanov K.,11,378,217,161,44,38,173,123,Dubai Tennis Championships,Dubai ,Outdoor,Hard,2022-02-22,2.2,1.66,0
Mcdonald M.,60,190,87,103,11,15,76,88,Karatsev A.,75,136,66,70,10,22,56,48,Dubai Tennis Championships,Dubai ,Outdoor,Hard,2022-02-22,2.2,1.66,1
Molcan A.,120,86,45,41,1,6,44,35,Harris L.,186,129,59,70,7,8,52,62,Dubai Tennis Championships,Dubai ,Outdoor,Hard,2022-02-22,2.37,1.57,1
Ivashka I.,113,159,78,81,19,18,59,63,Kwon S.W.,68,108,53,55,12,6,41,49,Dubai Tennis Championships,Dubai ,Outdoor,Hard,2022-02-22,1.61,2.3,0
Sinner J.,8,224,153,71,42,19,111,52,Davidovich Fokina A.,39,168,84,84,17,20,67,64,Dubai Tennis Championships,Dubai ,Outdoor,Hard,2022-02-22,1.3,3.5,1
Kecmanovic M.,40,210,107,103,12,16,95,87,Cecchinato M.,108,204,79,125,2,14,77,111,Chile Open,Santiago,Indoor,Clay,2022-02-22,1.2,4.5,1
Varillas J.P.,77,22,10,12,1,3,9,9,Baez S.,72,95,47,48,6,6,41,42,Chile Open,Santiago,Indoor,Clay,2022-02-22,2.5,1.53,0
Basilashvili N.,118,301,138,163,26,34,112,129,Popyrin A.,90,140,59,81,9,13,50,68,Dubai Tennis Championships,Dubai ,Outdoor,Hard,2022-02-22,1.72,2.1,0
Evans D.,30,251,124,127,18,16,106,111,Rublev A.,7,392,255,137,57,34,198,103,Dubai Tennis Championships,Dubai ,Outdoor,Hard,2022-02-22,2.37,1.57,0
Rinderknech A.,67,96,46,50,16,12,30,38,Bautista Agut R.,25,379,234,145,31,29,203,116,Dubai Tennis Championships,Dubai ,Outdoor,Hard,2022-02-22,2.75,1.44,0
Shapovalov D.,29,298,166,132,30,27,136,105,Fucsovics M.,67,249,121,128,26,24,95,104,Dubai Tennis Championships,Dubai ,Outdoor,Hard,2022-02-22,1.57,2.37,1
Taberner C.,181,37,13,24,4,6,9,18,Cerundolo J.M.,106,29,12,17,2,3,10,14,Chile Open,Santiago,Indoor,Clay,2022-02-22,1.61,2.3,1
Galan D.E.,76,78,33,45,3,5,30,40,Munar J.,104,178,75,103,7,12,68,91,Chile Open,Santiago,Indoor,Clay,2022-02-22,2.1,1.72,0
Rune H.,6,131,83,48,28,9,55,39,Pucinelli de Almeida M.,264,2,1,1,1,1,0,0,Chile Open,Santiago,Indoor,Clay,2022-02-22,1.4,3.0,0
Jarry N.,28,141,73,68,9,6,64,62,Monteiro T.,121,171,69,102,9,11,60,91,Chile Open,Santiago,Indoor,Clay,2022-02-22,2.0,1.8,0
Bublik A.,25,219,110,109,39,30,71,79,Hurkacz H.,17,238,137,101,27,24,110,77,Dubai Tennis Championships,Dubai ,Outdoor,Hard,2022-02-22,2.62,1.5,0
Berankis R.,212,249,104,145,36,31,68,114,Struff J.L.,21,369,170,199,43,42,127,157,Dubai Tennis Championships,Dubai ,Outdoor,Hard,2022-02-22,2.2,1.66,1
Mannarino A.,27,567,264,303,60,73,204,230,Fritz T.,9,356,205,151,26,22,179,129,Abierto Mexicano,Acapulco,Outdoor,Hard,2022-02-22,3.5,1.3,0
Verdasco F.,244,962,537,425,79,79,458,346,Isner J.,114,755,465,290,53,45,412,245,Abierto Mexicano,Acapulco,Outdoor,Hard,2022-02-22,3.5,1.3,0
Nakashima B.,70,106,57,49,6,5,51,44,Gojowczyk P.,108,172,75,97,17,18,58,79,Abierto Mexicano,Acapulco,Outdoor,Hard,2022-02-22,1.1,7.0,0
Korda S.,26,126,75,51,15,9,60,42,Lajovic D.,66,378,163,215,21,36,142,179,Abierto Mexicano,Acapulco,Outdoor,Hard,2022-02-22,1.2,4.5,0
Kozlov S.,108,35,9,26,0,2,9,24,Dimitrov G.,20,651,389,262,79,50,310,212,Abierto Mexicano,Acapulco,Outdoor,Hard,2022-02-22,3.75,1.28,1
Otte O.,233,78,33,45,6,14,27,31,Carreno Busta P.,16,352,214,138,33,25,181,113,Abierto Mexicano,Acapulco,Outdoor,Hard,2022-02-22,3.2,1.36,0
Zverev A.,19,500,346,154,60,31,286,123,Brooksby J.,39,79,46,33,6,5,40,28,Abierto Mexicano,Acapulco,Outdoor,Hard,2022-02-22,1.2,4.5,1
Popyrin A.,90,140,59,81,9,13,50,68,Berankis R.,212,249,104,145,36,31,68,114,Dubai Tennis Championships,Dubai ,Outdoor,Hard,2022-02-23,1.53,2.5,0
Kwon S.W.,68,108,53,55,12,6,41,49,Rublev A.,7,392,255,137,57,34,198,103,Dubai Tennis Championships,Dubai ,Outdoor,Hard,2022-02-23,4.5,1.2,0
Khachanov K.,11,378,217,161,44,38,173,123,Djokovic N.,2,1207,1012,195,146,42,866,153,Dubai Tennis Championships,Dubai ,Outdoor,Hard,2022-02-23,6.0,1.12,0
Bautista Agut R.,25,379,234,145,31,29,203,116,Vesely J.,528,288,130,158,6,19,124,139,Dubai Tennis Championships,Dubai ,Outdoor,Hard,2022-02-23,1.16,5.0,0
Shapovalov D.,29,298,166,132,30,27,136,105,Daniel T.,111,178,67,111,3,10,64,101,Dubai Tennis Championships,Dubai ,Outdoor,Hard,2022-02-23,1.28,3.75,1
Delbonis F.,131,340,152,188,19,23,133,165,Monteiro T.,121,171,69,102,9,11,60,91,Chile Open,Santiago,Indoor,Clay,2022-02-23,1.72,2.1,0
Berrettini M.,38,217,142,75,14,11,128,64,Paul T.,14,204,111,93,19,13,92,80,Abierto Mexicano,Acapulco,Outdoor,Hard,2022-02-23,1.33,3.4,0
Medvedev D.,3,406,289,117,69,27,220,90,Paire B.,149,527,237,290,39,56,198,234,Abierto Mexicano,Acapulco,Outdoor,Hard,2022-02-23,1.06,10.0,1
Nishioka Y.,31,215,99,116,15,15,84,101,Lopez F.,634,863,441,422,71,82,370,340,Abierto Mexicano,Acapulco,Outdoor,Hard,2022-02-23,1.3,3.5,1
Krajinovic F.,93,240,115,125,38,34,77,91,Mcdonald M.,60,190,87,103,11,15,76,88,Dubai Tennis Championships,Dubai ,Outdoor,Hard,2022-02-23,2.5,1.53,0
Baez S.,72,95,47,48,6,6,41,42,Londero J.I.,142,83,34,49,3,5,31,44,Chile Open,Santiago,Indoor,Clay,2022-02-23,1.4,3.0,1
Olivo R.,179,55,23,32,4,4,19,28,Tabilo A.,122,44,21,23,5,4,16,19,Chile Open,Santiago,Indoor,Clay,2022-02-23,4.5,1.2,0
Giron M.,69,150,68,82,20,14,48,68,Millman J.,140,256,113,143,21,22,92,121,Abierto Mexicano,Acapulco,Outdoor,Hard,2022-02-23,1.8,2.0,1
Sinner J.,8,224,153,71,42,19,111,52,Murray A.,44,932,687,245,132,47,555,198,Dubai Tennis Championships,Dubai ,Outdoor,Hard,2022-02-23,1.3,3.5,1
Bagnis F.,135,121,39,82,9,8,30,74,Dellien H.,164,70,22,48,5,5,17,43,Chile Open,Santiago,Indoor,Clay,2022-02-23,1.72,2.1,1
Norrie C.,13,287,172,115,15,18,157,97,Altmaier D.,51,79,28,51,1,5,27,46,Abierto Mexicano,Acapulco,Outdoor,Hard,2022-02-23,1.16,5.0,1
Nadal R.,2,1223,1017,206,76,40,941,166,Kudla D.,137,198,70,128,5,14,65,114,Abierto Mexicano,Acapulco,Outdoor,Hard,2022-02-23,1.03,15.0,1
Hernandez A.,521,5,1,4,0,0,1,4,Andujar P.,323,404,164,240,12,30,152,210,Abierto Mexicano,Acapulco,Outdoor,Hard,2022-02-23,6.0,1.12,0
Sonego L.,43,221,107,114,19,17,88,97,Wolf J.J.,45,75,39,36,8,6,31,30,Abierto Mexicano,Acapulco,Outdoor,Hard,2022-02-23,1.44,2.75,0
Tsitsipas S.,5,390,264,126,49,32,215,94,Djere L.,38,243,120,123,10,22,110,101,Abierto Mexicano,Acapulco,Outdoor,Hard,2022-02-23,1.08,8.0,1
Hurkacz H.,17,238,137,101,27,24,110,77,Molcan A.,120,86,45,41,1,6,44,35,Dubai Tennis Championships,Dubai ,Outdoor,Hard,2022-02-23,1.22,4.33,1
Kecmanovic M.,40,210,107,103,12,16,95,87,Pucinelli de Almeida M.,264,2,1,1,1,1,0,0,Chile Open,Santiago,Indoor,Clay,2022-02-24,1.2,4.5,1
Hanfmann Y.,50,99,50,49,5,4,45,45,Seyboth Wild T.,117,28,12,16,7,3,5,13,Chile Open,Santiago,Indoor,Clay,2022-02-24,1.44,2.75,1
Medvedev D.,3,406,289,117,69,27,220,90,Nishioka Y.,31,215,99,116,15,15,84,101,Abierto Mexicano,Acapulco,Outdoor,Hard,2022-02-24,1.06,10.0,1
Wolf J.J.,45,75,39,36,8,6,31,30,Tsitsipas S.,5,390,264,126,49,32,215,94,Abierto Mexicano,Acapulco,Outdoor,Hard,2022-02-24,5.5,1.14,0
Gojowczyk P.,108,172,75,97,17,18,58,79,Zverev A.,19,500,346,154,60,31,286,123,Abierto Mexicano,Acapulco,Outdoor,Hard,2022-02-24,10.0,1.06,1
Fritz T.,9,356,205,151,26,22,179,129,Nishioka Y.,31,215,99,116,15,15,84,101,Abierto Mexicano,Acapulco,Outdoor,Hard,2022-02-24,1.2,4.5,0
Kozlov S.,108,35,9,26,0,2,9,24,Nadal R.,2,1223,1017,206,76,40,941,166,Abierto Mexicano,Acapulco,Outdoor,Hard,2022-02-24,26.0,1.01,0
Lajovic D.,66,378,163,215,21,36,142,179,Paul T.,14,204,111,93,19,13,92,80,Abierto Mexicano,Acapulco,Outdoor,Hard,2022-02-24,3.5,1.3,0
Norrie C.,13,287,172,115,15,18,157,97,Isner J.,114,755,465,290,53,45,412,245,Abierto Mexicano,Acapulco,Outdoor,Hard,2022-02-24,1.4,3.0,1
Carreno Busta P.,16,352,214,138,33,25,181,113,Giron M.,69,150,68,82,20,14,48,68,Abierto Mexicano,Acapulco,Outdoor,Hard,2022-02-24,1.33,3.4,0
Ramos-Vinolas A.,82,437,204,233,17,31,187,202,Taberner C.,181,37,13,24,4,6,9,18,Chile Open,Santiago,Indoor,Clay,2022-02-24,1.44,2.75,1
Munar J.,104,178,75,103,7,12,68,91,Martinez P.,135,118,50,68,7,6,43,62,Chile Open,Santiago,Indoor,Clay,2022-02-24,1.61,2.3,0
Berankis R.,212,249,104,145,36,31,68,114,Shapovalov D.,29,298,166,132,30,27,136,105,Dubai Tennis Championships,Dubai ,Outdoor,Hard,2022-02-24,4.5,1.2,0
Vesely J.,528,288,130,158,6,19,124,139,Djokovic N.,2,1207,1012,195,146,42,866,153,Dubai Tennis Championships,Dubai ,Outdoor,Hard,2022-02-24,11.0,1.05,1
Hurkacz H.,17,238,137,101,27,24,110,77,Sinner J.,8,224,153,71,42,19,111,52,Dubai Tennis Championships,Dubai ,Outdoor,Hard,2022-02-24,2.5,1.53,1
Rublev A.,7,392,255,137,57,34,198,103,Mcdonald M.,60,190,87,103,11,15,76,88,Dubai Tennis Championships,Dubai ,Outdoor,Hard,2022-02-24,1.28,3.75,1
Andujar P.,323,404,164,240,12,30,152,210,Medvedev D.,3,406,289,117,69,27,220,90,Abierto Mexicano,Acapulco,Outdoor,Hard,2022-02-24,17.0,1.02,0
Hanfmann Y.,50,99,50,49,5,4,45,45,Martinez P.,135,118,50,68,7,6,43,62,Chile Open,Santiago,Indoor,Clay,2022-02-25,2.1,1.72,0
Bagnis F.,135,121,39,82,9,8,30,74,Ramos-Vinolas A.,82,437,204,233,17,31,187,202,Chile Open,Santiago,Indoor,Clay,2022-02-25,2.3,1.61,0
Baez S.,72,95,47,48,6,6,41,42,Monteiro T.,121,171,69,102,9,11,60,91,Chile Open,Santiago,Indoor,Clay,2022-02-25,1.57,2.37,1
Garin C.,101,190,103,87,15,13,88,74,Tabilo A.,122,44,21,23,5,4,16,19,Chile Open,Santiago,Indoor,Clay,2022-02-25,2.3,1.61,0
Giron M.,69,150,68,82,20,14,48,68,Tsitsipas S.,5,390,264,126,49,32,215,94,Abierto Mexicano,Acapulco,Outdoor,Hard,2022-02-25,4.33,1.22,0
Shapovalov D.,29,298,166,132,30,27,136,105,Vesely J.,528,288,130,158,6,19,124,139,Dubai Tennis Championships,Dubai ,Outdoor,Hard,2022-02-25,1.44,2.75,0
Rublev A.,7,392,255,137,57,34,198,103,Hurkacz H.,17,238,137,101,27,24,110,77,Dubai Tennis Championships,Dubai ,Outdoor,Hard,2022-02-25,2.0,1.8,1
Gojowczyk P.,108,172,75,97,17,18,58,79,Norrie C.,13,287,172,115,15,18,157,97,Abierto Mexicano,Acapulco,Outdoor,Hard,2022-02-25,7.0,1.1,0
Paul T.,14,204,111,93,19,13,92,80,Nadal R.,2,1223,1017,206,76,40,941,166,Abierto Mexicano,Acapulco,Outdoor,Hard,2022-02-25,7.0,1.1,0
Tabilo A.,122,44,21,23,5,4,16,19,Martinez P.,135,118,50,68,7,6,43,62,Chile Open,Santiago,Indoor,Clay,2022-02-26,1.61,2.3,0
Baez S.,72,95,47,48,6,6,41,42,Ramos-Vinolas A.,82,437,204,233,17,31,187,202,Chile Open,Santiago,Indoor,Clay,2022-02-26,2.0,1.8,1
Vesely J.,528,288,130,158,6,19,124,139,Rublev A.,7,392,255,137,57,34,198,103,Dubai Tennis Championships,Dubai ,Outdoor,Hard,2022-02-26,3.4,1.33,0
Kecmanovic M.,40,210,107,103,12,16,95,87,Tabilo A.,122,44,21,23,5,4,16,19,Chile Open,Santiago,Indoor,Clay,2022-02-26,2.0,1.8,0
Nadal R.,2,1223,1017,206,76,40,941,166,Medvedev D.,3,406,289,117,69,27,220,90,Abierto Mexicano,Acapulco,Outdoor,Hard,2022-02-26,2.2,1.66,1
Tsitsipas S.,5,390,264,126,49,32,215,94,Norrie C.,13,287,172,115,15,18,157,97,Abierto Mexicano,Acapulco,Outdoor,Hard,2022-02-26,1.5,2.62,0
Nadal R.,2,1223,1017,206,76,40,941,166,Norrie C.,13,287,172,115,15,18,157,97,Abierto Mexicano,Acapulco,Outdoor,Hard,2022-02-27,1.16,5.0,1
Martinez P.,135,118,50,68,7,6,43,62,Baez S.,72,95,47,48,6,6,41,42,Chile Open,Santiago,Indoor,Clay,2022-02-27,2.2,1.66,1
Giron M.,69,150,68,82,20,14,48,68,Musetti L.,18,143,79,64,12,12,67,52,BNP Paribas Open,Indian Wells,Outdoor,Hard,2022-03-10,1.61,2.3,0
Cressy M.,96,96,42,54,10,11,32,43,Eubanks C.,29,64,28,36,1,3,27,33,BNP Paribas Open,Indian Wells,Outdoor,Hard,2022-03-10,1.53,2.5,0
Sock J.,166,324,177,147,38,24,139,123,Cerundolo J.M.,106,29,12,17,2,3,10,14,BNP Paribas Open,Indian Wells,Outdoor,Hard,2022-03-10,1.28,3.75,1
Carballes Baena R.,64,207,91,116,11,10,80,106,Brooksby J.,39,79,46,33,6,5,40,28,BNP Paribas Open,Indian Wells,Outdoor,Hard,2022-03-10,6.0,1.12,0
Davidovich Fokina A.,39,168,84,84,17,20,67,64,Coric B.,15,343,185,158,28,28,157,130,BNP Paribas Open,Indian Wells,Outdoor,Hard,2022-03-10,1.25,4.0,1
Cuevas P.,149,421,210,211,34,25,176,186,Coria F.,108,99,43,56,2,6,41,50,BNP Paribas Open,Indian Wells,Outdoor,Hard,2022-03-10,2.2,1.66,0
Fucsovics M.,67,249,121,128,26,24,95,104,Mcdonald M.,60,190,87,103,11,15,76,88,BNP Paribas Open,Indian Wells,Outdoor,Hard,2022-03-10,2.1,1.72,0
Lajovic D.,66,378,163,215,21,36,142,179,Krajinovic F.,93,240,115,125,38,34,77,91,BNP Paribas Open,Indian Wells,Outdoor,Hard,2022-03-10,2.37,1.57,0
Andujar P.,323,404,164,240,12,30,152,210,Fognini F.,128,742,383,359,39,48,344,311,BNP Paribas Open,Indian Wells,Outdoor,Hard,2022-03-10,3.0,1.4,0
Bonzi B.,107,83,37,46,10,13,27,33,Rinderknech A.,67,96,46,50,16,12,30,38,BNP Paribas Open,Indian Wells,Outdoor,Hard,2022-03-10,2.1,1.72,1
Kwon S.W.,68,108,53,55,12,6,41,49,Djere L.,38,243,120,123,10,22,110,101,BNP Paribas Open,Indian Wells,Outdoor,Hard,2022-03-10,1.36,3.2,0
Paul T.,14,204,111,93,19,13,92,80,Kukushkin M.,221,352,141,211,50,49,91,162,BNP Paribas Open,Indian Wells,Outdoor,Hard,2022-03-11,1.22,4.33,1
Broady L.,125,47,18,29,5,3,13,26,Kecmanovic M.,40,210,107,103,12,16,95,87,BNP Paribas Open,Indian Wells,Outdoor,Hard,2022-03-11,2.75,1.44,0
Koepfer D.,84,86,38,48,3,3,35,45,Paire B.,149,527,237,290,39,56,198,234,BNP Paribas Open,Indian Wells,Outdoor,Hard,2022-03-11,1.9,1.9,1
Goffin D.,123,522,296,226,66,52,230,174,Thompson J.,71,221,96,125,10,10,86,115,BNP Paribas Open,Indian Wells,Outdoor,Hard,2022-03-11,1.57,2.37,0
Murray A.,44,932,687,245,132,47,555,198,Daniel T.,111,178,67,111,3,10,64,101,BNP Paribas Open,Indian Wells,Outdoor,Hard,2022-03-11,1.4,3.0,1
Kohlschreiber P.,132,812,446,366,76,73,370,293,Ruusuvuori E.,55,158,79,79,16,18,63,61,BNP Paribas Open,Indian Wells,Outdoor,Hard,2022-03-11,4.0,1.25,0
Shang J.,149,12,4,8,0,0,4,8,Munar J.,104,178,75,103,7,12,68,91,BNP Paribas Open,Indian Wells,Outdoor,Hard,2022-03-11,4.0,1.25,0
Kokkinakis T.,86,124,55,69,0,4,55,65,Korda S.,26,126,75,51,15,9,60,42,BNP Paribas Open,Indian Wells,Outdoor,Hard,2022-03-11,2.37,1.57,0
Sousa J.,147,436,189,247,42,44,147,203,Martinez P.,135,118,50,68,7,6,43,62,BNP Paribas Open,Indian Wells,Outdoor,Hard,2022-03-11,2.62,1.5,0
Baez S.,72,95,47,48,6,6,41,42,Kyrgios N.,25,303,195,108,11,7,184,101,BNP Paribas Open,Indian Wells,Outdoor,Hard,2022-03-11,2.75,1.44,0
Popyrin A.,90,140,59,81,9,13,50,68,Machac T.,108,18,6,12,1,1,5,11,BNP Paribas Open,Indian Wells,Outdoor,Hard,2022-03-11,2.2,1.66,0
Gaston H.,109,58,24,34,5,9,19,25,Wolf J.J.,45,75,39,36,8,6,31,30,BNP Paribas Open,Indian Wells,Outdoor,Hard,2022-03-11,2.62,1.5,0
Gasquet R.,48,948,581,367,133,82,448,285,Otte O.,233,78,33,45,6,14,27,31,BNP Paribas Open,Indian Wells,Outdoor,Hard,2022-03-11,1.66,2.2,0
Evans D.,30,251,124,127,18,16,106,111,Coria F.,108,99,43,56,2,6,41,50,BNP Paribas Open,Indian Wells,Outdoor,Hard,2022-03-12,1.14,5.5,1
Sonego L.,43,221,107,114,19,17,88,97,Bonzi B.,107,83,37,46,10,13,27,33,BNP Paribas Open,Indian Wells,Outdoor,Hard,2022-03-12,1.9,1.9,0
Davidovich Fokina A.,39,168,84,84,17,20,67,64,Shapovalov D.,29,298,166,132,30,27,136,105,BNP Paribas Open,Indian Wells,Outdoor,Hard,2022-03-12,3.0,1.4,0
Monfils G.,323,816,510,306,131,65,379,241,Krajinovic F.,93,240,115,125,38,34,77,91,BNP Paribas Open,Indian Wells,Outdoor,Hard,2022-03-12,1.44,2.75,1
Eubanks C.,29,64,28,36,1,3,27,33,Ruud C.,4,275,176,99,19,16,157,83,BNP Paribas Open,Indian Wells,Outdoor,Hard,2022-03-12,4.5,1.2,0
Martinez P.,135,118,50,68,7,6,43,62,Norrie C.,13,287,172,115,15,18,157,97,BNP Paribas Open,Indian Wells,Outdoor,Hard,2022-03-12,4.5,1.2,0
Musetti L.,18,143,79,64,12,12,67,52,Opelka R.,17,168,88,80,17,10,71,70,BNP Paribas Open,Indian Wells,Outdoor,Hard,2022-03-12,2.75,1.44,0
Korda S.,26,126,75,51,15,9,60,42,Nadal R.,2,1223,1017,206,76,40,941,166,BNP Paribas Open,Indian Wells,Outdoor,Hard,2022-03-12,6.0,1.12,0
Machac T.,108,18,6,12,1,1,5,11,Medvedev D.,3,406,289,117,69,27,220,90,BNP Paribas Open,Indian Wells,Outdoor,Hard,2022-03-12,11.0,1.05,0
Bautista Agut R.,25,379,234,145,31,29,203,116,Wolf J.J.,45,75,39,36,8,6,31,30,BNP Paribas Open,Indian Wells,Outdoor,Hard,2022-03-12,1.22,4.33,1
Nakashima B.,70,106,57,49,6,5,51,44,Mannarino A.,27,567,264,303,60,73,204,230,BNP Paribas Open,Indian Wells,Outdoor,Hard,2022-03-12,1.57,2.37,1
Querrey S.,287,678,369,309,48,39,321,270,Griekspoor T.,37,97,47,50,7,14,40,36,BNP Paribas Open,Indian Wells,Outdoor,Hard,2022-03-12,4.33,1.22,1
Sandgren T.,153,121,47,74,2,9,45,65,Van De Zandschulp B.,44,117,63,54,11,11,52,43,BNP Paribas Open,Indian Wells,Outdoor,Hard,2022-03-12,3.4,1.33,0
Majchrzak K.,121,50,19,31,3,4,16,27,Bedene A.,347,291,131,160,18,23,113,137,BNP Paribas Open,Indian Wells,Outdoor,Hard,2022-03-12,1.22,4.33,1
Altmaier D.,51,79,28,51,1,5,27,46,Johnson S.,197,395,196,199,16,23,180,176,BNP Paribas Open,Indian Wells,Outdoor,Hard,2022-03-12,1.9,1.9,0
Bagnis F.,135,121,39,82,9,8,30,74,Laaksonen H.,125,101,37,64,7,16,30,48,BNP Paribas Open,Indian Wells,Outdoor,Hard,2022-03-12,2.37,1.57,1
Millman J.,140,256,113,143,21,22,92,121,Struff J.L.,21,369,170,199,43,42,127,157,BNP Paribas Open,Indian Wells,Outdoor,Hard,2022-03-12,1.53,2.5,1
Rune H.,6,131,83,48,28,9,55,39,Humbert U.,36,170,80,90,23,21,57,69,BNP Paribas Open,Indian Wells,Outdoor,Hard,2022-03-12,2.0,1.8,1
Mcdonald M.,60,190,87,103,11,15,76,88,Alcaraz C.,1,164,130,34,10,5,120,29,BNP Paribas Open,Indian Wells,Outdoor,Hard,2022-03-12,4.0,1.25,0
Bagnis F.,135,121,39,82,9,8,30,74,Harris L.,186,129,59,70,7,8,52,62,BNP Paribas Open,Indian Wells,Outdoor,Hard,2022-03-13,2.3,1.61,0
Berrettini M.,38,217,142,75,14,11,128,64,Rune H.,6,131,83,48,28,9,55,39,BNP Paribas Open,Indian Wells,Outdoor,Hard,2022-03-13,1.3,3.5,1
Ruusuvuori E.,55,158,79,79,16,18,63,61,Schwartzman D.,95,428,233,195,32,27,201,168,BNP Paribas Open,Indian Wells,Outdoor,Hard,2022-03-13,2.2,1.66,0
Fritz T.,9,356,205,151,26,22,179,129,Majchrzak K.,121,50,19,31,3,4,16,27,BNP Paribas Open,Indian Wells,Outdoor,Hard,2022-03-13,1.22,4.33,1
Van De Zandschulp B.,44,117,63,54,11,11,52,43,Auger-Aliassime F.,12,268,163,105,48,22,115,83,BNP Paribas Open,Indian Wells,Outdoor,Hard,2022-03-13,3.75,1.28,1
Bublik A.,25,219,110,109,39,30,71,79,Murray A.,44,932,687,245,132,47,555,198,BNP Paribas Open,Indian Wells,Outdoor,Hard,2022-03-13,2.3,1.61,1
Koepfer D.,84,86,38,48,3,3,35,45,Rublev A.,7,392,255,137,57,34,198,103,BNP Paribas Open,Indian Wells,Outdoor,Hard,2022-03-13,9.0,1.07,0
Hurkacz H.,17,238,137,101,27,24,110,77,Otte O.,233,78,33,45,6,14,27,31,BNP Paribas Open,Indian Wells,Outdoor,Hard,2022-03-13,1.22,4.33,1
Querrey S.,287,678,369,309,48,39,321,270,Isner J.,114,755,465,290,53,45,412,245,BNP Paribas Open,Indian Wells,Outdoor,Hard,2022-03-13,3.2,1.36,0
Kecmanovic M.,40,210,107,103,12,16,95,87,Cilic M.,100,853,543,310,119,65,424,245,BNP Paribas Open,Indian Wells,Outdoor,Hard,2022-03-13,2.37,1.57,1
Kyrgios N.,25,303,195,108,11,7,184,101,Delbonis F.,131,340,152,188,19,23,133,165,BNP Paribas Open,Indian Wells,Outdoor,Hard,2022-03-13,1.16,5.0,1
Brooksby J.,39,79,46,33,6,5,40,28,Khachanov K.,11,378,217,161,44,38,173,123,BNP Paribas Open,Indian Wells,Outdoor,Hard,2022-03-13,1.9,1.9,1
Fognini F.,128,742,383,359,39,48,344,311,Basilashvili N.,118,301,138,163,26,34,112,129,BNP Paribas Open,Indian Wells,Outdoor,Hard,2022-03-13,2.0,1.8,0
Sock J.,166,324,177,147,38,24,139,123,Tsitsipas S.,5,390,264,126,49,32,215,94,BNP Paribas Open,Indian Wells,Outdoor,Hard,2022-03-13,5.0,1.16,0
Djere L.,38,243,120,123,10,22,110,101,Sinner J.,8,224,153,71,42,19,111,52,BNP Paribas Open,Indian Wells,Outdoor,Hard,2022-03-13,6.5,1.11,0
Johnson S.,197,395,196,199,16,23,180,176,Karatsev A.,75,136,66,70,10,22,56,48,BNP Paribas Open,Indian Wells,Outdoor,Hard,2022-03-13,2.75,1.44,1
Opelka R.,17,168,88,80,17,10,71,70,Shapovalov D.,29,298,166,132,30,27,136,105,BNP Paribas Open,Indian Wells,Outdoor,Hard,2022-03-14,2.0,1.8,1
Nadal R.,2,1223,1017,206,76,40,941,166,Evans D.,30,251,124,127,18,16,106,111,BNP Paribas Open,Indian Wells,Outdoor,Hard,2022-03-14,1.12,6.0,1
Medvedev D.,3,406,289,117,69,27,220,90,Monfils G.,323,816,510,306,131,65,379,241,BNP Paribas Open,Indian Wells,Outdoor,Hard,2022-03-14,1.12,6.0,0
Paul T.,14,204,111,93,19,13,92,80,Zverev A.,19,500,346,154,60,31,286,123,BNP Paribas Open,Indian Wells,Outdoor,Hard,2022-03-14,4.0,1.25,1
Bautista Agut R.,25,379,234,145,31,29,203,116,Alcaraz C.,1,164,130,34,10,5,120,29,BNP Paribas Open,Indian Wells,Outdoor,Hard,2022-03-14,2.75,1.44,0
Dimitrov G.,20,651,389,262,79,50,310,212,Thompson J.,71,221,96,125,10,10,86,115,BNP Paribas Open,Indian Wells,Outdoor,Hard,2022-03-14,1.3,3.5,1
Millman J.,140,256,113,143,21,22,92,121,De Minaur A.,19,272,161,111,30,19,131,92,BNP Paribas Open,Indian Wells,Outdoor,Hard,2022-03-14,3.4,1.33,0
Tiafoe F.,10,303,158,145,24,23,134,122,Nakashima B.,70,106,57,49,6,5,51,44,BNP Paribas Open,Indian Wells,Outdoor,Hard,2022-03-14,2.5,1.53,1
Carreno Busta P.,16,352,214,138,33,25,181,113,Munar J.,104,178,75,103,7,12,68,91,BNP Paribas Open,Indian Wells,Outdoor,Hard,2022-03-14,1.36,3.2,0
Schwartzman D.,95,428,233,195,32,27,201,168,Isner J.,114,755,465,290,53,45,412,245,BNP Paribas Open,Indian Wells,Outdoor,Hard,2022-03-15,1.8,2.0,0
Sinner J.,8,224,153,71,42,19,111,52,Bonzi B.,107,83,37,46,10,13,27,33,BNP Paribas Open,Indian Wells,Outdoor,Hard,2022-03-15,1.22,4.33,1
Brooksby J.,39,79,46,33,6,5,40,28,Tsitsipas S.,5,390,264,126,49,32,215,94,BNP Paribas Open,Indian Wells,Outdoor,Hard,2022-03-15,2.3,1.61,1
Norrie C.,13,287,172,115,15,18,157,97,Basilashvili N.,118,301,138,163,26,34,112,129,BNP Paribas Open,Indian Wells,Outdoor,Hard,2022-03-15,1.22,4.33,1
Ruud C.,4,275,176,99,19,16,157,83,Kyrgios N.,25,303,195,108,11,7,184,101,BNP Paribas Open,Indian Wells,Outdoor,Hard,2022-03-15,1.8,2.0,0
Van De Zandschulp B.,44,117,63,54,11,11,52,43,Kecmanovic M.,40,210,107,103,12,16,95,87,BNP Paribas Open,Indian Wells,Outdoor,Hard,2022-03-15,1.61,2.3,0
Berrettini M.,38,217,142,75,14,11,128,64,Harris L.,186,129,59,70,7,8,52,62,BNP Paribas Open,Indian Wells,Outdoor,Hard,2022-03-15,1.25,4.0,1
Munar J.,104,178,75,103,7,12,68,91,Fritz T.,9,356,205,151,26,22,179,129,BNP Paribas Open,Indian Wells,Outdoor,Hard,2022-03-15,4.5,1.2,0
Paul T.,14,204,111,93,19,13,92,80,De Minaur A.,19,272,161,111,30,19,131,92,BNP Paribas Open,Indian Wells,Outdoor,Hard,2022-03-15,1.8,2.0,0
Isner J.,114,755,465,290,53,45,412,245,Dimitrov G.,20,651,389,262,79,50,310,212,BNP Paribas Open,Indian Wells,Outdoor,Hard,2022-03-16,1.9,1.9,0
Nadal R.,2,1223,1017,206,76,40,941,166,Opelka R.,17,168,88,80,17,10,71,70,BNP Paribas Open,Indian Wells,Outdoor,Hard,2022-03-16,1.22,4.33,1
Rublev A.,7,392,255,137,57,34,198,103,Hurkacz H.,17,238,137,101,27,24,110,77,BNP Paribas Open,Indian Wells,Outdoor,Hard,2022-03-16,1.53,2.5,1
De Minaur A.,19,272,161,111,30,19,131,92,Fritz T.,9,356,205,151,26,22,179,129,BNP Paribas Open,Indian Wells,Outdoor,Hard,2022-03-16,2.1,1.72,0
Kyrgios N.,25,303,195,108,11,7,184,101,Sinner J.,8,224,153,71,42,19,111,52,BNP Paribas Open,Indian Wells,Outdoor,Hard,2022-03-16,2.0,1.8,1
Berrettini M.,38,217,142,75,14,11,128,64,Kecmanovic M.,40,210,107,103,12,16,95,87,BNP Paribas Open,Indian Wells,Outdoor,Hard,2022-03-16,1.4,3.0,0
Rublev A.,7,392,255,137,57,34,198,103,Tiafoe F.,10,303,158,145,24,23,134,122,BNP Paribas Open,Indian Wells,Outdoor,Hard,2022-03-16,1.36,3.2,1
Bublik A.,25,219,110,109,39,30,71,79,Dimitrov G.,20,651,389,262,79,50,310,212,BNP Paribas Open,Indian Wells,Outdoor,Hard,2022-03-16,2.0,1.8,0
Hurkacz H.,17,238,137,101,27,24,110,77,Johnson S.,197,395,196,199,16,23,180,176,BNP Paribas Open,Indian Wells,Outdoor,Hard,2022-03-16,1.28,3.75,1
Alcaraz C.,1,164,130,34,10,5,120,29,Monfils G.,323,816,510,306,131,65,379,241,BNP Paribas Open,Indian Wells,Outdoor,Hard,2022-03-17,1.3,3.5,1
Norrie C.,13,287,172,115,15,18,157,97,Brooksby J.,39,79,46,33,6,5,40,28,BNP Paribas Open,Indian Wells,Outdoor,Hard,2022-03-17,1.72,2.1,1
Nadal R.,2,1223,1017,206,76,40,941,166,Kyrgios N.,25,303,195,108,11,7,184,101,BNP Paribas Open,Indian Wells,Outdoor,Hard,2022-03-17,1.4,3.0,1
Kecmanovic M.,40,210,107,103,12,16,95,87,Fritz T.,9,356,205,151,26,22,179,129,BNP Paribas Open,Indian Wells,Outdoor,Hard,2022-03-18,2.37,1.57,0
Dimitrov G.,20,651,389,262,79,50,310,212,Rublev A.,7,392,255,137,57,34,198,103,BNP Paribas Open,Indian Wells,Outdoor,Hard,2022-03-18,3.4,1.33,0
Norrie C.,13,287,172,115,15,18,157,97,Alcaraz C.,1,164,130,34,10,5,120,29,BNP Paribas Open,Indian Wells,Outdoor,Hard,2022-03-18,3.2,1.36,0
Rublev A.,7,392,255,137,57,34,198,103,Fritz T.,9,356,205,151,26,22,179,129,BNP Paribas Open,Indian Wells,Outdoor,Hard,2022-03-19,1.44,2.75,0
Nadal R.,2,1223,1017,206,76,40,941,166,Alcaraz C.,1,164,130,34,10,5,120,29,BNP Paribas Open,Indian Wells,Outdoor,Hard,2022-03-19,1.61,2.3,1
Fritz T.,9,356,205,151,26,22,179,129,Nadal R.,2,1223,1017,206,76,40,941,166,BNP Paribas Open,Indian Wells,Outdoor,Hard,2022-03-20,4.5,1.2,1
Kudla D.,137,198,70,128,5,14,65,114,Shang J.,149,12,4,8,0,0,4,8,Miami Open,Miami,Outdoor,Hard,2022-03-23,1.33,3.4,1
Verdasco F.,244,962,537,425,79,79,458,346,Coric B.,15,343,185,158,28,28,157,130,Miami Open,Miami,Outdoor,Hard,2022-03-23,2.1,1.72,0
Goffin D.,123,522,296,226,66,52,230,174,Carballes Baena R.,64,207,91,116,11,10,80,106,Miami Open,Miami,Outdoor,Hard,2022-03-23,1.4,3.0,1
Galan D.E.,76,78,33,45,3,5,30,40,Millman J.,140,256,113,143,21,22,92,121,Miami Open,Miami,Outdoor,Hard,2022-03-23,2.75,1.44,1
Paire B.,149,527,237,290,39,56,198,234,Laaksonen H.,125,101,37,64,7,16,30,48,Miami Open,Miami,Outdoor,Hard,2022-03-23,1.9,1.9,0
Otte O.,233,78,33,45,6,14,27,31,Krueger M.,228,24,7,17,0,1,7,16,Miami Open,Miami,Outdoor,Hard,2022-03-23,1.66,2.2,1
Cerundolo J.M.,106,29,12,17,2,3,10,14,Lajovic D.,66,378,163,215,21,36,142,179,Miami Open,Miami,Outdoor,Hard,2022-03-23,7.0,1.1,1
Koepfer D.,84,86,38,48,3,3,35,45,Mcdonald M.,60,190,87,103,11,15,76,88,Miami Open,Miami,Outdoor,Hard,2022-03-23,3.2,1.36,0
Cerundolo F.,21,104,58,46,3,7,55,39,Griekspoor T.,37,97,47,50,7,14,40,36,Miami Open,Miami,Outdoor,Hard,2022-03-23,3.4,1.33,1
Daniel T.,111,178,67,111,3,10,64,101,Munar J.,104,178,75,103,7,12,68,91,Miami Open,Miami,Outdoor,Hard,2022-03-23,2.1,1.72,1
Kwon S.W.,68,108,53,55,12,6,41,49,Nakashima B.,70,106,57,49,6,5,51,44,Miami Open,Miami,Outdoor,Hard,2022-03-23,2.37,1.57,0
Draper J.,55,51,29,22,2,3,27,19,Simon G.,188,869,491,378,135,94,356,284,Miami Open,Miami,Outdoor,Hard,2022-03-23,1.5,2.62,1
Nava E.,242,13,2,11,0,0,2,11,Gaston H.,109,58,24,34,5,9,19,25,Miami Open,Miami,Outdoor,Hard,2022-03-23,2.3,1.61,0
Altmaier D.,51,79,28,51,1,5,27,46,Wolf J.J.,45,75,39,36,8,6,31,30,Miami Open,Miami,Outdoor,Hard,2022-03-24,2.5,1.53,0
Kecmanovic M.,40,210,107,103,12,16,95,87,Sock J.,166,324,177,147,38,24,139,123,Miami Open,Miami,Outdoor,Hard,2022-03-24,1.72,2.1,1
Murray A.,44,932,687,245,132,47,555,198,Delbonis F.,131,340,152,188,19,23,133,165,Miami Open,Miami,Outdoor,Hard,2022-03-24,1.16,5.0,1
Bonzi B.,107,83,37,46,10,13,27,33,Paul T.,14,204,111,93,19,13,92,80,Miami Open,Miami,Outdoor,Hard,2022-03-24,2.62,1.5,0
Rinderknech A.,67,96,46,50,16,12,30,38,Djere L.,38,243,120,123,10,22,110,101,Miami Open,Miami,Outdoor,Hard,2022-03-24,1.53,2.5,1
Van De Zandschulp B.,44,117,63,54,11,11,52,43,Kukushkin M.,221,352,141,211,50,49,91,162,Miami Open,Miami,Outdoor,Hard,2022-03-24,1.28,3.75,0
Giron M.,69,150,68,82,20,14,48,68,Fucsovics M.,67,249,121,128,26,24,95,104,Miami Open,Miami,Outdoor,Hard,2022-03-24,2.1,1.72,0
Majchrzak K.,121,50,19,31,3,4,16,27,Baez S.,72,95,47,48,6,6,41,42,Miami Open,Miami,Outdoor,Hard,2022-03-24,1.72,2.1,1
Thompson J.,71,221,96,125,10,10,86,115,Tsonga J.W.,297,672,444,228,139,62,305,166,Miami Open,Miami,Outdoor,Hard,2022-03-24,1.53,2.5,1
Popyrin A.,90,140,59,81,9,13,50,68,Musetti L.,18,143,79,64,12,12,67,52,Miami Open,Miami,Outdoor,Hard,2022-03-24,2.37,1.57,1
Davidovich Fokina A.,39,168,84,84,17,20,67,64,Korda S.,26,126,75,51,15,9,60,42,Miami Open,Miami,Outdoor,Hard,2022-03-24,2.75,1.44,0
Struff J.L.,21,369,170,199,43,42,127,157,Martinez P.,135,118,50,68,7,6,43,62,Miami Open,Miami,Outdoor,Hard,2022-03-24,2.1,1.72,0
Bagnis F.,135,121,39,82,9,8,30,74,Harris L.,186,129,59,70,7,8,52,62,Miami Open,Miami,Outdoor,Hard,2022-03-24,3.5,1.3,0
Nishioka Y.,31,215,99,116,15,15,84,101,Gomez E.,155,26,7,19,2,2,5,17,Miami Open,Miami,Outdoor,Hard,2022-03-24,1.28,3.75,1
Humbert U.,36,170,80,90,23,21,57,69,Bedene A.,347,291,131,160,18,23,113,137,Miami Open,Miami,Outdoor,Hard,2022-03-24,1.33,3.4,1
Kokkinakis T.,86,124,55,69,0,4,55,65,Gasquet R.,48,948,581,367,133,82,448,285,Miami Open,Miami,Outdoor,Hard,2022-03-24,1.4,3.0,1
Mannarino A.,27,567,264,303,60,73,204,230,Kyrgios N.,25,303,195,108,11,7,184,101,Miami Open,Miami,Outdoor,Hard,2022-03-24,4.5,1.2,0
Cressy M.,96,96,42,54,10,11,32,43,Ruusuvuori E.,55,158,79,79,16,18,63,61,Miami Open,Miami,Outdoor,Hard,2022-03-24,2.37,1.57,0
Brooksby J.,39,79,46,33,6,5,40,28,Coria F.,108,99,43,56,2,6,41,50,Miami Open,Miami,Outdoor,Hard,2022-03-24,1.04,13.0,1
Cerundolo F.,21,104,58,46,3,7,55,39,Opelka R.,17,168,88,80,17,10,71,70,Miami Open,Miami,Outdoor,Hard,2022-03-25,5.0,1.16,1
Galan D.E.,76,78,33,45,3,5,30,40,Bublik A.,25,219,110,109,39,30,71,79,Miami Open,Miami,Outdoor,Hard,2022-03-25,3.0,1.4,0
Draper J.,55,51,29,22,2,3,27,19,Norrie C.,13,287,172,115,15,18,157,97,Miami Open,Miami,Outdoor,Hard,2022-03-25,5.0,1.16,0
Mcdonald M.,60,190,87,103,11,15,76,88,Dimitrov G.,20,651,389,262,79,50,310,212,Miami Open,Miami,Outdoor,Hard,2022-03-25,2.37,1.57,1
Sonego L.,43,221,107,114,19,17,88,97,Kudla D.,137,198,70,128,5,14,65,114,Miami Open,Miami,Outdoor,Hard,2022-03-25,1.5,2.62,0
Monfils G.,323,816,510,306,131,65,379,241,Otte O.,233,78,33,45,6,14,27,31,Miami Open,Miami,Outdoor,Hard,2022-03-25,1.25,4.0,1
Kyrgios N.,25,303,195,108,11,7,184,101,Rublev A.,7,392,255,137,57,34,198,103,Miami Open,Miami,Outdoor,Hard,2022-03-25,2.2,1.66,1
Fognini F.,128,742,383,359,39,48,344,311,Daniel T.,111,178,67,111,3,10,64,101,Miami Open,Miami,Outdoor,Hard,2022-03-25,2.37,1.57,1
Ruusuvuori E.,55,158,79,79,16,18,63,61,Sinner J.,8,224,153,71,42,19,111,52,Miami Open,Miami,Outdoor,Hard,2022-03-25,3.0,1.4,0
Gaston H.,109,58,24,34,5,9,19,25,Isner J.,114,755,465,290,53,45,412,245,Miami Open,Miami,Outdoor,Hard,2022-03-25,4.0,1.25,1
Coric B.,15,343,185,158,28,28,157,130,Zverev A.,19,500,346,154,60,31,286,123,Miami Open,Miami,Outdoor,Hard,2022-03-25,5.5,1.14,0
Goffin D.,123,522,296,226,66,52,230,174,Carreno Busta P.,16,352,214,138,33,25,181,113,Miami Open,Miami,Outdoor,Hard,2022-03-25,2.75,1.44,0
Cerundolo J.M.,106,29,12,17,2,3,10,14,Anderson K.,652,598,347,251,48,38,299,213,Miami Open,Miami,Outdoor,Hard,2022-03-25,,,1
Kokkinakis T.,86,124,55,69,0,4,55,65,Schwartzman D.,95,428,233,195,32,27,201,168,Miami Open,Miami,Outdoor,Hard,2022-03-25,2.1,1.72,1
Tsitsipas S.,5,390,264,126,49,32,215,94,Wolf J.J.,45,75,39,36,8,6,31,30,Miami Open,Miami,Outdoor,Hard,2022-03-26,1.2,4.5,1
Harris L.,186,129,59,70,7,8,52,62,Shapovalov D.,29,298,166,132,30,27,136,105,Miami Open,Miami,Outdoor,Hard,2022-03-26,2.75,1.44,1
Korda S.,26,126,75,51,15,9,60,42,Ramos-Vinolas A.,82,437,204,233,17,31,187,202,Miami Open,Miami,Outdoor,Hard,2022-03-26,1.14,5.5,1
Fritz T.,9,356,205,151,26,22,179,129,Kukushkin M.,221,352,141,211,50,49,91,162,Miami Open,Miami,Outdoor,Hard,2022-03-26,1.25,4.0,1
Humbert U.,36,170,80,90,23,21,57,69,Karatsev A.,75,136,66,70,10,22,56,48,Miami Open,Miami,Outdoor,Hard,2022-03-26,2.2,1.66,0
Auger-Aliassime F.,12,268,163,105,48,22,115,83,Kecmanovic M.,40,210,107,103,12,16,95,87,Miami Open,Miami,Outdoor,Hard,2022-03-26,1.4,3.0,0
Nishioka Y.,31,215,99,116,15,15,84,101,Evans D.,30,251,124,127,18,16,106,111,Miami Open,Miami,Outdoor,Hard,2022-03-26,2.5,1.53,1
Basilashvili N.,118,301,138,163,26,34,112,129,Brooksby J.,39,79,46,33,6,5,40,28,Miami Open,Miami,Outdoor,Hard,2022-03-26,3.2,1.36,0
Martinez P.,135,118,50,68,7,6,43,62,Garin C.,101,190,103,87,15,13,88,74,Miami Open,Miami,Outdoor,Hard,2022-03-26,1.44,2.75,1
Murray A.,44,932,687,245,132,47,555,198,Medvedev D.,3,406,289,117,69,27,220,90,Miami Open,Miami,Outdoor,Hard,2022-03-26,6.0,1.12,0
Khachanov K.,11,378,217,161,44,38,173,123,Paul T.,14,204,111,93,19,13,92,80,Miami Open,Miami,Outdoor,Hard,2022-03-26,1.8,2.0,0
Thompson J.,71,221,96,125,10,10,86,115,De Minaur A.,19,272,161,111,30,19,131,92,Miami Open,Miami,Outdoor,Hard,2022-03-26,4.0,1.25,0
Majchrzak K.,121,50,19,31,3,4,16,27,Bautista Agut R.,25,379,234,145,31,29,203,116,Miami Open,Miami,Outdoor,Hard,2022-03-26,4.33,1.22,0
Nakashima B.,70,106,57,49,6,5,51,44,Tiafoe F.,10,303,158,145,24,23,134,122,Miami Open,Miami,Outdoor,Hard,2022-03-26,1.8,2.0,0
Laaksonen H.,125,101,37,64,7,16,30,48,Ruud C.,4,275,176,99,19,16,157,83,Miami Open,Miami,Outdoor,Hard,2022-03-26,5.5,1.14,0
Hurkacz H.,17,238,137,101,27,24,110,77,Rinderknech A.,67,96,46,50,16,12,30,38,Miami Open,Miami,Outdoor,Hard,2022-03-26,1.33,3.4,1
Sinner J.,8,224,153,71,42,19,111,52,Carreno Busta P.,16,352,214,138,33,25,181,113,Miami Open,Miami,Outdoor,Hard,2022-03-27,1.53,2.5,1
Cerundolo J.M.,106,29,12,17,2,3,10,14,Tiafoe F.,10,303,158,145,24,23,134,122,Miami Open,Miami,Outdoor,Hard,2022-03-27,6.0,1.12,0
Ruud C.,4,275,176,99,19,16,157,83,Bublik A.,25,219,110,109,39,30,71,79,Miami Open,Miami,Outdoor,Hard,2022-03-27,1.3,3.5,1
Kyrgios N.,25,303,195,108,11,7,184,101,Fognini F.,128,742,383,359,39,48,344,311,Miami Open,Miami,Outdoor,Hard,2022-03-27,1.14,5.5,1
Alcaraz C.,1,164,130,34,10,5,120,29,Fucsovics M.,67,249,121,128,26,24,95,104,Miami Open,Miami,Outdoor,Hard,2022-03-27,1.14,5.5,1
Cilic M.,100,853,543,310,119,65,424,245,Popyrin A.,90,140,59,81,9,13,50,68,Miami Open,Miami,Outdoor,Hard,2022-03-27,1.44,2.75,1
Norrie C.,13,287,172,115,15,18,157,97,Gaston H.,109,58,24,34,5,9,19,25,Miami Open,Miami,Outdoor,Hard,2022-03-27,1.12,6.0,1
Paul T.,14,204,111,93,19,13,92,80,Fritz T.,9,356,205,151,26,22,179,129,Miami Open,Miami,Outdoor,Hard,2022-03-28,2.2,1.66,0
Cerundolo F.,21,104,58,46,3,7,55,39,Monfils G.,323,816,510,306,131,65,379,241,Miami Open,Miami,Outdoor,Hard,2022-03-28,5.0,1.16,1
Kudla D.,137,198,70,128,5,14,65,114,Kokkinakis T.,86,124,55,69,0,4,55,65,Miami Open,Miami,Outdoor,Hard,2022-03-28,3.4,1.33,0
Zverev A.,19,500,346,154,60,31,286,123,Mcdonald M.,60,190,87,103,11,15,76,88,Miami Open,Miami,Outdoor,Hard,2022-03-28,1.16,5.0,1
Brooksby J.,39,79,46,33,6,5,40,28,Bautista Agut R.,25,379,234,145,31,29,203,116,Miami Open,Miami,Outdoor,Hard,2022-03-28,1.66,2.2,1
Martinez P.,135,118,50,68,7,6,43,62,Medvedev D.,3,406,289,117,69,27,220,90,Miami Open,Miami,Outdoor,Hard,2022-03-28,11.0,1.05,0
Karatsev A.,75,136,66,70,10,22,56,48,Hurkacz H.,17,238,137,101,27,24,110,77,Miami Open,Miami,Outdoor,Hard,2022-03-28,3.0,1.4,0
Nishioka Y.,31,215,99,116,15,15,84,101,Harris L.,186,129,59,70,7,8,52,62,Miami Open,Miami,Outdoor,Hard,2022-03-28,2.62,1.5,0
Cilic M.,100,853,543,310,119,65,424,245,Alcaraz C.,1,164,130,34,10,5,120,29,Miami Open,Miami,Outdoor,Hard,2022-03-28,4.33,1.22,0
Korda S.,26,126,75,51,15,9,60,42,Kecmanovic M.,40,210,107,103,12,16,95,87,Miami Open,Miami,Outdoor,Hard,2022-03-28,2.1,1.72,0
Brooksby J.,39,79,46,33,6,5,40,28,Medvedev D.,3,406,289,117,69,27,220,90,Miami Open,Miami,Outdoor,Hard,2022-03-29,5.0,1.16,0
Hurkacz H.,17,238,137,101,27,24,110,77,Harris L.,186,129,59,70,7,8,52,62,Miami Open,Miami,Outdoor,Hard,2022-03-29,1.3,3.5,1
Sinner J.,8,224,153,71,42,19,111,52,Kyrgios N.,25,303,195,108,11,7,184,101,Miami Open,Miami,Outdoor,Hard,2022-03-29,2.75,1.44,1
Cerundolo F.,21,104,58,46,3,7,55,39,Tiafoe F.,10,303,158,145,24,23,134,122,Miami Open,Miami,Outdoor,Hard,2022-03-29,3.2,1.36,1
Ruud C.,4,275,176,99,19,16,157,83,Norrie C.,13,287,172,115,15,18,157,97,Miami Open,Miami,Outdoor,Hard,2022-03-29,1.57,2.37,1
De Minaur A.,19,272,161,111,30,19,131,92,Tsitsipas S.,5,390,264,126,49,32,215,94,Miami Open,Miami,Outdoor,Hard,2022-03-29,3.2,1.36,0
Zverev A.,19,500,346,154,60,31,286,123,Kokkinakis T.,86,124,55,69,0,4,55,65,Miami Open,Miami,Outdoor,Hard,2022-03-29,1.2,4.5,1
Tsitsipas S.,5,390,264,126,49,32,215,94,Alcaraz C.,1,164,130,34,10,5,120,29,Miami Open,Miami,Outdoor,Hard,2022-03-30,2.62,1.5,0
Fritz T.,9,356,205,151,26,22,179,129,Kecmanovic M.,40,210,107,103,12,16,95,87,Miami Open,Miami,Outdoor,Hard,2022-03-30,1.5,2.62,0
Cerundolo F.,21,104,58,46,3,7,55,39,Sinner J.,8,224,153,71,42,19,111,52,Miami Open,Miami,Outdoor,Hard,2022-03-30,5.5,1.14,1
Ruud C.,4,275,176,99,19,16,157,83,Zverev A.,19,500,346,154,60,31,286,123,Miami Open,Miami,Outdoor,Hard,2022-03-31,3.5,1.3,1
Medvedev D.,3,406,289,117,69,27,220,90,Hurkacz H.,17,238,137,101,27,24,110,77,Miami Open,Miami,Outdoor,Hard,2022-03-31,1.25,4.0,0
Kecmanovic M.,40,210,107,103,12,16,95,87,Alcaraz C.,1,164,130,34,10,5,120,29,Miami Open,Miami,Outdoor,Hard,2022-04-01,5.0,1.16,0
Cerundolo F.,21,104,58,46,3,7,55,39,Ruud C.,4,275,176,99,19,16,157,83,Miami Open,Miami,Outdoor,Hard,2022-04-01,5.5,1.14,0
Alcaraz C.,1,164,130,34,10,5,120,29,Hurkacz H.,17,238,137,101,27,24,110,77,Miami Open,Miami,Outdoor,Hard,2022-04-02,1.44,2.75,1
Ruud C.,4,275,176,99,19,16,157,83,Alcaraz C.,1,164,130,34,10,5,120,29,Miami Open,Miami,Outdoor,Hard,2022-04-03,3.4,1.33,0
Cecchinato M.,108,204,79,125,2,14,77,111,Carballes Baena R.,64,207,91,116,11,10,80,106,Grand Prix Hassan II,Marrakech,Outdoor,Clay,2022-04-05,3.2,1.36,0
Evans D.,30,251,124,127,18,16,106,111,Andujar P.,323,404,164,240,12,30,152,210,Grand Prix Hassan II,Marrakech,Outdoor,Clay,2022-04-05,2.3,1.61,0
Coria F.,108,99,43,56,2,6,41,50,Davidovich Fokina A.,39,168,84,84,17,20,67,64,Grand Prix Hassan II,Marrakech,Outdoor,Clay,2022-04-05,2.75,1.44,1
Molcan A.,120,86,45,41,1,6,44,35,Travaglia S.,1024,81,27,54,5,12,22,42,Grand Prix Hassan II,Marrakech,Outdoor,Clay,2022-04-05,1.5,2.62,1
Benchetrit E.,445,8,1,7,0,0,1,7,Auger-Aliassime F.,12,268,163,105,48,22,115,83,Grand Prix Hassan II,Marrakech,Outdoor,Clay,2022-04-05,13.0,1.04,0
Gasquet R.,48,948,581,367,133,82,448,285,Laaksonen H.,125,101,37,64,7,16,30,48,Grand Prix Hassan II,Marrakech,Outdoor,Clay,2022-04-05,1.57,2.37,1
Delbonis F.,131,340,152,188,19,23,133,165,Sousa J.,147,436,189,247,42,44,147,203,Grand Prix Hassan II,Marrakech,Outdoor,Clay,2022-04-05,1.4,3.0,0
Ramos-Vinolas A.,82,437,204,233,17,31,187,202,Musetti L.,18,143,79,64,12,12,67,52,Grand Prix Hassan II,Marrakech,Outdoor,Clay,2022-04-05,1.66,2.2,0
Jaziri M.,444,217,83,134,8,20,75,114,Vesely J.,528,288,130,158,6,19,124,139,Grand Prix Hassan II,Marrakech,Outdoor,Clay,2022-04-05,7.0,1.1,1
Hanfmann Y.,50,99,50,49,5,4,45,45,Taberner C.,181,37,13,24,4,6,9,18,Grand Prix Hassan II,Marrakech,Outdoor,Clay,2022-04-05,2.0,1.8,0
Djere L.,38,243,120,123,10,22,110,101,Lehecka J.,33,61,30,31,4,4,26,27,Grand Prix Hassan II,Marrakech,Outdoor,Clay,2022-04-05,1.53,2.5,1
Van De Zandschulp B.,44,117,63,54,11,11,52,43,Dellien H.,164,70,22,48,5,5,17,43,Grand Prix Hassan II,Marrakech,Outdoor,Clay,2022-04-05,1.72,2.1,1
Thompson J.,71,221,96,125,10,10,86,115,Diez S.,292,10,2,8,0,0,2,8,U.S. Men's Clay Court Championships,Houston,Outdoor,Clay,2022-04-05,1.5,2.62,1
Querrey S.,287,678,369,309,48,39,321,270,Galan D.E.,76,78,33,45,3,5,30,40,U.S. Men's Clay Court Championships,Houston,Outdoor,Clay,2022-04-05,2.75,1.44,1
Brooksby J.,39,79,46,33,6,5,40,28,Wolf J.J.,45,75,39,36,8,6,31,30,U.S. Men's Clay Court Championships,Houston,Outdoor,Clay,2022-04-05,1.28,3.75,0
Varillas J. P.,1345,20,9,11,2,1,7,10,Krueger M.,228,24,7,17,0,1,7,16,U.S. Men's Clay Court Championships,Houston,Outdoor,Clay,2022-04-05,1.44,2.75,0
Kudla D.,137,198,70,128,5,14,65,114,Johnson S.,197,395,196,199,16,23,180,176,U.S. Men's Clay Court Championships,Houston,Outdoor,Clay,2022-04-05,2.3,1.61,0
Lopez F.,634,863,441,422,71,82,370,340,Brouwer G.,144,21,11,10,3,2,8,8,U.S. Men's Clay Court Championships,Houston,Outdoor,Clay,2022-04-05,2.1,1.72,0
Kyrgios N.,25,303,195,108,11,7,184,101,Mcdonald M.,60,190,87,103,11,15,76,88,U.S. Men's Clay Court Championships,Houston,Outdoor,Clay,2022-04-05,1.44,2.75,1
Gojowczyk P.,108,172,75,97,17,18,58,79,Paul T.,14,204,111,93,19,13,92,80,U.S. Men's Clay Court Championships,Houston,Outdoor,Clay,2022-04-05,5.5,1.14,0
Mmoh M.,112,55,20,35,0,3,20,32,Querrey S.,287,678,369,309,48,39,321,270,U.S. Men's Clay Court Championships,Houston,Outdoor,Clay,2022-04-06,2.5,1.53,1
Tiafoe F.,10,303,158,145,24,23,134,122,Giron M.,69,150,68,82,20,14,48,68,U.S. Men's Clay Court Championships,Houston,Outdoor,Clay,2022-04-06,1.53,2.5,1
Taberner C.,181,37,13,24,4,6,9,18,Musetti L.,18,143,79,64,12,12,67,52,Grand Prix Hassan II,Marrakech,Outdoor,Clay,2022-04-06,2.75,1.44,0
Dzumhur D.,202,234,107,127,31,29,76,98,Goffin D.,123,522,296,226,66,52,230,174,Grand Prix Hassan II,Marrakech,Outdoor,Clay,2022-04-06,2.62,1.5,0
Zapata Miralles B.,54,80,32,48,1,6,31,42,Kopriva V.,159,9,5,4,0,0,5,4,Grand Prix Hassan II,Marrakech,Outdoor,Clay,2022-04-06,1.72,2.1,0
Kotov P.,89,25,10,15,1,4,9,11,Griekspoor T.,37,97,47,50,7,14,40,36,Grand Prix Hassan II,Marrakech,Outdoor,Clay,2022-04-06,3.2,1.36,1
Majchrzak K.,121,50,19,31,3,4,16,27,Basic M.,292,50,22,28,12,7,10,21,Grand Prix Hassan II,Marrakech,Outdoor,Clay,2022-04-06,1.22,4.33,0
Garin C.,101,190,103,87,15,13,88,74,Sock J.,166,324,177,147,38,24,139,123,U.S. Men's Clay Court Championships,Houston,Outdoor,Clay,2022-04-06,1.9,1.9,1
Jaziri M.,444,217,83,134,8,20,75,114,Djere L.,38,243,120,123,10,22,110,101,Grand Prix Hassan II,Marrakech,Outdoor,Clay,2022-04-06,7.0,1.1,0
Harrison C.,251,15,6,9,0,0,6,9,Tabilo A.,122,44,21,23,5,4,16,19,U.S. Men's Clay Court Championships,Houston,Outdoor,Clay,2022-04-06,4.33,1.22,0
Cuevas P.,149,421,210,211,34,25,176,186,Purcell M.,78,28,9,19,0,0,9,19,U.S. Men's Clay Court Championships,Houston,Outdoor,Clay,2022-04-06,1.44,2.75,1
Kyrgios N.,25,303,195,108,11,7,184,101,Paul T.,14,204,111,93,19,13,92,80,U.S. Men's Clay Court Championships,Houston,Outdoor,Clay,2022-04-06,1.61,2.3,1
Molcan A.,120,86,45,41,1,6,44,35,Auger-Aliassime F.,12,268,163,105,48,22,115,83,Grand Prix Hassan II,Marrakech,Outdoor,Clay,2022-04-07,3.75,1.28,1
Kopriva V.,159,9,5,4,0,0,5,4,Van De Zandschulp B.,44,117,63,54,11,11,52,43,Grand Prix Hassan II,Marrakech,Outdoor,Clay,2022-04-07,3.0,1.4,0
Gasquet R.,48,948,581,367,133,82,448,285,Kotov P.,89,25,10,15,1,4,9,11,Grand Prix Hassan II,Marrakech,Outdoor,Clay,2022-04-07,1.44,2.75,1
Carballes Baena R.,64,207,91,116,11,10,80,106,Sousa J.,147,436,189,247,42,44,147,203,Grand Prix Hassan II,Marrakech,Outdoor,Clay,2022-04-07,1.44,2.75,1
Goffin D.,123,522,296,226,66,52,230,174,Andujar P.,323,404,164,240,12,30,152,210,Grand Prix Hassan II,Marrakech,Outdoor,Clay,2022-04-07,2.3,1.61,1
Basic M.,292,50,22,28,12,7,10,21,Coria F.,108,99,43,56,2,6,41,50,Grand Prix Hassan II,Marrakech,Outdoor,Clay,2022-04-07,3.75,1.28,0
Cuevas P.,149,421,210,211,34,25,176,186,Tiafoe F.,10,303,158,145,24,23,134,122,U.S. Men's Clay Court Championships,Houston,Outdoor,Clay,2022-04-07,3.0,1.4,0
Garin C.,101,190,103,87,15,13,88,74,Thompson J.,71,221,96,125,10,10,86,115,U.S. Men's Clay Court Championships,Houston,Outdoor,Clay,2022-04-07,1.36,3.2,1
Brouwer G.,144,21,11,10,3,2,8,8,Wolf J.J.,45,75,39,36,8,6,31,30,U.S. Men's Clay Court Championships,Houston,Outdoor,Clay,2022-04-07,3.4,1.33,1
Opelka R.,17,168,88,80,17,10,71,70,Krueger M.,228,24,7,17,0,1,7,16,U.S. Men's Clay Court Championships,Houston,Outdoor,Clay,2022-04-07,1.36,3.2,1
Van De Zandschulp B.,44,117,63,54,11,11,52,43,Molcan A.,120,86,45,41,1,6,44,35,Grand Prix Hassan II,Marrakech,Outdoor,Clay,2022-04-08,1.9,1.9,0
Coria F.,108,99,43,56,2,6,41,50,Gasquet R.,48,948,581,367,133,82,448,285,Grand Prix Hassan II,Marrakech,Outdoor,Clay,2022-04-08,1.61,2.3,1
Goffin D.,123,522,296,226,66,52,230,174,Carballes Baena R.,64,207,91,116,11,10,80,106,Grand Prix Hassan II,Marrakech,Outdoor,Clay,2022-04-08,1.66,2.2,1
Djere L.,38,243,120,123,10,22,110,101,Musetti L.,18,143,79,64,12,12,67,52,Grand Prix Hassan II,Marrakech,Outdoor,Clay,2022-04-08,2.1,1.72,1
Isner J.,114,755,465,290,53,45,412,245,Johnson S.,197,395,196,199,16,23,180,176,U.S. Men's Clay Court Championships,Houston,Outdoor,Clay,2022-04-08,1.66,2.2,1
Brouwer G.,144,21,11,10,3,2,8,8,Opelka R.,17,168,88,80,17,10,71,70,U.S. Men's Clay Court Championships,Houston,Outdoor,Clay,2022-04-08,4.0,1.25,0
Mmoh M.,112,55,20,35,0,3,20,32,Kyrgios N.,25,303,195,108,11,7,184,101,U.S. Men's Clay Court Championships,Houston,Outdoor,Clay,2022-04-08,7.0,1.1,0
Fritz T.,9,356,205,151,26,22,179,129,Garin C.,101,190,103,87,15,13,88,74,U.S. Men's Clay Court Championships,Houston,Outdoor,Clay,2022-04-08,1.3,3.5,0
Tabilo A.,122,44,21,23,5,4,16,19,Fritz T.,9,356,205,151,26,22,179,129,U.S. Men's Clay Court Championships,Houston,Outdoor,Clay,2022-04-08,2.2,1.66,0
Isner J.,114,755,465,290,53,45,412,245,Tiafoe F.,10,303,158,145,24,23,134,122,U.S. Men's Clay Court Championships,Houston,Outdoor,Clay,2022-04-09,1.9,1.9,1
Opelka R.,17,168,88,80,17,10,71,70,Kyrgios N.,25,303,195,108,11,7,184,101,U.S. Men's Clay Court Championships,Houston,Outdoor,Clay,2022-04-09,2.5,1.53,1
Isner J.,114,755,465,290,53,45,412,245,Garin C.,101,190,103,87,15,13,88,74,U.S. Men's Clay Court Championships,Houston,Outdoor,Clay,2022-04-09,1.8,2.0,1
Coria F.,108,99,43,56,2,6,41,50,Goffin D.,123,522,296,226,66,52,230,174,Grand Prix Hassan II,Marrakech,Outdoor,Clay,2022-04-09,2.2,1.66,0
Molcan A.,120,86,45,41,1,6,44,35,Djere L.,38,243,120,123,10,22,110,101,Grand Prix Hassan II,Marrakech,Outdoor,Clay,2022-04-09,2.2,1.66,1
Harris L.,186,129,59,70,7,8,52,62,Fucsovics M.,67,249,121,128,26,24,95,104,Monte Carlo Masters,Monte Carlo,Outdoor,Clay,2022-04-10,2.62,1.5,0
Basilashvili N.,118,301,138,163,26,34,112,129,Dimitrov G.,20,651,389,262,79,50,310,212,Monte Carlo Masters,Monte Carlo,Outdoor,Clay,2022-04-10,2.75,1.44,0
Krajinovic F.,93,240,115,125,38,34,77,91,Lajovic D.,66,378,163,215,21,36,142,179,Monte Carlo Masters,Monte Carlo,Outdoor,Clay,2022-04-10,1.66,2.2,0
Molcan A.,120,86,45,41,1,6,44,35,Goffin D.,123,522,296,226,66,52,230,174,Grand Prix Hassan II,Marrakech,Outdoor,Clay,2022-04-10,1.8,2.0,0
Isner J.,114,755,465,290,53,45,412,245,Opelka R.,17,168,88,80,17,10,71,70,U.S. Men's Clay Court Championships,Houston,Outdoor,Clay,2022-04-10,2.3,1.61,0
Giron M.,69,150,68,82,20,14,48,68,Davidovich Fokina A.,39,168,84,84,17,20,67,64,Monte Carlo Masters,Monte Carlo,Outdoor,Clay,2022-04-10,2.75,1.44,0
Cilic M.,100,853,543,310,119,65,424,245,Tsonga J.W.,297,672,444,228,139,62,305,166,Monte Carlo Masters,Monte Carlo,Outdoor,Clay,2022-04-11,1.22,4.33,1
Hurkacz H.,17,238,137,101,27,24,110,77,Dellien H.,164,70,22,48,5,5,17,43,Monte Carlo Masters,Monte Carlo,Outdoor,Clay,2022-04-11,1.4,3.0,1
Carreno Busta P.,16,352,214,138,33,25,181,113,Baez S.,72,95,47,48,6,6,41,42,Monte Carlo Masters,Monte Carlo,Outdoor,Clay,2022-04-11,1.44,2.75,1
Sinner J.,8,224,153,71,42,19,111,52,Coric B.,15,343,185,158,28,28,157,130,Monte Carlo Masters,Monte Carlo,Outdoor,Clay,2022-04-11,1.36,3.2,1
Zapata Miralles B.,54,80,32,48,1,6,31,42,De Minaur A.,19,272,161,111,30,19,131,92,Monte Carlo Masters,Monte Carlo,Outdoor,Clay,2022-04-11,3.5,1.3,0
Wawrinka S.,72,854,535,319,84,69,451,250,Bublik A.,25,219,110,109,39,30,71,79,Monte Carlo Masters,Monte Carlo,Outdoor,Clay,2022-04-11,2.75,1.44,0
Schwartzman D.,95,428,233,195,32,27,201,168,Khachanov K.,11,378,217,161,44,38,173,123,Monte Carlo Masters,Monte Carlo,Outdoor,Clay,2022-04-11,1.44,2.75,1
Rinderknech A.,67,96,46,50,16,12,30,38,Fognini F.,128,742,383,359,39,48,344,311,Monte Carlo Masters,Monte Carlo,Outdoor,Clay,2022-04-11,2.75,1.44,0
Griekspoor T.,37,97,47,50,7,14,40,36,Ramos-Vinolas A.,82,437,204,233,17,31,187,202,Monte Carlo Masters,Monte Carlo,Outdoor,Clay,2022-04-11,2.37,1.57,0
Korda S.,26,126,75,51,15,9,60,42,Van De Zandschulp B.,44,117,63,54,11,11,52,43,Monte Carlo Masters,Monte Carlo,Outdoor,Clay,2022-04-11,1.66,2.2,1
Munar J.,104,178,75,103,7,12,68,91,Delbonis F.,131,340,152,188,19,23,133,165,Monte Carlo Masters,Monte Carlo,Outdoor,Clay,2022-04-11,1.3,3.5,0
Goffin D.,123,522,296,226,66,52,230,174,Lehecka J.,33,61,30,31,4,4,26,27,Monte Carlo Masters,Monte Carlo,Outdoor,Clay,2022-04-12,1.66,2.2,1
Tsitsipas S.,5,390,264,126,49,32,215,94,Fognini F.,128,742,383,359,39,48,344,311,Monte Carlo Masters,Monte Carlo,Outdoor,Clay,2022-04-12,1.28,3.75,1
Davidovich Fokina A.,39,168,84,84,17,20,67,64,Djokovic N.,2,1207,1012,195,146,42,866,153,Monte Carlo Masters,Monte Carlo,Outdoor,Clay,2022-04-12,5.0,1.16,1
Rune H.,6,131,83,48,28,9,55,39,Karatsev A.,75,136,66,70,10,22,56,48,Monte Carlo Masters,Monte Carlo,Outdoor,Clay,2022-04-12,1.66,2.2,1
Paire B.,149,527,237,290,39,56,198,234,Musetti L.,18,143,79,64,12,12,67,52,Monte Carlo Masters,Monte Carlo,Outdoor,Clay,2022-04-12,3.0,1.4,0
Dimitrov G.,20,651,389,262,79,50,310,212,Lajovic D.,66,378,163,215,21,36,142,179,Monte Carlo Masters,Monte Carlo,Outdoor,Clay,2022-04-12,1.5,2.62,1
Cressy M.,96,96,42,54,10,11,32,43,Djere L.,38,243,120,123,10,22,110,101,Monte Carlo Masters,Monte Carlo,Outdoor,Clay,2022-04-12,3.75,1.28,0
Humbert U.,36,170,80,90,23,21,57,69,Martinez P.,135,118,50,68,7,6,43,62,Monte Carlo Masters,Monte Carlo,Outdoor,Clay,2022-04-12,3.0,1.4,0
Sonego L.,43,221,107,114,19,17,88,97,Ivashka I.,113,159,78,81,19,18,59,63,Monte Carlo Masters,Monte Carlo,Outdoor,Clay,2022-04-12,1.4,3.0,1
Evans D.,30,251,124,127,18,16,106,111,Bonzi B.,107,83,37,46,10,13,27,33,Monte Carlo Masters,Monte Carlo,Outdoor,Clay,2022-04-12,1.8,2.0,1
Ruusuvuori E.,55,158,79,79,16,18,63,61,Otte O.,233,78,33,45,6,14,27,31,Monte Carlo Masters,Monte Carlo,Outdoor,Clay,2022-04-12,1.66,2.2,1
Fritz T.,9,356,205,151,26,22,179,129,Catarina L.,430,4,0,4,0,0,0,4,Monte Carlo Masters,Monte Carlo,Outdoor,Clay,2022-04-12,1.02,17.0,1
Zverev A.,19,500,346,154,60,31,286,123,Delbonis F.,131,340,152,188,19,23,133,165,Monte Carlo Masters,Monte Carlo,Outdoor,Clay,2022-04-13,1.14,5.5,1
Rublev A.,7,392,255,137,57,34,198,103,De Minaur A.,19,272,161,111,30,19,131,92,Monte Carlo Masters,Monte Carlo,Outdoor,Clay,2022-04-13,1.3,3.5,1
Auger-Aliassime F.,12,268,163,105,48,22,115,83,Musetti L.,18,143,79,64,12,12,67,52,Monte Carlo Masters,Monte Carlo,Outdoor,Clay,2022-04-13,1.57,2.37,0
Ruusuvuori E.,55,158,79,79,16,18,63,61,Sinner J.,8,224,153,71,42,19,111,52,Monte Carlo Masters,Monte Carlo,Outdoor,Clay,2022-04-13,3.5,1.3,0
Bublik A.,25,219,110,109,39,30,71,79,Carreno Busta P.,16,352,214,138,33,25,181,113,Monte Carlo Masters,Monte Carlo,Outdoor,Clay,2022-04-13,4.33,1.22,0
Ruud C.,4,275,176,99,19,16,157,83,Rune H.,6,131,83,48,28,9,55,39,Monte Carlo Masters,Monte Carlo,Outdoor,Clay,2022-04-13,1.16,5.0,1
Fucsovics M.,67,249,121,128,26,24,95,104,Schwartzman D.,95,428,233,195,32,27,201,168,Monte Carlo Masters,Monte Carlo,Outdoor,Clay,2022-04-13,3.5,1.3,0
Evans D.,30,251,124,127,18,16,106,111,Goffin D.,123,522,296,226,66,52,230,174,Monte Carlo Masters,Monte Carlo,Outdoor,Clay,2022-04-13,2.2,1.66,0
Martinez P.,135,118,50,68,7,6,43,62,Hurkacz H.,17,238,137,101,27,24,110,77,Monte Carlo Masters,Monte Carlo,Outdoor,Clay,2022-04-13,2.62,1.5,0
Djere L.,38,243,120,123,10,22,110,101,Sonego L.,43,221,107,114,19,17,88,97,Monte Carlo Masters,Monte Carlo,Outdoor,Clay,2022-04-13,2.2,1.66,1
Korda S.,26,126,75,51,15,9,60,42,Alcaraz C.,1,164,130,34,10,5,120,29,Monte Carlo Masters,Monte Carlo,Outdoor,Clay,2022-04-13,4.33,1.22,1
Norrie C.,13,287,172,115,15,18,157,97,Ramos-Vinolas A.,82,437,204,233,17,31,187,202,Monte Carlo Masters,Monte Carlo,Outdoor,Clay,2022-04-13,1.66,2.2,0
Fritz T.,9,356,205,151,26,22,179,129,Cilic M.,100,853,543,310,119,65,424,245,Monte Carlo Masters,Monte Carlo,Outdoor,Clay,2022-04-13,2.37,1.57,1
Fritz T.,9,356,205,151,26,22,179,129,Korda S.,26,126,75,51,15,9,60,42,Monte Carlo Masters,Monte Carlo,Outdoor,Clay,2022-04-14,2.2,1.66,1
Ruud C.,4,275,176,99,19,16,157,83,Dimitrov G.,20,651,389,262,79,50,310,212,Monte Carlo Masters,Monte Carlo,Outdoor,Clay,2022-04-14,1.2,4.5,0
Goffin D.,123,522,296,226,66,52,230,174,Davidovich Fokina A.,39,168,84,84,17,20,67,64,Monte Carlo Masters,Monte Carlo,Outdoor,Clay,2022-04-14,1.72,2.1,0
Musetti L.,18,143,79,64,12,12,67,52,Schwartzman D.,95,428,233,195,32,27,201,168,Monte Carlo Masters,Monte Carlo,Outdoor,Clay,2022-04-14,2.37,1.57,0
Tsitsipas S.,5,390,264,126,49,32,215,94,Djere L.,38,243,120,123,10,22,110,101,Monte Carlo Masters,Monte Carlo,Outdoor,Clay,2022-04-14,1.12,6.0,1
Zverev A.,19,500,346,154,60,31,286,123,Carreno Busta P.,16,352,214,138,33,25,181,113,Monte Carlo Masters,Monte Carlo,Outdoor,Clay,2022-04-14,1.3,3.5,1
Hurkacz H.,17,238,137,101,27,24,110,77,Ramos-Vinolas A.,82,437,204,233,17,31,187,202,Monte Carlo Masters,Monte Carlo,Outdoor,Clay,2022-04-14,1.61,2.3,1
Sinner J.,8,224,153,71,42,19,111,52,Rublev A.,7,392,255,137,57,34,198,103,Monte Carlo Masters,Monte Carlo,Outdoor,Clay,2022-04-14,1.9,1.9,1
Tsitsipas S.,5,390,264,126,49,32,215,94,Schwartzman D.,95,428,233,195,32,27,201,168,Monte Carlo Masters,Monte Carlo,Outdoor,Clay,2022-04-15,1.33,3.4,1
Sinner J.,8,224,153,71,42,19,111,52,Zverev A.,19,500,346,154,60,31,286,123,Monte Carlo Masters,Monte Carlo,Outdoor,Clay,2022-04-15,2.75,1.44,0
Fritz T.,9,356,205,151,26,22,179,129,Davidovich Fokina A.,39,168,84,84,17,20,67,64,Monte Carlo Masters,Monte Carlo,Outdoor,Clay,2022-04-15,2.0,1.8,0
Dimitrov G.,20,651,389,262,79,50,310,212,Hurkacz H.,17,238,137,101,27,24,110,77,Monte Carlo Masters,Monte Carlo,Outdoor,Clay,2022-04-15,2.0,1.8,1
Davidovich Fokina A.,39,168,84,84,17,20,67,64,Dimitrov G.,20,651,389,262,79,50,310,212,Monte Carlo Masters,Monte Carlo,Outdoor,Clay,2022-04-16,1.72,2.1,1
Zverev A.,19,500,346,154,60,31,286,123,Tsitsipas S.,5,390,264,126,49,32,215,94,Monte Carlo Masters,Monte Carlo,Outdoor,Clay,2022-04-16,1.9,1.9,0
Tsitsipas S.,5,390,264,126,49,32,215,94,Davidovich Fokina A.,39,168,84,84,17,20,67,64,Monte Carlo Masters,Monte Carlo,Outdoor,Clay,2022-04-17,1.22,4.33,1
Garin C.,101,190,103,87,15,13,88,74,Rune H.,6,131,83,48,28,9,55,39,Serbia Open,Belgrade,Outdoor,Clay,2022-04-18,2.1,1.72,0
Gasquet R.,48,948,581,367,133,82,448,285,Kecmanovic M.,40,210,107,103,12,16,95,87,Serbia Open,Belgrade,Outdoor,Clay,2022-04-18,3.75,1.28,0
Fognini F.,128,742,383,359,39,48,344,311,Cecchinato M.,108,204,79,125,2,14,77,111,Serbia Open,Belgrade,Outdoor,Clay,2022-04-18,1.4,3.0,1
Munar J.,104,178,75,103,7,12,68,91,Moroni G.M.,181,2,0,2,0,0,0,2,Barcelona Open,Barcelona,Outdoor,Clay,2022-04-18,1.12,6.0,1
Ymer E.,186,81,24,57,3,11,21,46,Cressy M.,96,96,42,54,10,11,32,43,Barcelona Open,Barcelona,Outdoor,Clay,2022-04-18,1.44,2.75,1
Robredo T.,362,684,411,273,44,41,367,232,Zapata Miralles B.,54,80,32,48,1,6,31,42,Barcelona Open,Barcelona,Outdoor,Clay,2022-04-18,7.0,1.1,0
Alvarez Varona N.,231,3,1,2,1,1,0,1,Nakashima B.,70,106,57,49,6,5,51,44,Barcelona Open,Barcelona,Outdoor,Clay,2022-04-18,3.4,1.33,0
Gerasimov E.,150,93,43,50,19,19,24,31,Mannarino A.,27,567,264,303,60,73,204,230,Barcelona Open,Barcelona,Outdoor,Clay,2022-04-18,1.53,2.5,1
Baez S.,72,95,47,48,6,6,41,42,Musetti L.,18,143,79,64,12,12,67,52,Barcelona Open,Barcelona,Outdoor,Clay,2022-04-18,1.9,1.9,0
Giron M.,69,150,68,82,20,14,48,68,Coria F.,108,99,43,56,2,6,41,50,Barcelona Open,Barcelona,Outdoor,Clay,2022-04-18,3.0,1.4,0
Kwon S.W.,68,108,53,55,12,6,41,49,Paire B.,149,527,237,290,39,56,198,234,Barcelona Open,Barcelona,Outdoor,Clay,2022-04-18,2.1,1.72,1
Mcdonald M.,60,190,87,103,11,15,76,88,Grenier H.,122,16,5,11,1,2,4,9,Barcelona Open,Barcelona,Outdoor,Clay,2022-04-18,1.28,3.75,1
Kukushkin M.,221,352,141,211,50,49,91,162,Bedene A.,347,291,131,160,18,23,113,137,Serbia Open,Belgrade,Outdoor,Clay,2022-04-18,2.2,1.66,0
Otte O.,233,78,33,45,6,14,27,31,Tabilo A.,122,44,21,23,5,4,16,19,Serbia Open,Belgrade,Outdoor,Clay,2022-04-19,2.3,1.61,1
Goffin D.,123,522,296,226,66,52,230,174,Krajinovic F.,93,240,115,125,38,34,77,91,Serbia Open,Belgrade,Outdoor,Clay,2022-04-19,1.61,2.3,0
Sousa J.,147,436,189,247,42,44,147,203,Monteiro T.,121,171,69,102,9,11,60,91,Serbia Open,Belgrade,Outdoor,Clay,2022-04-19,2.37,1.57,0
Thiem D.,116,517,327,190,53,39,274,151,Millman J.,140,256,113,143,21,22,92,121,Serbia Open,Belgrade,Outdoor,Clay,2022-04-19,1.5,2.62,0
Ymer M.,59,130,58,72,18,23,40,49,Safiullin R.,92,42,20,22,7,7,13,15,Serbia Open,Belgrade,Outdoor,Clay,2022-04-19,1.72,2.1,0
Djere L.,38,243,120,123,10,22,110,101,Medjedovic H.,147,11,3,8,0,1,3,7,Serbia Open,Belgrade,Outdoor,Clay,2022-04-19,1.14,5.5,1
Laaksonen H.,125,101,37,64,7,16,30,48,Lehecka J.,33,61,30,31,4,4,26,27,Serbia Open,Belgrade,Outdoor,Clay,2022-04-19,2.62,1.5,0
Lajovic D.,66,378,163,215,21,36,142,179,Daniel T.,111,178,67,111,3,10,64,101,Serbia Open,Belgrade,Outdoor,Clay,2022-04-19,1.8,2.0,0
Ymer E.,186,81,24,57,3,11,21,46,Sonego L.,43,221,107,114,19,17,88,97,Barcelona Open,Barcelona,Outdoor,Clay,2022-04-19,2.62,1.5,0
Ruud C.,4,275,176,99,19,16,157,83,Nakashima B.,70,106,57,49,6,5,51,44,Barcelona Open,Barcelona,Outdoor,Clay,2022-04-19,1.1,7.0,1
Norrie C.,13,287,172,115,15,18,157,97,Gerasimov E.,150,93,43,50,19,19,24,31,Barcelona Open,Barcelona,Outdoor,Clay,2022-04-19,1.12,6.0,1
Evans D.,30,251,124,127,18,16,106,111,Musetti L.,18,143,79,64,12,12,67,52,Barcelona Open,Barcelona,Outdoor,Clay,2022-04-19,3.2,1.36,0
Martinez P.,135,118,50,68,7,6,43,62,Ivashka I.,113,159,78,81,19,18,59,63,Barcelona Open,Barcelona,Outdoor,Clay,2022-04-19,1.36,3.2,0
Humbert U.,36,170,80,90,23,21,57,69,Andujar P.,323,404,164,240,12,30,152,210,Barcelona Open,Barcelona,Outdoor,Clay,2022-04-19,2.75,1.44,1
Guinard M.,148,9,4,5,2,2,2,3,Dellien H.,164,70,22,48,5,5,17,43,Barcelona Open,Barcelona,Outdoor,Clay,2022-04-19,3.0,1.4,0
Ruusuvuori E.,55,158,79,79,16,18,63,61,Lopez F.,634,863,441,422,71,82,370,340,Barcelona Open,Barcelona,Outdoor,Clay,2022-04-19,1.16,5.0,1
Fucsovics M.,67,249,121,128,26,24,95,104,Thompson J.,71,221,96,125,10,10,86,115,Barcelona Open,Barcelona,Outdoor,Clay,2022-04-19,1.25,4.0,1
Korda S.,26,126,75,51,15,9,60,42,Taberner C.,181,37,13,24,4,6,9,18,Barcelona Open,Barcelona,Outdoor,Clay,2022-04-19,1.3,3.5,0
Harris L.,186,129,59,70,7,8,52,62,Carballes Baena R.,64,207,91,116,11,10,80,106,Barcelona Open,Barcelona,Outdoor,Clay,2022-04-19,2.37,1.57,1
Mcdonald M.,60,190,87,103,11,15,76,88,Schwartzman D.,95,428,233,195,32,27,201,168,Barcelona Open,Barcelona,Outdoor,Clay,2022-04-19,6.0,1.12,0
Fucsovics M.,67,249,121,128,26,24,95,104,Delbonis F.,131,340,152,188,19,23,133,165,Barcelona Open,Barcelona,Outdoor,Clay,2022-04-20,1.66,2.2,1
Kecmanovic M.,40,210,107,103,12,16,95,87,Millman J.,140,256,113,143,21,22,92,121,Serbia Open,Belgrade,Outdoor,Clay,2022-04-20,1.16,5.0,1
Zapata Miralles B.,54,80,32,48,1,6,31,42,Carreno Busta P.,16,352,214,138,33,25,181,113,Barcelona Open,Barcelona,Outdoor,Clay,2022-04-20,4.0,1.25,0
Monteiro T.,121,171,69,102,9,11,60,91,Krajinovic F.,93,240,115,125,38,34,77,91,Serbia Open,Belgrade,Outdoor,Clay,2022-04-20,2.37,1.57,1
Alcaraz C.,1,164,130,34,10,5,120,29,Kwon S.W.,68,108,53,55,12,6,41,49,Barcelona Open,Barcelona,Outdoor,Clay,2022-04-20,1.06,10.0,1
Munar J.,104,178,75,103,7,12,68,91,Basilashvili N.,118,301,138,163,26,34,112,129,Barcelona Open,Barcelona,Outdoor,Clay,2022-04-20,1.25,4.0,1
Humbert U.,36,170,80,90,23,21,57,69,De Minaur A.,19,272,161,111,30,19,131,92,Barcelona Open,Barcelona,Outdoor,Clay,2022-04-20,3.0,1.4,0
Taberner C.,181,37,13,24,4,6,9,18,Auger-Aliassime F.,12,268,163,105,48,22,115,83,Barcelona Open,Barcelona,Outdoor,Clay,2022-04-20,2.75,1.44,0
Harris L.,186,129,59,70,7,8,52,62,Ramos-Vinolas A.,82,437,204,233,17,31,187,202,Barcelona Open,Barcelona,Outdoor,Clay,2022-04-20,2.75,1.44,1
Bublik A.,25,219,110,109,39,30,71,79,Ruusuvuori E.,55,158,79,79,16,18,63,61,Barcelona Open,Barcelona,Outdoor,Clay,2022-04-20,2.75,1.44,0
Dellien H.,164,70,22,48,5,5,17,43,Tiafoe F.,10,303,158,145,24,23,134,122,Barcelona Open,Barcelona,Outdoor,Clay,2022-04-20,2.1,1.72,0
Djokovic N.,2,1207,1012,195,146,42,866,153,Djere L.,38,243,120,123,10,22,110,101,Serbia Open,Belgrade,Outdoor,Clay,2022-04-20,1.14,5.5,1
Safiullin R.,92,42,20,22,7,7,13,15,Khachanov K.,11,378,217,161,44,38,173,123,Serbia Open,Belgrade,Outdoor,Clay,2022-04-20,3.0,1.4,0
Fognini F.,128,742,383,359,39,48,344,311,Bedene A.,347,291,131,160,18,23,113,137,Serbia Open,Belgrade,Outdoor,Clay,2022-04-21,1.33,3.4,1
Djokovic N.,2,1207,1012,195,146,42,866,153,Kecmanovic M.,40,210,107,103,12,16,95,87,Serbia Open,Belgrade,Outdoor,Clay,2022-04-21,1.53,2.5,1
Karatsev A.,75,136,66,70,10,22,56,48,Otte O.,233,78,33,45,6,14,27,31,Serbia Open,Belgrade,Outdoor,Clay,2022-04-21,1.5,2.62,0
Rublev A.,7,392,255,137,57,34,198,103,Lehecka J.,33,61,30,31,4,4,26,27,Serbia Open,Belgrade,Outdoor,Clay,2022-04-21,1.2,4.5,1
Rune H.,6,131,83,48,28,9,55,39,Daniel T.,111,178,67,111,3,10,64,101,Serbia Open,Belgrade,Outdoor,Clay,2022-04-21,1.36,3.2,0
Khachanov K.,11,378,217,161,44,38,173,123,Monteiro T.,121,171,69,102,9,11,60,91,Serbia Open,Belgrade,Outdoor,Clay,2022-04-21,1.66,2.2,1
Dimitrov G.,20,651,389,262,79,50,310,212,Coria F.,108,99,43,56,2,6,41,50,Barcelona Open,Barcelona,Outdoor,Clay,2022-04-21,1.44,2.75,1
Tsitsipas S.,5,390,264,126,49,32,215,94,Ivashka I.,113,159,78,81,19,18,59,63,Barcelona Open,Barcelona,Outdoor,Clay,2022-04-21,1.12,6.0,1
Norrie C.,13,287,172,115,15,18,157,97,Fucsovics M.,67,249,121,128,26,24,95,104,Barcelona Open,Barcelona,Outdoor,Clay,2022-04-22,1.66,2.2,1
Ruud C.,4,275,176,99,19,16,157,83,Ruusuvuori E.,55,158,79,79,16,18,63,61,Barcelona Open,Barcelona,Outdoor,Clay,2022-04-22,1.16,5.0,1
Carreno Busta P.,16,352,214,138,33,25,181,113,Sonego L.,43,221,107,114,19,17,88,97,Barcelona Open,Barcelona,Outdoor,Clay,2022-04-22,1.53,2.5,1
Musetti L.,18,143,79,64,12,12,67,52,Schwartzman D.,95,428,233,195,32,27,201,168,Barcelona Open,Barcelona,Outdoor,Clay,2022-04-22,2.75,1.44,0
Auger-Aliassime F.,12,268,163,105,48,22,115,83,Tiafoe F.,10,303,158,145,24,23,134,122,Barcelona Open,Barcelona,Outdoor,Clay,2022-04-22,1.44,2.75,1
Otte O.,233,78,33,45,6,14,27,31,Fognini F.,128,742,383,359,39,48,344,311,Serbia Open,Belgrade,Outdoor,Clay,2022-04-22,2.75,1.44,0
Daniel T.,111,178,67,111,3,10,64,101,Rublev A.,7,392,255,137,57,34,198,103,Serbia Open,Belgrade,Outdoor,Clay,2022-04-22,3.5,1.3,0
De Minaur A.,19,272,161,111,30,19,131,92,Harris L.,186,129,59,70,7,8,52,62,Barcelona Open,Barcelona,Outdoor,Clay,2022-04-22,1.53,2.5,1
Tsitsipas S.,5,390,264,126,49,32,215,94,Dimitrov G.,20,651,389,262,79,50,310,212,Barcelona Open,Barcelona,Outdoor,Clay,2022-04-22,1.22,4.33,1
Auger-Aliassime F.,12,268,163,105,48,22,115,83,Schwartzman D.,95,428,233,195,32,27,201,168,Barcelona Open,Barcelona,Outdoor,Clay,2022-04-22,2.37,1.57,0
Ruud C.,4,275,176,99,19,16,157,83,Carreno Busta P.,16,352,214,138,33,25,181,113,Barcelona Open,Barcelona,Outdoor,Clay,2022-04-22,1.3,3.5,0
Norrie C.,13,287,172,115,15,18,157,97,De Minaur A.,19,272,161,111,30,19,131,92,Barcelona Open,Barcelona,Outdoor,Clay,2022-04-22,2.5,1.53,0
Alcaraz C.,1,164,130,34,10,5,120,29,Tsitsipas S.,5,390,264,126,49,32,215,94,Barcelona Open,Barcelona,Outdoor,Clay,2022-04-22,1.66,2.2,1
Munar J.,104,178,75,103,7,12,68,91,Alcaraz C.,1,164,130,34,10,5,120,29,Barcelona Open,Barcelona,Outdoor,Clay,2022-04-22,4.5,1.2,0
Rublev A.,7,392,255,137,57,34,198,103,Fognini F.,128,742,383,359,39,48,344,311,Serbia Open,Belgrade,Outdoor,Clay,2022-04-23,1.33,3.4,1
Djokovic N.,2,1207,1012,195,146,42,866,153,Khachanov K.,11,378,217,161,44,38,173,123,Serbia Open,Belgrade,Outdoor,Clay,2022-04-23,1.25,4.0,1
De Minaur A.,19,272,161,111,30,19,131,92,Alcaraz C.,1,164,130,34,10,5,120,29,Barcelona Open,Barcelona,Outdoor,Clay,2022-04-24,8.0,1.08,0
Carreno Busta P.,16,352,214,138,33,25,181,113,Schwartzman D.,95,428,233,195,32,27,201,168,Barcelona Open,Barcelona,Outdoor,Clay,2022-04-24,2.1,1.72,1
Alcaraz C.,1,164,130,34,10,5,120,29,Carreno Busta P.,16,352,214,138,33,25,181,113,Barcelona Open,Barcelona,Outdoor,Clay,2022-04-24,1.57,2.37,1
Djokovic N.,2,1207,1012,195,146,42,866,153,Rublev A.,7,392,255,137,57,34,198,103,Serbia Open,Belgrade,Outdoor,Clay,2022-04-24,1.4,3.0,0
Altmaier D.,51,79,28,51,1,5,27,46,Kohlschreiber P.,132,812,446,366,76,73,370,293,BMW Open,Munich,Outdoor,Clay,2022-04-25,1.72,2.1,1
Ruusuvuori E.,55,158,79,79,16,18,63,61,Nishioka Y.,31,215,99,116,15,15,84,101,BMW Open,Munich,Outdoor,Clay,2022-04-25,1.5,2.62,1
Lehecka J.,33,61,30,31,4,4,26,27,Rune H.,6,131,83,48,28,9,55,39,BMW Open,Munich,Outdoor,Clay,2022-04-25,2.5,1.53,0
Molcan A.,120,86,45,41,1,6,44,35,Gombos N.,114,66,21,45,6,14,15,31,BMW Open,Munich,Outdoor,Clay,2022-04-25,1.3,3.5,1
Kecmanovic M.,40,210,107,103,12,16,95,87,Rehberg M.,412,3,0,3,0,0,0,3,BMW Open,Munich,Outdoor,Clay,2022-04-25,1.02,19.0,1
Paire B.,149,527,237,290,39,56,198,234,Kwon S.W.,68,108,53,55,12,6,41,49,Millennium Estoril Open,Estoril,Outdoor,Clay,2022-04-25,2.5,1.53,0
Andujar P.,323,404,164,240,12,30,152,210,Borges N.,69,28,10,18,1,1,9,17,Millennium Estoril Open,Estoril,Outdoor,Clay,2022-04-25,1.8,2.0,0
Lajovic D.,66,378,163,215,21,36,142,179,Tiafoe F.,10,303,158,145,24,23,134,122,Millennium Estoril Open,Estoril,Outdoor,Clay,2022-04-25,2.5,1.53,0
Zapata Miralles B.,54,80,32,48,1,6,31,42,Coria F.,108,99,43,56,2,6,41,50,Millennium Estoril Open,Estoril,Outdoor,Clay,2022-04-25,2.2,1.66,1
Taberner C.,181,37,13,24,4,6,9,18,Harris L.,186,129,59,70,7,8,52,62,Millennium Estoril Open,Estoril,Outdoor,Clay,2022-04-26,1.57,2.37,1
Cressy M.,96,96,42,54,10,11,32,43,Evans D.,30,251,124,127,18,16,106,111,BMW Open,Munich,Outdoor,Clay,2022-04-26,3.5,1.3,1
Mcdonald M.,60,190,87,103,11,15,76,88,Ivashka I.,113,159,78,81,19,18,59,63,BMW Open,Munich,Outdoor,Clay,2022-04-26,2.5,1.53,0
Gaston H.,109,58,24,34,5,9,19,25,Giron M.,69,150,68,82,20,14,48,68,BMW Open,Munich,Outdoor,Clay,2022-04-26,1.66,2.2,1
Topo M.,478,4,0,4,0,0,0,4,Otte O.,233,78,33,45,6,14,27,31,BMW Open,Munich,Outdoor,Clay,2022-04-26,4.5,1.2,0
Cuevas P.,149,421,210,211,34,25,176,186,Carballes Baena R.,64,207,91,116,11,10,80,106,Millennium Estoril Open,Estoril,Outdoor,Clay,2022-04-26,2.0,1.8,1
Korda S.,26,126,75,51,15,9,60,42,Herbert P.H.,157,202,89,113,31,38,58,75,Millennium Estoril Open,Estoril,Outdoor,Clay,2022-04-26,1.25,4.0,1
Bonzi B.,107,83,37,46,10,13,27,33,Thiem D.,116,517,327,190,53,39,274,151,Millennium Estoril Open,Estoril,Outdoor,Clay,2022-04-26,2.75,1.44,1
Ramos-Vinolas A.,82,437,204,233,17,31,187,202,Thompson J.,71,221,96,125,10,10,86,115,Millennium Estoril Open,Estoril,Outdoor,Clay,2022-04-26,1.22,4.33,1
Sousa J.,147,436,189,247,42,44,147,203,Baez S.,72,95,47,48,6,6,41,42,Millennium Estoril Open,Estoril,Outdoor,Clay,2022-04-26,3.4,1.33,0
Dellien H.,164,70,22,48,5,5,17,43,Vesely J.,528,288,130,158,6,19,124,139,Millennium Estoril Open,Estoril,Outdoor,Clay,2022-04-26,1.53,2.5,1
Paul T.,14,204,111,93,19,13,92,80,Gasquet R.,48,948,581,367,133,82,448,285,Millennium Estoril Open,Estoril,Outdoor,Clay,2022-04-26,1.44,2.75,0
Millman J.,140,256,113,143,21,22,92,121,Gerasimov E.,150,93,43,50,19,19,24,31,BMW Open,Munich,Outdoor,Clay,2022-04-27,2.2,1.66,0
Van De Zandschulp B.,44,117,63,54,11,11,52,43,Nakashima B.,70,106,57,49,6,5,51,44,BMW Open,Munich,Outdoor,Clay,2022-04-27,1.57,2.37,1
Rune H.,6,131,83,48,28,9,55,39,Zverev A.,19,500,346,154,60,31,286,123,BMW Open,Munich,Outdoor,Clay,2022-04-27,5.5,1.14,1
Cressy M.,96,96,42,54,10,11,32,43,Ruusuvuori E.,55,158,79,79,16,18,63,61,BMW Open,Munich,Outdoor,Clay,2022-04-27,3.75,1.28,0
Altmaier D.,51,79,28,51,1,5,27,46,Kecmanovic M.,40,210,107,103,12,16,95,87,BMW Open,Munich,Outdoor,Clay,2022-04-27,5.0,1.16,0
Garin C.,101,190,103,87,15,13,88,74,Tabilo A.,122,44,21,23,5,4,16,19,BMW Open,Munich,Outdoor,Clay,2022-04-27,1.66,2.2,0
Ivashka I.,113,159,78,81,19,18,59,63,Basilashvili N.,118,301,138,163,26,34,112,129,BMW Open,Munich,Outdoor,Clay,2022-04-27,1.5,2.62,0
Ramos-Vinolas A.,82,437,204,233,17,31,187,202,Kwon S.W.,68,108,53,55,12,6,41,49,Millennium Estoril Open,Estoril,Outdoor,Clay,2022-04-27,1.44,2.75,1
Zapata Miralles B.,54,80,32,48,1,6,31,42,Davidovich Fokina A.,39,168,84,84,17,20,67,64,Millennium Estoril Open,Estoril,Outdoor,Clay,2022-04-27,3.2,1.36,0
Borges N.,69,28,10,18,1,1,9,17,Tiafoe F.,10,303,158,145,24,23,134,122,Millennium Estoril Open,Estoril,Outdoor,Clay,2022-04-27,2.3,1.61,0
Cuevas P.,149,421,210,211,34,25,176,186,Verdasco F.,244,962,537,425,79,79,458,346,Millennium Estoril Open,Estoril,Outdoor,Clay,2022-04-27,1.72,2.1,0
Gaston H.,109,58,24,34,5,9,19,25,Tabilo A.,122,44,21,23,5,4,16,19,BMW Open,Munich,Outdoor,Clay,2022-04-28,2.3,1.61,0
Molcan A.,120,86,45,41,1,6,44,35,Ruud C.,4,275,176,99,19,16,157,83,BMW Open,Munich,Outdoor,Clay,2022-04-28,4.5,1.2,0
Van De Zandschulp B.,44,117,63,54,11,11,52,43,Gerasimov E.,150,93,43,50,19,19,24,31,BMW Open,Munich,Outdoor,Clay,2022-04-28,1.44,2.75,1
Gasquet R.,48,948,581,367,133,82,448,285,Dellien H.,164,70,22,48,5,5,17,43,Millennium Estoril Open,Estoril,Outdoor,Clay,2022-04-28,2.2,1.66,1
Opelka R.,17,168,88,80,17,10,71,70,Otte O.,233,78,33,45,6,14,27,31,BMW Open,Munich,Outdoor,Clay,2022-04-28,1.53,2.5,0
Taberner C.,181,37,13,24,4,6,9,18,Auger-Aliassime F.,12,268,163,105,48,22,115,83,Millennium Estoril Open,Estoril,Outdoor,Clay,2022-04-28,3.4,1.33,0
Bonzi B.,107,83,37,46,10,13,27,33,Korda S.,26,126,75,51,15,9,60,42,Millennium Estoril Open,Estoril,Outdoor,Clay,2022-04-28,3.2,1.36,0
Baez S.,72,95,47,48,6,6,41,42,Cilic M.,100,853,543,310,119,65,424,245,Millennium Estoril Open,Estoril,Outdoor,Clay,2022-04-28,1.72,2.1,1
Ruud C.,4,275,176,99,19,16,157,83,Van De Zandschulp B.,44,117,63,54,11,11,52,43,BMW Open,Munich,Outdoor,Clay,2022-04-29,1.28,3.75,0
Verdasco F.,244,962,537,425,79,79,458,346,Ramos-Vinolas A.,82,437,204,233,17,31,187,202,Millennium Estoril Open,Estoril,Outdoor,Clay,2022-04-29,3.2,1.36,0
Gasquet R.,48,948,581,367,133,82,448,285,Baez S.,72,95,47,48,6,6,41,42,Millennium Estoril Open,Estoril,Outdoor,Clay,2022-04-29,3.0,1.4,0
Tiafoe F.,10,303,158,145,24,23,134,122,Davidovich Fokina A.,39,168,84,84,17,20,67,64,Millennium Estoril Open,Estoril,Outdoor,Clay,2022-04-29,2.75,1.44,1
Auger-Aliassime F.,12,268,163,105,48,22,115,83,Korda S.,26,126,75,51,15,9,60,42,Millennium Estoril Open,Estoril,Outdoor,Clay,2022-04-29,1.8,2.0,0
Rune H.,6,131,83,48,28,9,55,39,Ruusuvuori E.,55,158,79,79,16,18,63,61,BMW Open,Munich,Outdoor,Clay,2022-04-29,1.53,2.5,1
Kecmanovic M.,40,210,107,103,12,16,95,87,Basilashvili N.,118,301,138,163,26,34,112,129,BMW Open,Munich,Outdoor,Clay,2022-04-29,1.36,3.2,1
Tabilo A.,122,44,21,23,5,4,16,19,Otte O.,233,78,33,45,6,14,27,31,BMW Open,Munich,Outdoor,Clay,2022-04-29,2.1,1.72,0
Kecmanovic M.,40,210,107,103,12,16,95,87,Van De Zandschulp B.,44,117,63,54,11,11,52,43,BMW Open,Munich,Outdoor,Clay,2022-04-30,1.53,2.5,0
Otte O.,233,78,33,45,6,14,27,31,Rune H.,6,131,83,48,28,9,55,39,BMW Open,Munich,Outdoor,Clay,2022-04-30,3.5,1.3,0
Tiafoe F.,10,303,158,145,24,23,134,122,Korda S.,26,126,75,51,15,9,60,42,Millennium Estoril Open,Estoril,Outdoor,Clay,2022-04-30,3.2,1.36,1
Baez S.,72,95,47,48,6,6,41,42,Ramos-Vinolas A.,82,437,204,233,17,31,187,202,Millennium Estoril Open,Estoril,Outdoor,Clay,2022-04-30,1.61,2.3,1
Rune H.,6,131,83,48,28,9,55,39,Van De Zandschulp B.,44,117,63,54,11,11,52,43,BMW Open,Munich,Outdoor,Clay,2022-05-01,1.5,2.62,1
Sonego L.,43,221,107,114,19,17,88,97,Draper J.,55,51,29,22,2,3,27,19,Mutua Madrid Open,Madrid,Outdoor,Clay,2022-05-01,1.3,3.5,0
Krajinovic F.,93,240,115,125,38,34,77,91,Isner J.,114,755,465,290,53,45,412,245,Mutua Madrid Open,Madrid,Outdoor,Clay,2022-05-01,2.37,1.57,0
Delbonis F.,131,340,152,188,19,23,133,165,Evans D.,30,251,124,127,18,16,106,111,Mutua Madrid Open,Madrid,Outdoor,Clay,2022-05-01,1.72,2.1,0
Tiafoe F.,10,303,158,145,24,23,134,122,Baez S.,72,95,47,48,6,6,41,42,Millennium Estoril Open,Estoril,Outdoor,Clay,2022-05-01,2.37,1.57,0
Pouille L.,675,259,134,125,35,26,99,99,Khachanov K.,11,378,217,161,44,38,173,123,Mutua Madrid Open,Madrid,Outdoor,Clay,2022-05-02,5.0,1.16,1
Humbert U.,36,170,80,90,23,21,57,69,Shapovalov D.,29,298,166,132,30,27,136,105,Mutua Madrid Open,Madrid,Outdoor,Clay,2022-05-02,2.2,1.66,0
Murray A.,44,932,687,245,132,47,555,198,Thiem D.,116,517,327,190,53,39,274,151,Mutua Madrid Open,Madrid,Outdoor,Clay,2022-05-02,2.2,1.66,1
Dimitrov G.,20,651,389,262,79,50,310,212,Cressy M.,96,96,42,54,10,11,32,43,Mutua Madrid Open,Madrid,Outdoor,Clay,2022-05-02,1.33,3.4,1
Norrie C.,13,287,172,115,15,18,157,97,Kwon S.W.,68,108,53,55,12,6,41,49,Mutua Madrid Open,Madrid,Outdoor,Clay,2022-05-02,1.3,3.5,1
Goffin D.,123,522,296,226,66,52,230,174,Karatsev A.,75,136,66,70,10,22,56,48,Mutua Madrid Open,Madrid,Outdoor,Clay,2022-05-02,1.66,2.2,1
Schwartzman D.,95,428,233,195,32,27,201,168,Paire B.,149,527,237,290,39,56,198,234,Mutua Madrid Open,Madrid,Outdoor,Clay,2022-05-02,1.2,4.5,1
Davidovich Fokina A.,39,168,84,84,17,20,67,64,Harris L.,186,129,59,70,7,8,52,62,Mutua Madrid Open,Madrid,Outdoor,Clay,2022-05-02,1.33,3.4,1
Monfils G.,323,816,510,306,131,65,379,241,Gimeno Valero C.,369,1,0,1,0,0,0,1,Mutua Madrid Open,Madrid,Outdoor,Clay,2022-05-02,1.25,4.0,1
Ivashka I.,113,159,78,81,19,18,59,63,Musetti L.,18,143,79,64,12,12,67,52,Mutua Madrid Open,Madrid,Outdoor,Clay,2022-05-02,2.75,1.44,0
Coric B.,15,343,185,158,28,28,157,130,Lajovic D.,66,378,163,215,21,36,142,179,Mutua Madrid Open,Madrid,Outdoor,Clay,2022-05-02,2.0,1.8,0
Paul T.,14,204,111,93,19,13,92,80,Sinner J.,8,224,153,71,42,19,111,52,Mutua Madrid Open,Madrid,Outdoor,Clay,2022-05-02,4.0,1.25,0
De Minaur A.,19,272,161,111,30,19,131,92,Martinez P.,135,118,50,68,7,6,43,62,Mutua Madrid Open,Madrid,Outdoor,Clay,2022-05-02,1.5,2.62,1
Basilashvili N.,118,301,138,163,26,34,112,129,Fognini F.,128,742,383,359,39,48,344,311,Mutua Madrid Open,Madrid,Outdoor,Clay,2022-05-02,2.5,1.53,1
Basilashvili N.,118,301,138,163,26,34,112,129,Alcaraz C.,1,164,130,34,10,5,120,29,Mutua Madrid Open,Madrid,Outdoor,Clay,2022-05-03,8.0,1.08,0
Murray A.,44,932,687,245,132,47,555,198,Shapovalov D.,29,298,166,132,30,27,136,105,Mutua Madrid Open,Madrid,Outdoor,Clay,2022-05-03,2.62,1.5,1
Djokovic N.,2,1207,1012,195,146,42,866,153,Monfils G.,323,816,510,306,131,65,379,241,Mutua Madrid Open,Madrid,Outdoor,Clay,2022-05-03,1.2,4.5,1
Rublev A.,7,392,255,137,57,34,198,103,Draper J.,55,51,29,22,2,3,27,19,Mutua Madrid Open,Madrid,Outdoor,Clay,2022-05-03,1.14,5.5,1
Korda S.,26,126,75,51,15,9,60,42,Opelka R.,17,168,88,80,17,10,71,70,Mutua Madrid Open,Madrid,Outdoor,Clay,2022-05-03,1.66,2.2,1
Carreno Busta P.,16,352,214,138,33,25,181,113,Van De Zandschulp B.,44,117,63,54,11,11,52,43,Mutua Madrid Open,Madrid,Outdoor,Clay,2022-05-03,1.36,3.2,0
Bublik A.,25,219,110,109,39,30,71,79,Kecmanovic M.,40,210,107,103,12,16,95,87,Mutua Madrid Open,Madrid,Outdoor,Clay,2022-05-03,3.4,1.33,0
Bautista Agut R.,25,379,234,145,31,29,203,116,Brooksby J.,39,79,46,33,6,5,40,28,Mutua Madrid Open,Madrid,Outdoor,Clay,2022-05-03,1.72,2.1,1
Cilic M.,100,853,543,310,119,65,424,245,Ramos-Vinolas A.,82,437,204,233,17,31,187,202,Mutua Madrid Open,Madrid,Outdoor,Clay,2022-05-03,1.72,2.1,1
Hurkacz H.,17,238,137,101,27,24,110,77,Dellien H.,164,70,22,48,5,5,17,43,Mutua Madrid Open,Madrid,Outdoor,Clay,2022-05-03,1.3,3.5,1
Tiafoe F.,10,303,158,145,24,23,134,122,Garin C.,101,190,103,87,15,13,88,74,Mutua Madrid Open,Madrid,Outdoor,Clay,2022-05-03,1.72,2.1,0
Dimitrov G.,20,651,389,262,79,50,310,212,Schwartzman D.,95,428,233,195,32,27,201,168,Mutua Madrid Open,Madrid,Outdoor,Clay,2022-05-04,2.5,1.53,1
Pouille L.,675,259,134,125,35,26,99,99,Tsitsipas S.,5,390,264,126,49,32,215,94,Mutua Madrid Open,Madrid,Outdoor,Clay,2022-05-04,10.0,1.06,0
Auger-Aliassime F.,12,268,163,105,48,22,115,83,Garin C.,101,190,103,87,15,13,88,74,Mutua Madrid Open,Madrid,Outdoor,Clay,2022-05-04,1.5,2.62,1
Sinner J.,8,224,153,71,42,19,111,52,De Minaur A.,19,272,161,111,30,19,131,92,Mutua Madrid Open,Madrid,Outdoor,Clay,2022-05-04,1.44,2.75,1
Musetti L.,18,143,79,64,12,12,67,52,Korda S.,26,126,75,51,15,9,60,42,Mutua Madrid Open,Madrid,Outdoor,Clay,2022-05-04,2.62,1.5,1
Goffin D.,123,522,296,226,66,52,230,174,Van De Zandschulp B.,44,117,63,54,11,11,52,43,Mutua Madrid Open,Madrid,Outdoor,Clay,2022-05-04,2.1,1.72,1
Isner J.,114,755,465,290,53,45,412,245,Norrie C.,13,287,172,115,15,18,157,97,Mutua Madrid Open,Madrid,Outdoor,Clay,2022-05-04,2.2,1.66,0
Nadal R.,2,1223,1017,206,76,40,941,166,Kecmanovic M.,40,210,107,103,12,16,95,87,Mutua Madrid Open,Madrid,Outdoor,Clay,2022-05-04,1.33,3.4,1
Evans D.,30,251,124,127,18,16,106,111,Bautista Agut R.,25,379,234,145,31,29,203,116,Mutua Madrid Open,Madrid,Outdoor,Clay,2022-05-04,3.5,1.3,1
Ruud C.,4,275,176,99,19,16,157,83,Lajovic D.,66,378,163,215,21,36,142,179,Mutua Madrid Open,Madrid,Outdoor,Clay,2022-05-04,1.12,6.0,0
Hurkacz H.,17,238,137,101,27,24,110,77,Davidovich Fokina A.,39,168,84,84,17,20,67,64,Mutua Madrid Open,Madrid,Outdoor,Clay,2022-05-04,2.1,1.72,1
Zverev A.,19,500,346,154,60,31,286,123,Cilic M.,100,853,543,310,119,65,424,245,Mutua Madrid Open,Madrid,Outdoor,Clay,2022-05-04,1.16,5.0,1
Alcaraz C.,1,164,130,34,10,5,120,29,Norrie C.,13,287,172,115,15,18,157,97,Mutua Madrid Open,Madrid,Outdoor,Clay,2022-05-05,1.16,5.0,1
Murray A.,44,932,687,245,132,47,555,198,Djokovic N.,2,1207,1012,195,146,42,866,153,Mutua Madrid Open,Madrid,Outdoor,Clay,2022-05-05,6.0,1.12,0
Rublev A.,7,392,255,137,57,34,198,103,Evans D.,30,251,124,127,18,16,106,111,Mutua Madrid Open,Madrid,Outdoor,Clay,2022-05-05,1.22,4.33,1
Lajovic D.,66,378,163,215,21,36,142,179,Hurkacz H.,17,238,137,101,27,24,110,77,Mutua Madrid Open,Madrid,Outdoor,Clay,2022-05-05,3.75,1.28,0
Zverev A.,19,500,346,154,60,31,286,123,Musetti L.,18,143,79,64,12,12,67,52,Mutua Madrid Open,Madrid,Outdoor,Clay,2022-05-05,1.28,3.75,1
Goffin D.,123,522,296,226,66,52,230,174,Nadal R.,2,1223,1017,206,76,40,941,166,Mutua Madrid Open,Madrid,Outdoor,Clay,2022-05-05,6.0,1.12,0
Auger-Aliassime F.,12,268,163,105,48,22,115,83,Sinner J.,8,224,153,71,42,19,111,52,Mutua Madrid Open,Madrid,Outdoor,Clay,2022-05-05,2.37,1.57,1
Tsitsipas S.,5,390,264,126,49,32,215,94,Dimitrov G.,20,651,389,262,79,50,310,212,Mutua Madrid Open,Madrid,Outdoor,Clay,2022-05-05,1.3,3.5,1
Hurkacz H.,17,238,137,101,27,24,110,77,Djokovic N.,2,1207,1012,195,146,42,866,153,Mutua Madrid Open,Madrid,Outdoor,Clay,2022-05-06,3.5,1.3,0
Alcaraz C.,1,164,130,34,10,5,120,29,Nadal R.,2,1223,1017,206,76,40,941,166,Mutua Madrid Open,Madrid,Outdoor,Clay,2022-05-06,1.8,2.0,1
Tsitsipas S.,5,390,264,126,49,32,215,94,Rublev A.,7,392,255,137,57,34,198,103,Mutua Madrid Open,Madrid,Outdoor,Clay,2022-05-06,1.4,3.0,1
Zverev A.,19,500,346,154,60,31,286,123,Auger-Aliassime F.,12,268,163,105,48,22,115,83,Mutua Madrid Open,Madrid,Outdoor,Clay,2022-05-06,1.5,2.62,1
Alcaraz C.,1,164,130,34,10,5,120,29,Djokovic N.,2,1207,1012,195,146,42,866,153,Mutua Madrid Open,Madrid,Outdoor,Clay,2022-05-07,2.1,1.72,1
Zverev A.,19,500,346,154,60,31,286,123,Tsitsipas S.,5,390,264,126,49,32,215,94,Mutua Madrid Open,Madrid,Outdoor,Clay,2022-05-07,2.3,1.61,1
Cilic M.,100,853,543,310,119,65,424,245,Arnaldi M.,76,18,9,9,0,0,9,9,Internazionali BNL d'Italia,Rome,Outdoor,Clay,2022-05-08,1.16,5.0,1
Karatsev A.,75,136,66,70,10,22,56,48,Harris L.,186,129,59,70,7,8,52,62,Internazionali BNL d'Italia,Rome,Outdoor,Clay,2022-05-08,1.66,2.2,1
Garin C.,101,190,103,87,15,13,88,74,Passaro F.,126,10,3,7,1,1,2,6,Internazionali BNL d'Italia,Rome,Outdoor,Clay,2022-05-08,1.3,3.5,1
Tiafoe F.,10,303,158,145,24,23,134,122,Krajinovic F.,93,240,115,125,38,34,77,91,Internazionali BNL d'Italia,Rome,Outdoor,Clay,2022-05-08,1.61,2.3,0
Zverev A.,19,500,346,154,60,31,286,123,Alcaraz C.,1,164,130,34,10,5,120,29,Mutua Madrid Open,Madrid,Outdoor,Clay,2022-05-08,2.5,1.53,0
Carreno Busta P.,16,352,214,138,33,25,181,113,Delbonis F.,131,340,152,188,19,23,133,165,Internazionali BNL d'Italia,Rome,Outdoor,Clay,2022-05-09,1.22,4.33,1
Lajovic D.,66,378,163,215,21,36,142,179,De Minaur A.,19,272,161,111,30,19,131,92,Internazionali BNL d'Italia,Rome,Outdoor,Clay,2022-05-09,2.2,1.66,0
Thiem D.,116,517,327,190,53,39,274,151,Fognini F.,128,742,383,359,39,48,344,311,Internazionali BNL d'Italia,Rome,Outdoor,Clay,2022-05-09,2.37,1.57,0
Ramos-Vinolas A.,82,437,204,233,17,31,187,202,Paul T.,14,204,111,93,19,13,92,80,Internazionali BNL d'Italia,Rome,Outdoor,Clay,2022-05-09,1.66,2.2,0
Van De Zandschulp B.,44,117,63,54,11,11,52,43,Korda S.,26,126,75,51,15,9,60,42,Internazionali BNL d'Italia,Rome,Outdoor,Clay,2022-05-09,2.3,1.61,1
Khachanov K.,11,378,217,161,44,38,173,123,Zeppieri G.,129,13,4,9,0,1,4,8,Internazionali BNL d'Italia,Rome,Outdoor,Clay,2022-05-09,1.28,3.75,1
Giron M.,69,150,68,82,20,14,48,68,Bublik A.,25,219,110,109,39,30,71,79,Internazionali BNL d'Italia,Rome,Outdoor,Clay,2022-05-09,2.1,1.72,1
Shapovalov D.,29,298,166,132,30,27,136,105,Sonego L.,43,221,107,114,19,17,88,97,Internazionali BNL d'Italia,Rome,Outdoor,Clay,2022-05-09,1.9,1.9,1
Djere L.,38,243,120,123,10,22,110,101,Coric B.,15,343,185,158,28,28,157,130,Internazionali BNL d'Italia,Rome,Outdoor,Clay,2022-05-09,1.5,2.62,1
Cobolli F.,148,14,5,9,0,1,5,8,Brooksby J.,39,79,46,33,6,5,40,28,Internazionali BNL d'Italia,Rome,Outdoor,Clay,2022-05-09,2.5,1.53,0
Davidovich Fokina A.,39,168,84,84,17,20,67,64,Ivashka I.,113,159,78,81,19,18,59,63,Internazionali BNL d'Italia,Rome,Outdoor,Clay,2022-05-09,1.33,3.4,1
Wawrinka S.,72,854,535,319,84,69,451,250,Opelka R.,17,168,88,80,17,10,71,70,Internazionali BNL d'Italia,Rome,Outdoor,Clay,2022-05-09,3.4,1.33,1
Evans D.,30,251,124,127,18,16,106,111,Basilashvili N.,118,301,138,163,26,34,112,129,Internazionali BNL d'Italia,Rome,Outdoor,Clay,2022-05-09,1.72,2.1,0
Garin C.,101,190,103,87,15,13,88,74,Ruusuvuori E.,55,158,79,79,16,18,63,61,Internazionali BNL d'Italia,Rome,Outdoor,Clay,2022-05-10,2.0,1.8,1
Krajinovic F.,93,240,115,125,38,34,77,91,Rublev A.,7,392,255,137,57,34,198,103,Internazionali BNL d'Italia,Rome,Outdoor,Clay,2022-05-10,5.0,1.16,1
Auger-Aliassime F.,12,268,163,105,48,22,115,83,Davidovich Fokina A.,39,168,84,84,17,20,67,64,Internazionali BNL d'Italia,Rome,Outdoor,Clay,2022-05-10,1.72,2.1,1
Shapovalov D.,29,298,166,132,30,27,136,105,Basilashvili N.,118,301,138,163,26,34,112,129,Internazionali BNL d'Italia,Rome,Outdoor,Clay,2022-05-10,1.57,2.37,1
Djokovic N.,2,1207,1012,195,146,42,866,153,Karatsev A.,75,136,66,70,10,22,56,48,Internazionali BNL d'Italia,Rome,Outdoor,Clay,2022-05-10,1.08,8.0,1
Ruud C.,4,275,176,99,19,16,157,83,Van De Zandschulp B.,44,117,63,54,11,11,52,43,Internazionali BNL d'Italia,Rome,Outdoor,Clay,2022-05-10,1.44,2.75,1
Hurkacz H.,17,238,137,101,27,24,110,77,Goffin D.,123,522,296,226,66,52,230,174,Internazionali BNL d'Italia,Rome,Outdoor,Clay,2022-05-10,1.66,2.2,0
Isner J.,114,755,465,290,53,45,412,245,Cerundolo F.,21,104,58,46,3,7,55,39,Internazionali BNL d'Italia,Rome,Outdoor,Clay,2022-05-10,1.8,2.0,1
Nakashima B.,70,106,57,49,6,5,51,44,Dimitrov G.,20,651,389,262,79,50,310,212,Internazionali BNL d'Italia,Rome,Outdoor,Clay,2022-05-10,3.75,1.28,0
Baez S.,72,95,47,48,6,6,41,42,Griekspoor T.,37,97,47,50,7,14,40,36,Internazionali BNL d'Italia,Rome,Outdoor,Clay,2022-05-10,1.36,3.2,1
Martinez P.,135,118,50,68,7,6,43,62,Sinner J.,8,224,153,71,42,19,111,52,Internazionali BNL d'Italia,Rome,Outdoor,Clay,2022-05-10,5.0,1.16,0
Nardi L.,151,11,2,9,1,3,1,6,Norrie C.,13,287,172,115,15,18,157,97,Internazionali BNL d'Italia,Rome,Outdoor,Clay,2022-05-10,5.5,1.14,0
Schwartzman D.,95,428,233,195,32,27,201,168,Kecmanovic M.,40,210,107,103,12,16,95,87,Internazionali BNL d'Italia,Rome,Outdoor,Clay,2022-05-10,1.61,2.3,1
Baez S.,72,95,47,48,6,6,41,42,Zverev A.,19,500,346,154,60,31,286,123,Internazionali BNL d'Italia,Rome,Outdoor,Clay,2022-05-11,4.5,1.2,0
Khachanov K.,11,378,217,161,44,38,173,123,Carreno Busta P.,16,352,214,138,33,25,181,113,Internazionali BNL d'Italia,Rome,Outdoor,Clay,2022-05-11,2.62,1.5,1
Isner J.,114,755,465,290,53,45,412,245,Nadal R.,2,1223,1017,206,76,40,941,166,Internazionali BNL d'Italia,Rome,Outdoor,Clay,2022-05-11,7.0,1.1,0
Tsitsipas S.,5,390,264,126,49,32,215,94,Dimitrov G.,20,651,389,262,79,50,310,212,Internazionali BNL d'Italia,Rome,Outdoor,Clay,2022-05-11,1.22,4.33,1
Giron M.,69,150,68,82,20,14,48,68,Schwartzman D.,95,428,233,195,32,27,201,168,Internazionali BNL d'Italia,Rome,Outdoor,Clay,2022-05-11,6.0,1.12,1
Brooksby J.,39,79,46,33,6,5,40,28,Goffin D.,123,522,296,226,66,52,230,174,Internazionali BNL d'Italia,Rome,Outdoor,Clay,2022-05-11,3.2,1.36,1
Wawrinka S.,72,854,535,319,84,69,451,250,Djere L.,38,243,120,123,10,22,110,101,Internazionali BNL d'Italia,Rome,Outdoor,Clay,2022-05-11,3.2,1.36,1
Sinner J.,8,224,153,71,42,19,111,52,Fognini F.,128,742,383,359,39,48,344,311,Internazionali BNL d'Italia,Rome,Outdoor,Clay,2022-05-11,1.3,3.5,1
Cilic M.,100,853,543,310,119,65,424,245,Norrie C.,13,287,172,115,15,18,157,97,Internazionali BNL d'Italia,Rome,Outdoor,Clay,2022-05-11,2.3,1.61,1
Paul T.,14,204,111,93,19,13,92,80,De Minaur A.,19,272,161,111,30,19,131,92,Internazionali BNL d'Italia,Rome,Outdoor,Clay,2022-05-11,2.2,1.66,0
Nadal R.,2,1223,1017,206,76,40,941,166,Shapovalov D.,29,298,166,132,30,27,136,105,Internazionali BNL d'Italia,Rome,Outdoor,Clay,2022-05-12,1.16,5.0,0
Wawrinka S.,72,854,535,319,84,69,451,250,Djokovic N.,2,1207,1012,195,146,42,866,153,Internazionali BNL d'Italia,Rome,Outdoor,Clay,2022-05-12,9.0,1.07,0
Ruud C.,4,275,176,99,19,16,157,83,Brooksby J.,39,79,46,33,6,5,40,28,Internazionali BNL d'Italia,Rome,Outdoor,Clay,2022-05-12,1.22,4.33,1
Garin C.,101,190,103,87,15,13,88,74,Cilic M.,100,853,543,310,119,65,424,245,Internazionali BNL d'Italia,Rome,Outdoor,Clay,2022-05-12,2.37,1.57,1
Giron M.,69,150,68,82,20,14,48,68,Auger-Aliassime F.,12,268,163,105,48,22,115,83,Internazionali BNL d'Italia,Rome,Outdoor,Clay,2022-05-12,5.0,1.16,0
Khachanov K.,11,378,217,161,44,38,173,123,Tsitsipas S.,5,390,264,126,49,32,215,94,Internazionali BNL d'Italia,Rome,Outdoor,Clay,2022-05-12,4.5,1.2,0
Zverev A.,19,500,346,154,60,31,286,123,De Minaur A.,19,272,161,111,30,19,131,92,Internazionali BNL d'Italia,Rome,Outdoor,Clay,2022-05-12,1.22,4.33,1
Krajinovic F.,93,240,115,125,38,34,77,91,Sinner J.,8,224,153,71,42,19,111,52,Internazionali BNL d'Italia,Rome,Outdoor,Clay,2022-05-12,4.0,1.25,0
Zverev A.,19,500,346,154,60,31,286,123,Garin C.,101,190,103,87,15,13,88,74,Internazionali BNL d'Italia,Rome,Outdoor,Clay,2022-05-13,1.14,5.5,1
Sinner J.,8,224,153,71,42,19,111,52,Tsitsipas S.,5,390,264,126,49,32,215,94,Internazionali BNL d'Italia,Rome,Outdoor,Clay,2022-05-13,2.75,1.44,0
Shapovalov D.,29,298,166,132,30,27,136,105,Ruud C.,4,275,176,99,19,16,157,83,Internazionali BNL d'Italia,Rome,Outdoor,Clay,2022-05-13,3.0,1.4,0
Auger-Aliassime F.,12,268,163,105,48,22,115,83,Djokovic N.,2,1207,1012,195,146,42,866,153,Internazionali BNL d'Italia,Rome,Outdoor,Clay,2022-05-13,5.0,1.16,0
Zverev A.,19,500,346,154,60,31,286,123,Tsitsipas S.,5,390,264,126,49,32,215,94,Internazionali BNL d'Italia,Rome,Outdoor,Clay,2022-05-14,2.3,1.61,0
Djokovic N.,2,1207,1012,195,146,42,866,153,Ruud C.,4,275,176,99,19,16,157,83,Internazionali BNL d'Italia,Rome,Outdoor,Clay,2022-05-14,1.2,4.5,1
Rinderknech A.,67,96,46,50,16,12,30,38,Rune H.,6,131,83,48,28,9,55,39,Lyon Open,Lyon,Outdoor,Clay,2022-05-15,4.0,1.25,0
Majchrzak K.,121,50,19,31,3,4,16,27,Bublik A.,25,219,110,109,39,30,71,79,Geneva Open,Geneva,Outdoor,Clay,2022-05-15,1.61,2.3,1
Tsitsipas S.,5,390,264,126,49,32,215,94,Djokovic N.,2,1207,1012,195,146,42,866,153,Internazionali BNL d'Italia,Rome,Outdoor,Clay,2022-05-15,2.75,1.44,0
Karatsev A.,75,136,66,70,10,22,56,48,Mannarino A.,27,567,264,303,60,73,204,230,Lyon Open,Lyon,Outdoor,Clay,2022-05-15,1.28,3.75,0
Paul T.,14,204,111,93,19,13,92,80,Griekspoor T.,37,97,47,50,7,14,40,36,Geneva Open,Geneva,Outdoor,Clay,2022-05-15,1.66,2.2,0
Duckworth J.,123,143,55,88,10,9,45,79,Cerundolo F.,21,104,58,46,3,7,55,39,Lyon Open,Lyon,Outdoor,Clay,2022-05-15,6.0,1.12,0
Khachanov K.,11,378,217,161,44,38,173,123,Simon G.,188,869,491,378,135,94,356,284,Lyon Open,Lyon,Outdoor,Clay,2022-05-16,1.12,6.0,1
Tsonga J.W.,297,672,444,228,139,62,305,166,Molcan A.,120,86,45,41,1,6,44,35,Lyon Open,Lyon,Outdoor,Clay,2022-05-16,4.5,1.2,0
Watanuki Y.,99,25,11,14,0,0,11,14,Martinez P.,135,118,50,68,7,6,43,62,Lyon Open,Lyon,Outdoor,Clay,2022-05-16,6.0,1.12,1
Pouille L.,675,259,134,125,35,26,99,99,Otte O.,233,78,33,45,6,14,27,31,Lyon Open,Lyon,Outdoor,Clay,2022-05-16,2.62,1.5,0
Bedene A.,347,291,131,160,18,23,113,137,Kwon S.W.,68,108,53,55,12,6,41,49,Lyon Open,Lyon,Outdoor,Clay,2022-05-16,2.75,1.44,0
Humbert U.,36,170,80,90,23,21,57,69,Barrere G.,59,79,31,48,11,16,20,32,Lyon Open,Lyon,Outdoor,Clay,2022-05-16,1.5,2.62,1
Etcheverry T.,34,60,26,34,5,3,21,31,Baez S.,72,95,47,48,6,6,41,42,Lyon Open,Lyon,Outdoor,Clay,2022-05-16,4.5,1.2,0
Giron M.,69,150,68,82,20,14,48,68,Ivashka I.,113,159,78,81,19,18,59,63,Geneva Open,Geneva,Outdoor,Clay,2022-05-16,2.62,1.5,0
Delbonis F.,131,340,152,188,19,23,133,165,Berankis R.,212,249,104,145,36,31,68,114,Geneva Open,Geneva,Outdoor,Clay,2022-05-16,1.28,3.75,1
Gasquet R.,48,948,581,367,133,82,448,285,Millman J.,140,256,113,143,21,22,92,121,Geneva Open,Geneva,Outdoor,Clay,2022-05-16,1.57,2.37,1
Cecchinato M.,108,204,79,125,2,14,77,111,Thiem D.,116,517,327,190,53,39,274,151,Geneva Open,Geneva,Outdoor,Clay,2022-05-16,3.0,1.4,1
Ruusuvuori E.,55,158,79,79,16,18,63,61,Paire B.,149,527,237,290,39,56,198,234,Geneva Open,Geneva,Outdoor,Clay,2022-05-16,1.4,3.0,0
Medvedev D.,3,406,289,117,69,27,220,90,Gasquet R.,48,948,581,367,133,82,448,285,Geneva Open,Geneva,Outdoor,Clay,2022-05-17,1.4,3.0,0
Humbert U.,36,170,80,90,23,21,57,69,De Minaur A.,19,272,161,111,30,19,131,92,Lyon Open,Lyon,Outdoor,Clay,2022-05-17,3.2,1.36,0
Cerundolo F.,21,104,58,46,3,7,55,39,Norrie C.,13,287,172,115,15,18,157,97,Lyon Open,Lyon,Outdoor,Clay,2022-05-17,3.0,1.4,0
Baez S.,72,95,47,48,6,6,41,42,Otte O.,233,78,33,45,6,14,27,31,Lyon Open,Lyon,Outdoor,Clay,2022-05-17,1.4,3.0,1
Watanuki Y.,99,25,11,14,0,0,11,14,Kwon S.W.,68,108,53,55,12,6,41,49,Lyon Open,Lyon,Outdoor,Clay,2022-05-17,3.0,1.4,1
Gaston H.,109,58,24,34,5,9,19,25,Guinard M.,148,9,4,5,2,2,2,3,Lyon Open,Lyon,Outdoor,Clay,2022-05-17,1.72,2.1,0
Coria F.,108,99,43,56,2,6,41,50,Altmaier D.,51,79,28,51,1,5,27,46,Lyon Open,Lyon,Outdoor,Clay,2022-05-17,2.1,1.72,1
Basilashvili N.,118,301,138,163,26,34,112,129,Bagnis F.,135,121,39,82,9,8,30,74,Geneva Open,Geneva,Outdoor,Clay,2022-05-17,1.61,2.3,1
Andujar P.,323,404,164,240,12,30,152,210,Sousa J.,147,436,189,247,42,44,147,203,Geneva Open,Geneva,Outdoor,Clay,2022-05-17,1.61,2.3,0
O Connell C.,74,65,26,39,0,0,26,39,Ramos-Vinolas A.,82,437,204,233,17,31,187,202,Geneva Open,Geneva,Outdoor,Clay,2022-05-17,2.37,1.57,1
Riedi L.,135,5,1,4,1,1,0,3,Nikles J.,317,4,1,3,0,0,1,3,Geneva Open,Geneva,Outdoor,Clay,2022-05-17,1.66,2.2,0
Cecchinato M.,108,204,79,125,2,14,77,111,Majchrzak K.,121,50,19,31,3,4,16,27,Geneva Open,Geneva,Outdoor,Clay,2022-05-17,2.3,1.61,0
Kokkinakis T.,86,124,55,69,0,4,55,65,Fognini F.,128,742,383,359,39,48,344,311,Geneva Open,Geneva,Outdoor,Clay,2022-05-17,2.2,1.66,1
Rune H.,6,131,83,48,28,9,55,39,Mannarino A.,27,567,264,303,60,73,204,230,Lyon Open,Lyon,Outdoor,Clay,2022-05-18,1.1,7.0,1
Molcan A.,120,86,45,41,1,6,44,35,Khachanov K.,11,378,217,161,44,38,173,123,Lyon Open,Lyon,Outdoor,Clay,2022-05-18,2.5,1.53,1
Carreno Busta P.,16,352,214,138,33,25,181,113,Coria F.,108,99,43,56,2,6,41,50,Lyon Open,Lyon,Outdoor,Clay,2022-05-18,1.22,4.33,0
Opelka R.,17,168,88,80,17,10,71,70,O Connell C.,74,65,26,39,0,0,26,39,Geneva Open,Geneva,Outdoor,Clay,2022-05-18,1.8,2.0,1
Kokkinakis T.,86,124,55,69,0,4,55,65,Delbonis F.,131,340,152,188,19,23,133,165,Geneva Open,Geneva,Outdoor,Clay,2022-05-18,1.61,2.3,1
Nikles J.,317,4,1,3,0,0,1,3,Griekspoor T.,37,97,47,50,7,14,40,36,Geneva Open,Geneva,Outdoor,Clay,2022-05-18,4.33,1.22,0
Paire B.,149,527,237,290,39,56,198,234,Ruud C.,4,275,176,99,19,16,157,83,Geneva Open,Geneva,Outdoor,Clay,2022-05-18,6.0,1.12,0
Sousa J.,147,436,189,247,42,44,147,203,Basilashvili N.,118,301,138,163,26,34,112,129,Geneva Open,Geneva,Outdoor,Clay,2022-05-18,2.75,1.44,1
Ivashka I.,113,159,78,81,19,18,59,63,Shapovalov D.,29,298,166,132,30,27,136,105,Geneva Open,Geneva,Outdoor,Clay,2022-05-18,2.75,1.44,1
Griekspoor T.,37,97,47,50,7,14,40,36,Opelka R.,17,168,88,80,17,10,71,70,Geneva Open,Geneva,Outdoor,Clay,2022-05-19,2.3,1.61,0
Kokkinakis T.,86,124,55,69,0,4,55,65,Ruud C.,4,275,176,99,19,16,157,83,Geneva Open,Geneva,Outdoor,Clay,2022-05-19,4.5,1.2,0
Majchrzak K.,121,50,19,31,3,4,16,27,Gasquet R.,48,948,581,367,133,82,448,285,Geneva Open,Geneva,Outdoor,Clay,2022-05-19,2.1,1.72,0
Sousa J.,147,436,189,247,42,44,147,203,Ivashka I.,113,159,78,81,19,18,59,63,Geneva Open,Geneva,Outdoor,Clay,2022-05-19,3.0,1.4,1
Coria F.,108,99,43,56,2,6,41,50,Molcan A.,120,86,45,41,1,6,44,35,Lyon Open,Lyon,Outdoor,Clay,2022-05-19,2.2,1.66,0
Mmoh M.,112,55,20,35,0,3,20,32,Guinard M.,148,9,4,5,2,2,2,3,Lyon Open,Lyon,Outdoor,Clay,2022-05-19,2.37,1.57,0
De Minaur A.,19,272,161,111,30,19,131,92,Watanuki Y.,99,25,11,14,0,0,11,14,Lyon Open,Lyon,Outdoor,Clay,2022-05-19,1.16,5.0,1
Rune H.,6,131,83,48,28,9,55,39,Guinard M.,148,9,4,5,2,2,2,3,Lyon Open,Lyon,Outdoor,Clay,2022-05-19,1.14,5.5,1
Norrie C.,13,287,172,115,15,18,157,97,Baez S.,72,95,47,48,6,6,41,42,Lyon Open,Lyon,Outdoor,Clay,2022-05-19,2.1,1.72,1
Molcan A.,120,86,45,41,1,6,44,35,De Minaur A.,19,272,161,111,30,19,131,92,Lyon Open,Lyon,Outdoor,Clay,2022-05-20,2.2,1.66,1
Ruud C.,4,275,176,99,19,16,157,83,Opelka R.,17,168,88,80,17,10,71,70,Geneva Open,Geneva,Outdoor,Clay,2022-05-20,1.25,4.0,1
Gasquet R.,48,948,581,367,133,82,448,285,Sousa J.,147,436,189,247,42,44,147,203,Geneva Open,Geneva,Outdoor,Clay,2022-05-20,1.44,2.75,0
Norrie C.,13,287,172,115,15,18,157,97,Rune H.,6,131,83,48,28,9,55,39,Lyon Open,Lyon,Outdoor,Clay,2022-05-20,1.57,2.37,1
Norrie C.,13,287,172,115,15,18,157,97,Molcan A.,120,86,45,41,1,6,44,35,Lyon Open,Lyon,Outdoor,Clay,2022-05-21,1.61,2.3,1
Ruud C.,4,275,176,99,19,16,157,83,Sousa J.,147,436,189,247,42,44,147,203,Geneva Open,Geneva,Outdoor,Clay,2022-05-21,1.12,6.0,1
Londero J.I.,142,83,34,49,3,5,31,44,Alcaraz C.,1,164,130,34,10,5,120,29,French Open,Paris,Outdoor,Clay,2022-05-22,19.0,1.02,0
Mmoh M.,112,55,20,35,0,3,20,32,Zapata Miralles B.,54,80,32,48,1,6,31,42,French Open,Paris,Outdoor,Clay,2022-05-22,4.0,1.25,0
Kubler J.,77,53,24,29,0,1,24,28,Kudla D.,137,198,70,128,5,14,65,114,French Open,Paris,Outdoor,Clay,2022-05-22,1.5,2.62,1
Ofner S.,61,34,16,18,1,2,15,16,Zverev A.,19,500,346,154,60,31,286,123,French Open,Paris,Outdoor,Clay,2022-05-22,11.0,1.05,0
Karatsev A.,75,136,66,70,10,22,56,48,Ugo Carabelli C.,122,5,2,3,0,1,2,2,French Open,Paris,Outdoor,Clay,2022-05-22,1.66,2.2,0
Borges N.,69,28,10,18,1,1,9,17,Khachanov K.,11,378,217,161,44,38,173,123,French Open,Paris,Outdoor,Clay,2022-05-22,3.75,1.28,0
Fognini F.,128,742,383,359,39,48,344,311,Popyrin A.,90,140,59,81,9,13,50,68,French Open,Paris,Outdoor,Clay,2022-05-22,1.5,2.62,1
Griekspoor T.,37,97,47,50,7,14,40,36,Davidovich Fokina A.,39,168,84,84,17,20,67,64,French Open,Paris,Outdoor,Clay,2022-05-22,4.0,1.25,1
Cuevas P.,149,421,210,211,34,25,176,186,Brooksby J.,39,79,46,33,6,5,40,28,French Open,Paris,Outdoor,Clay,2022-05-22,3.0,1.4,1
Ramos-Vinolas A.,82,437,204,233,17,31,187,202,Kokkinakis T.,86,124,55,69,0,4,55,65,French Open,Paris,Outdoor,Clay,2022-05-22,2.0,1.8,1
Halys Q.,79,72,23,49,3,10,20,39,Isner J.,114,755,465,290,53,45,412,245,French Open,Paris,Outdoor,Clay,2022-05-22,2.62,1.5,0
Dellien H.,164,70,22,48,5,5,17,43,Thiem D.,116,517,327,190,53,39,274,151,French Open,Paris,Outdoor,Clay,2022-05-22,1.8,2.0,1
Taberner C.,181,37,13,24,4,6,9,18,Coric B.,15,343,185,158,28,28,157,130,French Open,Paris,Outdoor,Clay,2022-05-22,1.9,1.9,0
Dimitrov G.,20,651,389,262,79,50,310,212,Giron M.,69,150,68,82,20,14,48,68,French Open,Paris,Outdoor,Clay,2022-05-22,1.14,5.5,1
Bedene A.,347,291,131,160,18,23,113,137,O Connell C.,74,65,26,39,0,0,26,39,French Open,Paris,Outdoor,Clay,2022-05-22,3.75,1.28,1
Munar J.,104,178,75,103,7,12,68,91,Altmaier D.,51,79,28,51,1,5,27,46,French Open,Paris,Outdoor,Clay,2022-05-22,1.4,3.0,1
Kuznetsov An.,228,162,70,92,9,19,61,73,Schwartzman D.,95,428,233,195,32,27,201,168,French Open,Paris,Outdoor,Clay,2022-05-22,9.0,1.07,0
Daniel T.,111,178,67,111,3,10,64,101,Barrere G.,59,79,31,48,11,16,20,32,French Open,Paris,Outdoor,Clay,2022-05-22,1.3,3.5,0
Van De Zandschulp B.,44,117,63,54,11,11,52,43,Kotov P.,89,25,10,15,1,4,9,11,French Open,Paris,Outdoor,Clay,2022-05-22,1.28,3.75,1
Auger-Aliassime F.,12,268,163,105,48,22,115,83,Varillas J. P.,1345,20,9,11,2,1,7,10,French Open,Paris,Outdoor,Clay,2022-05-22,1.16,5.0,1
Agamenone F.,136,5,3,2,0,0,3,2,Mcdonald M.,60,190,87,103,11,15,76,88,French Open,Paris,Outdoor,Clay,2022-05-23,2.3,1.61,0
Djokovic N.,2,1207,1012,195,146,42,866,153,Nishioka Y.,31,215,99,116,15,15,84,101,French Open,Paris,Outdoor,Clay,2022-05-23,1.01,26.0,1
Balazs A.,745,33,16,17,0,1,16,16,Cilic M.,100,853,543,310,119,65,424,245,French Open,Paris,Outdoor,Clay,2022-05-23,10.0,1.06,0
Duckworth J.,123,143,55,88,10,9,45,79,Ymer M.,59,130,58,72,18,23,40,49,French Open,Paris,Outdoor,Clay,2022-05-23,3.4,1.33,0
Blancaneaux G.,152,6,0,6,0,4,0,2,Fucsovics M.,67,249,121,128,26,24,95,104,French Open,Paris,Outdoor,Clay,2022-05-23,3.4,1.33,0
Cachin P.,54,52,23,29,1,3,22,26,Gombos N.,114,66,21,45,6,14,15,31,French Open,Paris,Outdoor,Clay,2022-05-23,1.44,2.75,1
Kecmanovic M.,40,210,107,103,12,16,95,87,Etcheverry T.,34,60,26,34,5,3,21,31,French Open,Paris,Outdoor,Clay,2022-05-23,1.11,6.5,1
Nadal R.,2,1223,1017,206,76,40,941,166,Thompson J.,71,221,96,125,10,10,86,115,French Open,Paris,Outdoor,Clay,2022-05-23,1.01,23.0,1
Rodriguez Taverna S.,201,1,0,1,0,0,0,1,Fritz T.,9,356,205,151,26,22,179,129,French Open,Paris,Outdoor,Clay,2022-05-23,6.0,1.12,0
Wawrinka S.,72,854,535,319,84,69,451,250,Moutet C.,80,118,50,68,5,11,45,57,French Open,Paris,Outdoor,Clay,2022-05-23,1.61,2.3,0
Gojo B.,115,14,3,11,0,1,3,10,Giannessi A.,224,35,12,23,1,4,11,19,French Open,Paris,Outdoor,Clay,2022-05-23,1.72,2.1,1
Opelka R.,17,168,88,80,17,10,71,70,Krajinovic F.,93,240,115,125,38,34,77,91,French Open,Paris,Outdoor,Clay,2022-05-23,1.66,2.2,0
Baez S.,72,95,47,48,6,6,41,42,Lajovic D.,66,378,163,215,21,36,142,179,French Open,Paris,Outdoor,Clay,2022-05-23,1.33,3.4,1
Evans D.,30,251,124,127,18,16,106,111,Cerundolo F.,21,104,58,46,3,7,55,39,French Open,Paris,Outdoor,Clay,2022-05-23,2.0,1.8,1
Basilashvili N.,118,301,138,163,26,34,112,129,Cressy M.,96,96,42,54,10,11,32,43,French Open,Paris,Outdoor,Clay,2022-05-23,1.3,3.5,1
Guinard M.,148,9,4,5,2,2,2,3,Norrie C.,13,287,172,115,15,18,157,97,French Open,Paris,Outdoor,Clay,2022-05-23,8.0,1.08,0
Nakashima B.,70,106,57,49,6,5,51,44,Majchrzak K.,121,50,19,31,3,4,16,27,French Open,Paris,Outdoor,Clay,2022-05-23,2.0,1.8,1
Carreno Busta P.,16,352,214,138,33,25,181,113,Simon G.,188,869,491,378,135,94,356,284,French Open,Paris,Outdoor,Clay,2022-05-24,1.04,13.0,0
Tsitsipas S.,5,390,264,126,49,32,215,94,Musetti L.,18,143,79,64,12,12,67,52,French Open,Paris,Outdoor,Clay,2022-05-24,1.1,7.0,1
Johnson S.,197,395,196,199,16,23,180,176,Vesely J.,528,288,130,158,6,19,124,139,French Open,Paris,Outdoor,Clay,2022-05-24,2.3,1.61,1
Kwon S.W.,68,108,53,55,12,6,41,49,Rublev A.,7,392,255,137,57,34,198,103,French Open,Paris,Outdoor,Clay,2022-05-24,8.0,1.08,0
Sinner J.,8,224,153,71,42,19,111,52,Fratangelo B.,695,62,22,40,0,1,22,39,French Open,Paris,Outdoor,Clay,2022-05-24,1.06,10.0,1
Zeppieri G.,129,13,4,9,0,1,4,8,Hurkacz H.,17,238,137,101,27,24,110,77,French Open,Paris,Outdoor,Clay,2022-05-24,6.0,1.12,0
Andujar P.,323,404,164,240,12,30,152,210,Cecchinato M.,108,204,79,125,2,14,77,111,French Open,Paris,Outdoor,Clay,2022-05-24,1.9,1.9,0
Carballes Baena R.,64,207,91,116,11,10,80,106,Otte O.,233,78,33,45,6,14,27,31,French Open,Paris,Outdoor,Clay,2022-05-24,2.2,1.66,1
De Minaur A.,19,272,161,111,30,19,131,92,Gaston H.,109,58,24,34,5,9,19,25,French Open,Paris,Outdoor,Clay,2022-05-24,1.2,4.5,0
Bonzi B.,107,83,37,46,10,13,27,33,Tiafoe F.,10,303,158,145,24,23,134,122,French Open,Paris,Outdoor,Clay,2022-05-24,2.5,1.53,0
Mannarino A.,27,567,264,303,60,73,204,230,Delbonis F.,131,340,152,188,19,23,133,165,French Open,Paris,Outdoor,Clay,2022-05-24,3.2,1.36,0
Sonego L.,43,221,107,114,19,17,88,97,Gojowczyk P.,108,172,75,97,17,18,58,79,French Open,Paris,Outdoor,Clay,2022-05-24,1.08,8.0,1
Pouille L.,675,259,134,125,35,26,99,99,Kolar Z.,119,4,1,3,0,0,1,3,French Open,Paris,Outdoor,Clay,2022-05-24,1.9,1.9,0
Laaksonen H.,125,101,37,64,7,16,30,48,Martinez P.,135,118,50,68,7,6,43,62,French Open,Paris,Outdoor,Clay,2022-05-24,4.0,1.25,1
Tsonga J.W.,297,672,444,228,139,62,305,166,Ruud C.,4,275,176,99,19,16,157,83,French Open,Paris,Outdoor,Clay,2022-05-24,15.0,1.03,0
Tseng C. H.,108,8,2,6,0,1,2,5,Sousa J.,147,436,189,247,42,44,147,203,French Open,Paris,Outdoor,Clay,2022-05-24,2.0,1.8,0
Paire B.,149,527,237,290,39,56,198,234,Ivashka I.,113,159,78,81,19,18,59,63,French Open,Paris,Outdoor,Clay,2022-05-24,2.62,1.5,0
Humbert U.,36,170,80,90,23,21,57,69,Ruusuvuori E.,55,158,79,79,16,18,63,61,French Open,Paris,Outdoor,Clay,2022-05-24,2.2,1.66,0
Djere L.,38,243,120,123,10,22,110,101,Berankis R.,212,249,104,145,36,31,68,114,French Open,Paris,Outdoor,Clay,2022-05-24,1.12,6.0,1
Millman J.,140,256,113,143,21,22,92,121,Korda S.,26,126,75,51,15,9,60,42,French Open,Paris,Outdoor,Clay,2022-05-24,5.5,1.14,0
Shapovalov D.,29,298,166,132,30,27,136,105,Rune H.,6,131,83,48,28,9,55,39,French Open,Paris,Outdoor,Clay,2022-05-24,1.8,2.0,0
Molcan A.,120,86,45,41,1,6,44,35,Coria F.,108,99,43,56,2,6,41,50,French Open,Paris,Outdoor,Clay,2022-05-24,1.44,2.75,1
Gasquet R.,48,948,581,367,133,82,448,285,Harris L.,186,129,59,70,7,8,52,62,French Open,Paris,Outdoor,Clay,2022-05-24,1.5,2.62,1
Paul T.,14,204,111,93,19,13,92,80,Garin C.,101,190,103,87,15,13,88,74,French Open,Paris,Outdoor,Clay,2022-05-24,2.3,1.61,0
Goffin D.,123,522,296,226,66,52,230,174,Lehecka J.,33,61,30,31,4,4,26,27,French Open,Paris,Outdoor,Clay,2022-05-24,1.36,3.2,1
Rinderknech A.,67,96,46,50,16,12,30,38,Bublik A.,25,219,110,109,39,30,71,79,French Open,Paris,Outdoor,Clay,2022-05-24,1.53,2.5,0
Medvedev D.,3,406,289,117,69,27,220,90,Bagnis F.,135,121,39,82,9,8,30,74,French Open,Paris,Outdoor,Clay,2022-05-24,1.1,7.0,1
Munar J.,104,178,75,103,7,12,68,91,Schwartzman D.,95,428,233,195,32,27,201,168,French Open,Paris,Outdoor,Clay,2022-05-25,3.4,1.33,0
Moutet C.,80,118,50,68,5,11,45,57,Nadal R.,2,1223,1017,206,76,40,941,166,French Open,Paris,Outdoor,Clay,2022-05-25,15.0,1.03,0
Korda S.,26,126,75,51,15,9,60,42,Gasquet R.,48,948,581,367,133,82,448,285,French Open,Paris,Outdoor,Clay,2022-05-25,1.4,3.0,1
Dimitrov G.,20,651,389,262,79,50,310,212,Coric B.,15,343,185,158,28,28,157,130,French Open,Paris,Outdoor,Clay,2022-05-25,1.25,4.0,1
Fognini F.,128,742,383,359,39,48,344,311,Van De Zandschulp B.,44,117,63,54,11,11,52,43,French Open,Paris,Outdoor,Clay,2022-05-25,2.37,1.57,0
Nakashima B.,70,106,57,49,6,5,51,44,Griekspoor T.,37,97,47,50,7,14,40,36,French Open,Paris,Outdoor,Clay,2022-05-25,2.62,1.5,1
Molcan A.,120,86,45,41,1,6,44,35,Djokovic N.,2,1207,1012,195,146,42,866,153,French Open,Paris,Outdoor,Clay,2022-05-25,15.0,1.03,0
Ramos-Vinolas A.,82,437,204,233,17,31,187,202,Alcaraz C.,1,164,130,34,10,5,120,29,French Open,Paris,Outdoor,Clay,2022-05-25,15.0,1.03,0
Zverev A.,19,500,346,154,60,31,286,123,Baez S.,72,95,47,48,6,6,41,42,French Open,Paris,Outdoor,Clay,2022-05-25,1.14,5.5,1
Zapata Miralles B.,54,80,32,48,1,6,31,42,Fritz T.,9,356,205,151,26,22,179,129,French Open,Paris,Outdoor,Clay,2022-05-25,2.75,1.44,1
Kubler J.,77,53,24,29,0,1,24,28,Norrie C.,13,287,172,115,15,18,157,97,French Open,Paris,Outdoor,Clay,2022-05-25,8.0,1.08,0
Cuevas P.,149,421,210,211,34,25,176,186,Bedene A.,347,291,131,160,18,23,113,137,French Open,Paris,Outdoor,Clay,2022-05-25,1.53,2.5,0
Isner J.,114,755,465,290,53,45,412,245,Barrere G.,59,79,31,48,11,16,20,32,French Open,Paris,Outdoor,Clay,2022-05-25,1.25,4.0,1
Ugo Carabelli C.,122,5,2,3,0,1,2,2,Auger-Aliassime F.,12,268,163,105,48,22,115,83,French Open,Paris,Outdoor,Clay,2022-05-25,7.0,1.1,0
Khachanov K.,11,378,217,161,44,38,173,123,Dellien H.,164,70,22,48,5,5,17,43,French Open,Paris,Outdoor,Clay,2022-05-25,1.44,2.75,1
Krajinovic F.,93,240,115,125,38,34,77,91,Gojo B.,115,14,3,11,0,1,3,10,French Open,Paris,Outdoor,Clay,2022-05-25,1.16,5.0,1
Delbonis F.,131,340,152,188,19,23,133,165,Rublev A.,7,392,255,137,57,34,198,103,French Open,Paris,Outdoor,Clay,2022-05-26,6.0,1.12,0
Sinner J.,8,224,153,71,42,19,111,52,Carballes Baena R.,64,207,91,116,11,10,80,106,French Open,Paris,Outdoor,Clay,2022-05-26,1.07,9.0,1
Kolar Z.,119,4,1,3,0,0,1,3,Tsitsipas S.,5,390,264,126,49,32,215,94,French Open,Paris,Outdoor,Clay,2022-05-26,17.0,1.02,0
Johnson S.,197,395,196,199,16,23,180,176,Simon G.,188,869,491,378,135,94,356,284,French Open,Paris,Outdoor,Clay,2022-05-26,1.5,2.62,0
Ymer M.,59,130,58,72,18,23,40,49,Evans D.,30,251,124,127,18,16,106,111,French Open,Paris,Outdoor,Clay,2022-05-26,2.75,1.44,1
Cecchinato M.,108,204,79,125,2,14,77,111,Hurkacz H.,17,238,137,101,27,24,110,77,French Open,Paris,Outdoor,Clay,2022-05-26,5.5,1.14,0
Mcdonald M.,60,190,87,103,11,15,76,88,Basilashvili N.,118,301,138,163,26,34,112,129,French Open,Paris,Outdoor,Clay,2022-05-26,2.5,1.53,1
Ivashka I.,113,159,78,81,19,18,59,63,Garin C.,101,190,103,87,15,13,88,74,French Open,Paris,Outdoor,Clay,2022-05-26,2.62,1.5,0
Cilic M.,100,853,543,310,119,65,424,245,Fucsovics M.,67,249,121,128,26,24,95,104,French Open,Paris,Outdoor,Clay,2022-05-26,1.44,2.75,1
Gaston H.,109,58,24,34,5,9,19,25,Cachin P.,54,52,23,29,1,3,22,26,French Open,Paris,Outdoor,Clay,2022-05-26,1.9,1.9,1
Goffin D.,123,522,296,226,66,52,230,174,Tiafoe F.,10,303,158,145,24,23,134,122,French Open,Paris,Outdoor,Clay,2022-05-26,1.66,2.2,1
Kecmanovic M.,40,210,107,103,12,16,95,87,Bublik A.,25,219,110,109,39,30,71,79,French Open,Paris,Outdoor,Clay,2022-05-26,1.2,4.5,1
Djere L.,38,243,120,123,10,22,110,101,Medvedev D.,3,406,289,117,69,27,220,90,French Open,Paris,Outdoor,Clay,2022-05-26,3.2,1.36,0
Laaksonen H.,125,101,37,64,7,16,30,48,Rune H.,6,131,83,48,28,9,55,39,French Open,Paris,Outdoor,Clay,2022-05-26,6.0,1.12,0
Ruud C.,4,275,176,99,19,16,157,83,Ruusuvuori E.,55,158,79,79,16,18,63,61,French Open,Paris,Outdoor,Clay,2022-05-26,1.12,6.0,1
Sonego L.,43,221,107,114,19,17,88,97,Sousa J.,147,436,189,247,42,44,147,203,French Open,Paris,Outdoor,Clay,2022-05-26,1.4,3.0,1
Korda S.,26,126,75,51,15,9,60,42,Alcaraz C.,1,164,130,34,10,5,120,29,French Open,Paris,Outdoor,Clay,2022-05-27,5.0,1.16,0
Khachanov K.,11,378,217,161,44,38,173,123,Norrie C.,13,287,172,115,15,18,157,97,French Open,Paris,Outdoor,Clay,2022-05-27,2.5,1.53,1
Zverev A.,19,500,346,154,60,31,286,123,Nakashima B.,70,106,57,49,6,5,51,44,French Open,Paris,Outdoor,Clay,2022-05-27,1.08,8.0,1
Isner J.,114,755,465,290,53,45,412,245,Zapata Miralles B.,54,80,32,48,1,6,31,42,French Open,Paris,Outdoor,Clay,2022-05-27,1.57,2.37,0
Auger-Aliassime F.,12,268,163,105,48,22,115,83,Krajinovic F.,93,240,115,125,38,34,77,91,French Open,Paris,Outdoor,Clay,2022-05-27,1.3,3.5,1
Djokovic N.,2,1207,1012,195,146,42,866,153,Bedene A.,347,291,131,160,18,23,113,137,French Open,Paris,Outdoor,Clay,2022-05-27,1.01,21.0,1
Dimitrov G.,20,651,389,262,79,50,310,212,Schwartzman D.,95,428,233,195,32,27,201,168,French Open,Paris,Outdoor,Clay,2022-05-27,1.57,2.37,0
Van De Zandschulp B.,44,117,63,54,11,11,52,43,Nadal R.,2,1223,1017,206,76,40,941,166,French Open,Paris,Outdoor,Clay,2022-05-27,11.0,1.05,0
Tsitsipas S.,5,390,264,126,49,32,215,94,Ymer M.,59,130,58,72,18,23,40,49,French Open,Paris,Outdoor,Clay,2022-05-28,1.05,11.0,1
Gaston H.,109,58,24,34,5,9,19,25,Rune H.,6,131,83,48,28,9,55,39,French Open,Paris,Outdoor,Clay,2022-05-28,3.5,1.3,0
Sonego L.,43,221,107,114,19,17,88,97,Ruud C.,4,275,176,99,19,16,157,83,French Open,Paris,Outdoor,Clay,2022-05-28,5.0,1.16,0
Hurkacz H.,17,238,137,101,27,24,110,77,Goffin D.,123,522,296,226,66,52,230,174,French Open,Paris,Outdoor,Clay,2022-05-28,1.66,2.2,1
Rublev A.,7,392,255,137,57,34,198,103,Garin C.,101,190,103,87,15,13,88,74,French Open,Paris,Outdoor,Clay,2022-05-28,1.25,4.0,1
Kecmanovic M.,40,210,107,103,12,16,95,87,Medvedev D.,3,406,289,117,69,27,220,90,French Open,Paris,Outdoor,Clay,2022-05-28,2.2,1.66,0
Cilic M.,100,853,543,310,119,65,424,245,Simon G.,188,869,491,378,135,94,356,284,French Open,Paris,Outdoor,Clay,2022-05-28,1.22,4.33,1
Mcdonald M.,60,190,87,103,11,15,76,88,Sinner J.,8,224,153,71,42,19,111,52,French Open,Paris,Outdoor,Clay,2022-05-28,9.0,1.07,0
Djokovic N.,2,1207,1012,195,146,42,866,153,Schwartzman D.,95,428,233,195,32,27,201,168,French Open,Paris,Outdoor,Clay,2022-05-29,1.07,9.0,1
Zverev A.,19,500,346,154,60,31,286,123,Zapata Miralles B.,54,80,32,48,1,6,31,42,French Open,Paris,Outdoor,Clay,2022-05-29,1.06,10.0,1
Auger-Aliassime F.,12,268,163,105,48,22,115,83,Nadal R.,2,1223,1017,206,76,40,941,166,French Open,Paris,Outdoor,Clay,2022-05-29,5.5,1.14,0
Khachanov K.,11,378,217,161,44,38,173,123,Alcaraz C.,1,164,130,34,10,5,120,29,French Open,Paris,Outdoor,Clay,2022-05-29,7.0,1.1,0
Hurkacz H.,17,238,137,101,27,24,110,77,Ruud C.,4,275,176,99,19,16,157,83,French Open,Paris,Outdoor,Clay,2022-05-30,2.37,1.57,0
Rune H.,6,131,83,48,28,9,55,39,Tsitsipas S.,5,390,264,126,49,32,215,94,French Open,Paris,Outdoor,Clay,2022-05-30,4.5,1.2,1
Rublev A.,7,392,255,137,57,34,198,103,Sinner J.,8,224,153,71,42,19,111,52,French Open,Paris,Outdoor,Clay,2022-05-30,1.8,2.0,1
Medvedev D.,3,406,289,117,69,27,220,90,Cilic M.,100,853,543,310,119,65,424,245,French Open,Paris,Outdoor,Clay,2022-05-30,1.28,3.75,0
Zverev A.,19,500,346,154,60,31,286,123,Alcaraz C.,1,164,130,34,10,5,120,29,French Open,Paris,Outdoor,Clay,2022-05-31,4.33,1.22,1
Djokovic N.,2,1207,1012,195,146,42,866,153,Nadal R.,2,1223,1017,206,76,40,941,166,French Open,Paris,Outdoor,Clay,2022-05-31,1.44,2.75,0
Rune H.,6,131,83,48,28,9,55,39,Ruud C.,4,275,176,99,19,16,157,83,French Open,Paris,Outdoor,Clay,2022-06-01,2.75,1.44,0
Cilic M.,100,853,543,310,119,65,424,245,Rublev A.,7,392,255,137,57,34,198,103,French Open,Paris,Outdoor,Clay,2022-06-01,2.1,1.72,1
Zverev A.,19,500,346,154,60,31,286,123,Nadal R.,2,1223,1017,206,76,40,941,166,French Open,Paris,Outdoor,Clay,2022-06-03,3.4,1.33,0
Ruud C.,4,275,176,99,19,16,157,83,Cilic M.,100,853,543,310,119,65,424,245,French Open,Paris,Outdoor,Clay,2022-06-03,1.44,2.75,1
Nadal R.,2,1223,1017,206,76,40,941,166,Ruud C.,4,275,176,99,19,16,157,83,French Open,Paris,Outdoor,Clay,2022-06-05,1.16,5.5,1
Altmaier D.,51,79,28,51,1,5,27,46,Otte O.,233,78,33,45,6,14,27,31,Mercedes Cup,Stuttgart,Outdoor,Grass,2022-06-06,3.4,1.33,0
Gaston H.,109,58,24,34,5,9,19,25,Kwon S.W.,68,108,53,55,12,6,41,49,Rosmalen Grass Court Championships,'s-Hertogenbosch,Outdoor,Grass,2022-06-06,3.75,1.28,1
Sonego L.,43,221,107,114,19,17,88,97,Paire B.,149,527,237,290,39,56,198,234,Mercedes Cup,Stuttgart,Outdoor,Grass,2022-06-06,1.36,3.2,1
Sousa J.,147,436,189,247,42,44,147,203,Albot R.,97,215,86,129,26,26,60,103,Mercedes Cup,Stuttgart,Outdoor,Grass,2022-06-06,1.72,2.1,0
Giron M.,69,150,68,82,20,14,48,68,Struff J.L.,21,369,170,199,43,42,127,157,Mercedes Cup,Stuttgart,Outdoor,Grass,2022-06-06,1.53,2.5,0
Bonzi B.,107,83,37,46,10,13,27,33,Lopez F.,634,863,441,422,71,82,370,340,Mercedes Cup,Stuttgart,Outdoor,Grass,2022-06-06,1.3,3.5,1
Lehecka J.,33,61,30,31,4,4,26,27,Kyrgios N.,25,303,195,108,11,7,184,101,Mercedes Cup,Stuttgart,Outdoor,Grass,2022-06-07,4.33,1.22,0
Kudla D.,137,198,70,128,5,14,65,114,Bublik A.,25,219,110,109,39,30,71,79,Mercedes Cup,Stuttgart,Outdoor,Grass,2022-06-07,2.2,1.66,0
Murray A.,44,932,687,245,132,47,555,198,O Connell C.,74,65,26,39,0,0,26,39,Mercedes Cup,Stuttgart,Outdoor,Grass,2022-06-07,1.4,3.0,1
Humbert U.,36,170,80,90,23,21,57,69,Rinderknech A.,67,96,46,50,16,12,30,38,Mercedes Cup,Stuttgart,Outdoor,Grass,2022-06-07,1.4,3.0,0
Fucsovics M.,67,249,121,128,26,24,95,104,Rodionov J.,118,26,9,17,2,3,7,14,Mercedes Cup,Stuttgart,Outdoor,Grass,2022-06-07,1.36,3.2,1
Stricker D.,106,20,10,10,2,2,8,8,Cressy M.,96,96,42,54,10,11,32,43,Mercedes Cup,Stuttgart,Outdoor,Grass,2022-06-07,2.3,1.61,1
Ruusuvuori E.,55,158,79,79,16,18,63,61,Van De Zandschulp B.,44,117,63,54,11,11,52,43,Rosmalen Grass Court Championships,'s-Hertogenbosch,Outdoor,Grass,2022-06-07,2.2,1.66,1
De Jong J.,180,3,0,3,0,1,0,2,Brooksby J.,39,79,46,33,6,5,40,28,Rosmalen Grass Court Championships,'s-Hertogenbosch,Outdoor,Grass,2022-06-07,5.0,1.16,0
Mannarino A.,27,567,264,303,60,73,204,230,Seppi A.,141,758,363,395,74,85,289,310,Rosmalen Grass Court Championships,'s-Hertogenbosch,Outdoor,Grass,2022-06-07,1.4,3.0,1
Ebden M.,432,203,75,128,13,18,62,110,Van Rijthoven T.,110,19,10,9,0,4,10,5,Rosmalen Grass Court Championships,'s-Hertogenbosch,Outdoor,Grass,2022-06-07,1.53,2.5,0
Majchrzak K.,121,50,19,31,3,4,16,27,Koepfer D.,84,86,38,48,3,3,35,45,Rosmalen Grass Court Championships,'s-Hertogenbosch,Outdoor,Grass,2022-06-07,1.44,2.75,1
Khachanov K.,11,378,217,161,44,38,173,123,Tabilo A.,122,44,21,23,5,4,16,19,Rosmalen Grass Court Championships,'s-Hertogenbosch,Outdoor,Grass,2022-06-07,1.14,5.5,1
Paul T.,14,204,111,93,19,13,92,80,Nakashima B.,70,106,57,49,6,5,51,44,Rosmalen Grass Court Championships,'s-Hertogenbosch,Outdoor,Grass,2022-06-07,2.62,1.5,0
Griekspoor T.,37,97,47,50,7,14,40,36,Bedene A.,347,291,131,160,18,23,113,137,Rosmalen Grass Court Championships,'s-Hertogenbosch,Outdoor,Grass,2022-06-07,1.8,2.0,1
Querrey S.,287,678,369,309,48,39,321,270,Haase R.,257,458,202,256,35,54,167,202,Rosmalen Grass Court Championships,'s-Hertogenbosch,Outdoor,Grass,2022-06-07,1.4,3.0,1
Ivashka I.,113,159,78,81,19,18,59,63,Mcdonald M.,60,190,87,103,11,15,76,88,Rosmalen Grass Court Championships,'s-Hertogenbosch,Outdoor,Grass,2022-06-07,1.72,2.1,1
Berrettini M.,38,217,142,75,14,11,128,64,Albot R.,97,215,86,129,26,26,60,103,Mercedes Cup,Stuttgart,Outdoor,Grass,2022-06-08,1.28,3.75,1
Bonzi B.,107,83,37,46,10,13,27,33,Rinderknech A.,67,96,46,50,16,12,30,38,Mercedes Cup,Stuttgart,Outdoor,Grass,2022-06-08,1.72,2.1,1
Basilashvili N.,118,301,138,163,26,34,112,129,Musetti L.,18,143,79,64,12,12,67,52,Mercedes Cup,Stuttgart,Outdoor,Grass,2022-06-08,1.61,2.3,1
Shapovalov D.,29,298,166,132,30,27,136,105,Otte O.,233,78,33,45,6,14,27,31,Mercedes Cup,Stuttgart,Outdoor,Grass,2022-06-09,1.4,3.0,0
Gaston H.,109,58,24,34,5,9,19,25,Brooksby J.,39,79,46,33,6,5,40,28,Rosmalen Grass Court Championships,'s-Hertogenbosch,Outdoor,Grass,2022-06-09,4.0,1.25,1
Sonego L.,43,221,107,114,19,17,88,97,Struff J.L.,21,369,170,199,43,42,127,157,Mercedes Cup,Stuttgart,Outdoor,Grass,2022-06-09,1.5,2.62,1
Murray A.,44,932,687,245,132,47,555,198,Bublik A.,25,219,110,109,39,30,71,79,Mercedes Cup,Stuttgart,Outdoor,Grass,2022-06-09,1.66,2.2,1
Hurkacz H.,17,238,137,101,27,24,110,77,Fucsovics M.,67,249,121,128,26,24,95,104,Mercedes Cup,Stuttgart,Outdoor,Grass,2022-06-09,1.4,3.0,0
Stricker D.,106,20,10,10,2,2,8,8,Tsitsipas S.,5,390,264,126,49,32,215,94,Mercedes Cup,Stuttgart,Outdoor,Grass,2022-06-09,3.75,1.28,0
Basilashvili N.,118,301,138,163,26,34,112,129,Kyrgios N.,25,303,195,108,11,7,184,101,Mercedes Cup,Stuttgart,Outdoor,Grass,2022-06-09,3.75,1.28,0
Fritz T.,9,356,205,151,26,22,179,129,Van Rijthoven T.,110,19,10,9,0,4,10,5,Rosmalen Grass Court Championships,'s-Hertogenbosch,Outdoor,Grass,2022-06-09,1.2,4.5,0
Auger-Aliassime F.,12,268,163,105,48,22,115,83,Griekspoor T.,37,97,47,50,7,14,40,36,Rosmalen Grass Court Championships,'s-Hertogenbosch,Outdoor,Grass,2022-06-09,1.2,4.5,1
Querrey S.,287,678,369,309,48,39,321,270,Nakashima B.,70,106,57,49,6,5,51,44,Rosmalen Grass Court Championships,'s-Hertogenbosch,Outdoor,Grass,2022-06-09,2.5,1.53,0
Duckworth J.,123,143,55,88,10,9,45,79,Simon G.,188,869,491,378,135,94,356,284,Rosmalen Grass Court Championships,'s-Hertogenbosch,Outdoor,Grass,2022-06-09,1.72,2.1,0
Mannarino A.,27,567,264,303,60,73,204,230,De Minaur A.,19,272,161,111,30,19,131,92,Rosmalen Grass Court Championships,'s-Hertogenbosch,Outdoor,Grass,2022-06-09,3.2,1.36,1
Ruusuvuori E.,55,158,79,79,16,18,63,61,Ivashka I.,113,159,78,81,19,18,59,63,Rosmalen Grass Court Championships,'s-Hertogenbosch,Outdoor,Grass,2022-06-09,2.3,1.61,0
Majchrzak K.,121,50,19,31,3,4,16,27,Khachanov K.,11,378,217,161,44,38,173,123,Rosmalen Grass Court Championships,'s-Hertogenbosch,Outdoor,Grass,2022-06-09,3.2,1.36,0
Medvedev D.,3,406,289,117,69,27,220,90,Simon G.,188,869,491,378,135,94,356,284,Rosmalen Grass Court Championships,'s-Hertogenbosch,Outdoor,Grass,2022-06-09,1.06,10.0,1
Van Rijthoven T.,110,19,10,9,0,4,10,5,Gaston H.,109,58,24,34,5,9,19,25,Rosmalen Grass Court Championships,'s-Hertogenbosch,Outdoor,Grass,2022-06-10,2.0,1.8,1
Auger-Aliassime F.,12,268,163,105,48,22,115,83,Khachanov K.,11,378,217,161,44,38,173,123,Rosmalen Grass Court Championships,'s-Hertogenbosch,Outdoor,Grass,2022-06-10,1.33,3.4,1
Ivashka I.,113,159,78,81,19,18,59,63,Medvedev D.,3,406,289,117,69,27,220,90,Rosmalen Grass Court Championships,'s-Hertogenbosch,Outdoor,Grass,2022-06-10,4.5,1.2,0
Bonzi B.,107,83,37,46,10,13,27,33,Otte O.,233,78,33,45,6,14,27,31,Mercedes Cup,Stuttgart,Outdoor,Grass,2022-06-10,2.1,1.72,0
Berrettini M.,38,217,142,75,14,11,128,64,Sonego L.,43,221,107,114,19,17,88,97,Mercedes Cup,Stuttgart,Outdoor,Grass,2022-06-10,1.44,2.75,1
Tsitsipas S.,5,390,264,126,49,32,215,94,Murray A.,44,932,687,245,132,47,555,198,Mercedes Cup,Stuttgart,Outdoor,Grass,2022-06-10,1.61,2.3,0
Kyrgios N.,25,303,195,108,11,7,184,101,Fucsovics M.,67,249,121,128,26,24,95,104,Mercedes Cup,Stuttgart,Outdoor,Grass,2022-06-10,1.44,2.75,1
Mannarino A.,27,567,264,303,60,73,204,230,Nakashima B.,70,106,57,49,6,5,51,44,Rosmalen Grass Court Championships,'s-Hertogenbosch,Outdoor,Grass,2022-06-10,2.0,1.8,1
Berrettini M.,38,217,142,75,14,11,128,64,Otte O.,233,78,33,45,6,14,27,31,Mercedes Cup,Stuttgart,Outdoor,Grass,2022-06-11,1.4,3.0,1
Auger-Aliassime F.,12,268,163,105,48,22,115,83,Van Rijthoven T.,110,19,10,9,0,4,10,5,Rosmalen Grass Court Championships,'s-Hertogenbosch,Outdoor,Grass,2022-06-11,1.14,5.5,0
Mannarino A.,27,567,264,303,60,73,204,230,Medvedev D.,3,406,289,117,69,27,220,90,Rosmalen Grass Court Championships,'s-Hertogenbosch,Outdoor,Grass,2022-06-11,4.33,1.22,0
Kyrgios N.,25,303,195,108,11,7,184,101,Murray A.,44,932,687,245,132,47,555,198,Mercedes Cup,Stuttgart,Outdoor,Grass,2022-06-11,1.66,2.2,0
Berrettini M.,38,217,142,75,14,11,128,64,Murray A.,44,932,687,245,132,47,555,198,Mercedes Cup,Stuttgart,Outdoor,Grass,2022-06-12,1.9,1.9,1
Medvedev D.,3,406,289,117,69,27,220,90,Van Rijthoven T.,110,19,10,9,0,4,10,5,Rosmalen Grass Court Championships,'s-Hertogenbosch,Outdoor,Grass,2022-06-12,1.14,5.5,0
Cilic M.,100,853,543,310,119,65,424,245,Broady L.,125,47,18,29,5,3,13,26,Queen's Club Championships,Queens Club,Outdoor,Grass,2022-06-13,1.22,4.33,1
Musetti L.,18,143,79,64,12,12,67,52,Bublik A.,25,219,110,109,39,30,71,79,Queen's Club Championships,Queens Club,Outdoor,Grass,2022-06-13,2.75,1.44,0
Dimitrov G.,20,651,389,262,79,50,310,212,Norrie C.,13,287,172,115,15,18,157,97,Queen's Club Championships,Queens Club,Outdoor,Grass,2022-06-13,2.2,1.66,1
Draper J.,55,51,29,22,2,3,27,19,Fritz T.,9,356,205,151,26,22,179,129,Queen's Club Championships,Queens Club,Outdoor,Grass,2022-06-13,2.75,1.44,1
Opelka R.,17,168,88,80,17,10,71,70,De Minaur A.,19,272,161,111,30,19,131,92,Queen's Club Championships,Queens Club,Outdoor,Grass,2022-06-13,2.1,1.72,0
Davidovich Fokina A.,39,168,84,84,17,20,67,64,Ramos-Vinolas A.,82,437,204,233,17,31,187,202,Queen's Club Championships,Queens Club,Outdoor,Grass,2022-06-13,1.36,3.2,1
Ivashka I.,113,159,78,81,19,18,59,63,Struff J.L.,21,369,170,199,43,42,127,157,Halle Open,Halle,Outdoor,Grass,2022-06-13,1.36,3.2,1
Rune H.,6,131,83,48,28,9,55,39,Carreno Busta P.,16,352,214,138,33,25,181,113,Halle Open,Halle,Outdoor,Grass,2022-06-13,1.72,2.1,0
Basilashvili N.,118,301,138,163,26,34,112,129,Rublev A.,7,392,255,137,57,34,198,103,Halle Open,Halle,Outdoor,Grass,2022-06-13,4.0,1.25,1
Albot R.,97,215,86,129,26,26,60,103,Humbert U.,36,170,80,90,23,21,57,69,Halle Open,Halle,Outdoor,Grass,2022-06-13,3.2,1.36,0
Djere L.,38,243,120,123,10,22,110,101,Squire H.,291,1,0,1,0,0,0,1,Halle Open,Halle,Outdoor,Grass,2022-06-13,1.44,2.75,1
Huesler M.A.,88,58,21,37,8,8,13,29,Mcdonald M.,60,190,87,103,11,15,76,88,Halle Open,Halle,Outdoor,Grass,2022-06-13,2.37,1.57,0
Wawrinka S.,72,854,535,319,84,69,451,250,Tiafoe F.,10,303,158,145,24,23,134,122,Queen's Club Championships,Queens Club,Outdoor,Grass,2022-06-14,2.62,1.5,1
Kudla D.,137,198,70,128,5,14,65,114,Sonego L.,43,221,107,114,19,17,88,97,Queen's Club Championships,Queens Club,Outdoor,Grass,2022-06-14,2.3,1.61,1
Berrettini M.,38,217,142,75,14,11,128,64,Evans D.,30,251,124,127,18,16,106,111,Queen's Club Championships,Queens Club,Outdoor,Grass,2022-06-14,1.44,2.75,1
Krajinovic F.,93,240,115,125,38,34,77,91,Brooksby J.,39,79,46,33,6,5,40,28,Queen's Club Championships,Queens Club,Outdoor,Grass,2022-06-14,2.75,1.44,1
Cerundolo F.,21,104,58,46,3,7,55,39,Martinez P.,135,118,50,68,7,6,43,62,Queen's Club Championships,Queens Club,Outdoor,Grass,2022-06-14,2.1,1.72,1
Ruud C.,4,275,176,99,19,16,157,83,Peniston R.,268,13,6,7,0,0,6,7,Queen's Club Championships,Queens Club,Outdoor,Grass,2022-06-14,1.3,3.5,0
Jubb P.,219,4,0,4,0,0,0,4,Van De Zandschulp B.,44,117,63,54,11,11,52,43,Queen's Club Championships,Queens Club,Outdoor,Grass,2022-06-14,2.37,1.57,0
Ruusuvuori E.,55,158,79,79,16,18,63,61,Halys Q.,79,72,23,49,3,10,20,39,Queen's Club Championships,Queens Club,Outdoor,Grass,2022-06-14,1.57,2.37,1
Querrey S.,287,678,369,309,48,39,321,270,Schwartzman D.,95,428,233,195,32,27,201,168,Queen's Club Championships,Queens Club,Outdoor,Grass,2022-06-14,1.8,2.0,1
Korda S.,26,126,75,51,15,9,60,42,Garin C.,101,190,103,87,15,13,88,74,Halle Open,Halle,Outdoor,Grass,2022-06-14,1.28,3.75,1
Auger-Aliassime F.,12,268,163,105,48,22,115,83,Giron M.,69,150,68,82,20,14,48,68,Halle Open,Halle,Outdoor,Grass,2022-06-14,1.14,5.5,1
Molcan A.,120,86,45,41,1,6,44,35,Griekspoor T.,37,97,47,50,7,14,40,36,Halle Open,Halle,Outdoor,Grass,2022-06-14,2.62,1.5,0
Hurkacz H.,17,238,137,101,27,24,110,77,Cressy M.,96,96,42,54,10,11,32,43,Halle Open,Halle,Outdoor,Grass,2022-06-14,1.4,3.0,1
Altmaier D.,51,79,28,51,1,5,27,46,Kyrgios N.,25,303,195,108,11,7,184,101,Halle Open,Halle,Outdoor,Grass,2022-06-14,5.0,1.16,0
Bonzi B.,107,83,37,46,10,13,27,33,Tsitsipas S.,5,390,264,126,49,32,215,94,Halle Open,Halle,Outdoor,Grass,2022-06-14,3.5,1.3,0
Karatsev A.,75,136,66,70,10,22,56,48,Khachanov K.,11,378,217,161,44,38,173,123,Halle Open,Halle,Outdoor,Grass,2022-06-14,4.0,1.25,0
Otte O.,233,78,33,45,6,14,27,31,Kecmanovic M.,40,210,107,103,12,16,95,87,Halle Open,Halle,Outdoor,Grass,2022-06-14,2.0,1.8,1
Fucsovics M.,67,249,121,128,26,24,95,104,Bautista Agut R.,25,379,234,145,31,29,203,116,Halle Open,Halle,Outdoor,Grass,2022-06-14,1.72,2.1,0
Hurkacz H.,17,238,137,101,27,24,110,77,Humbert U.,36,170,80,90,23,21,57,69,Halle Open,Halle,Outdoor,Grass,2022-06-15,1.44,2.75,1
Van De Zandschulp B.,44,117,63,54,11,11,52,43,Dimitrov G.,20,651,389,262,79,50,310,212,Queen's Club Championships,Queens Club,Outdoor,Grass,2022-06-15,3.5,1.3,1
Davidovich Fokina A.,39,168,84,84,17,20,67,64,De Minaur A.,19,272,161,111,30,19,131,92,Queen's Club Championships,Queens Club,Outdoor,Grass,2022-06-15,2.75,1.44,1
Shapovalov D.,29,298,166,132,30,27,136,105,Paul T.,14,204,111,93,19,13,92,80,Queen's Club Championships,Queens Club,Outdoor,Grass,2022-06-15,1.44,2.75,0
Medvedev D.,3,406,289,117,69,27,220,90,Goffin D.,123,522,296,226,66,52,230,174,Halle Open,Halle,Outdoor,Grass,2022-06-15,1.2,4.5,1
Ruusuvuori E.,55,158,79,79,16,18,63,61,Draper J.,55,51,29,22,2,3,27,19,Queen's Club Championships,Queens Club,Outdoor,Grass,2022-06-15,2.37,1.57,1
Cilic M.,100,853,543,310,119,65,424,245,Bublik A.,25,219,110,109,39,30,71,79,Queen's Club Championships,Queens Club,Outdoor,Grass,2022-06-15,1.44,2.75,1
Tsitsipas S.,5,390,264,126,49,32,215,94,Kyrgios N.,25,303,195,108,11,7,184,101,Halle Open,Halle,Outdoor,Grass,2022-06-15,2.3,1.61,0
Mcdonald M.,60,190,87,103,11,15,76,88,Auger-Aliassime F.,12,268,163,105,48,22,115,83,Halle Open,Halle,Outdoor,Grass,2022-06-15,4.5,1.2,0
Korda S.,26,126,75,51,15,9,60,42,Carreno Busta P.,16,352,214,138,33,25,181,113,Halle Open,Halle,Outdoor,Grass,2022-06-15,1.36,3.2,0
Paul T.,14,204,111,93,19,13,92,80,Wawrinka S.,72,854,535,319,84,69,451,250,Queen's Club Championships,Queens Club,Outdoor,Grass,2022-06-16,1.61,2.3,1
Khachanov K.,11,378,217,161,44,38,173,123,Djere L.,38,243,120,123,10,22,110,101,Halle Open,Halle,Outdoor,Grass,2022-06-16,1.14,5.5,1
Kudla D.,137,198,70,128,5,14,65,114,Berrettini M.,38,217,142,75,14,11,128,64,Queen's Club Championships,Queens Club,Outdoor,Grass,2022-06-16,5.0,1.16,0
Peniston R.,268,13,6,7,0,0,6,7,Cerundolo F.,21,104,58,46,3,7,55,39,Queen's Club Championships,Queens Club,Outdoor,Grass,2022-06-16,1.53,2.5,1
Krajinovic F.,93,240,115,125,38,34,77,91,Querrey S.,287,678,369,309,48,39,321,270,Queen's Club Championships,Queens Club,Outdoor,Grass,2022-06-16,2.75,1.44,1
Otte O.,233,78,33,45,6,14,27,31,Basilashvili N.,118,301,138,163,26,34,112,129,Halle Open,Halle,Outdoor,Grass,2022-06-16,1.9,1.9,1
Bautista Agut R.,25,379,234,145,31,29,203,116,Griekspoor T.,37,97,47,50,7,14,40,36,Halle Open,Halle,Outdoor,Grass,2022-06-16,1.57,2.37,1
Ivashka I.,113,159,78,81,19,18,59,63,Medvedev D.,3,406,289,117,69,27,220,90,Halle Open,Halle,Outdoor,Grass,2022-06-16,5.0,1.16,0
Davidovich Fokina A.,39,168,84,84,17,20,67,64,Van De Zandschulp B.,44,117,63,54,11,11,52,43,Queen's Club Championships,Queens Club,Outdoor,Grass,2022-06-17,2.2,1.66,0
Paul T.,14,204,111,93,19,13,92,80,Berrettini M.,38,217,142,75,14,11,128,64,Queen's Club Championships,Queens Club,Outdoor,Grass,2022-06-17,3.2,1.36,0
Cilic M.,100,853,543,310,119,65,424,245,Ruusuvuori E.,55,158,79,79,16,18,63,61,Queen's Club Championships,Queens Club,Outdoor,Grass,2022-06-17,1.36,3.2,1
Krajinovic F.,93,240,115,125,38,34,77,91,Peniston R.,268,13,6,7,0,0,6,7,Queen's Club Championships,Queens Club,Outdoor,Grass,2022-06-17,1.5,2.62,1
Auger-Aliassime F.,12,268,163,105,48,22,115,83,Hurkacz H.,17,238,137,101,27,24,110,77,Halle Open,Halle,Outdoor,Grass,2022-06-17,1.53,2.5,0
Carreno Busta P.,16,352,214,138,33,25,181,113,Kyrgios N.,25,303,195,108,11,7,184,101,Halle Open,Halle,Outdoor,Grass,2022-06-17,4.0,1.25,0
Bautista Agut R.,25,379,234,145,31,29,203,116,Medvedev D.,3,406,289,117,69,27,220,90,Halle Open,Halle,Outdoor,Grass,2022-06-17,3.4,1.33,0
Otte O.,233,78,33,45,6,14,27,31,Khachanov K.,11,378,217,161,44,38,173,123,Halle Open,Halle,Outdoor,Grass,2022-06-17,2.3,1.61,1
Kyrgios N.,25,303,195,108,11,7,184,101,Hurkacz H.,17,238,137,101,27,24,110,77,Halle Open,Halle,Outdoor,Grass,2022-06-18,1.57,2.37,0
Otte O.,233,78,33,45,6,14,27,31,Medvedev D.,3,406,289,117,69,27,220,90,Halle Open,Halle,Outdoor,Grass,2022-06-18,5.5,1.14,0
Berrettini M.,38,217,142,75,14,11,128,64,Van De Zandschulp B.,44,117,63,54,11,11,52,43,Queen's Club Championships,Queens Club,Outdoor,Grass,2022-06-18,1.28,3.75,1
Krajinovic F.,93,240,115,125,38,34,77,91,Cilic M.,100,853,543,310,119,65,424,245,Queen's Club Championships,Queens Club,Outdoor,Grass,2022-06-18,4.5,1.2,1
Hurkacz H.,17,238,137,101,27,24,110,77,Medvedev D.,3,406,289,117,69,27,220,90,Halle Open,Halle,Outdoor,Grass,2022-06-19,3.0,1.4,1
Karatsev A.,75,136,66,70,10,22,56,48,Munar J.,104,178,75,103,7,12,68,91,Mallorca Championships,Mallorca,Outdoor,Grass,2022-06-19,1.8,2.0,1
Krajinovic F.,93,240,115,125,38,34,77,91,Berrettini M.,38,217,142,75,14,11,128,64,Queen's Club Championships,Queens Club,Outdoor,Grass,2022-06-19,5.0,1.16,0
Sousa J.,147,436,189,247,42,44,147,203,Mcdonald M.,60,190,87,103,11,15,76,88,Mallorca Championships,Mallorca,Outdoor,Grass,2022-06-19,2.62,1.5,0
Kecmanovic M.,40,210,107,103,12,16,95,87,Molcan A.,120,86,45,41,1,6,44,35,Mallorca Championships,Mallorca,Outdoor,Grass,2022-06-19,1.44,2.75,0
Griekspoor T.,37,97,47,50,7,14,40,36,Lopez F.,634,863,441,422,71,82,370,340,Mallorca Championships,Mallorca,Outdoor,Grass,2022-06-20,1.3,3.5,1
Delbonis F.,131,340,152,188,19,23,133,165,Bellier A.,190,9,4,5,1,2,3,3,Mallorca Championships,Mallorca,Outdoor,Grass,2022-06-20,2.37,1.57,0
Bautista Agut R.,25,379,234,145,31,29,203,116,Daniel T.,111,178,67,111,3,10,64,101,Mallorca Championships,Mallorca,Outdoor,Grass,2022-06-20,1.2,4.5,1
Bonzi B.,107,83,37,46,10,13,27,33,Tabilo A.,122,44,21,23,5,4,16,19,Mallorca Championships,Mallorca,Outdoor,Grass,2022-06-20,1.4,3.0,1
Ruusuvuori E.,55,158,79,79,16,18,63,61,Ivashka I.,113,159,78,81,19,18,59,63,Mallorca Championships,Mallorca,Outdoor,Grass,2022-06-20,2.37,1.57,0
De Minaur A.,19,272,161,111,30,19,131,92,Garin C.,101,190,103,87,15,13,88,74,Eastbourne International,Eastbourne,Outdoor,Grass,2022-06-20,1.16,5.0,1
Opelka R.,17,168,88,80,17,10,71,70,Cressy M.,96,96,42,54,10,11,32,43,Eastbourne International,Eastbourne,Outdoor,Grass,2022-06-20,1.72,2.1,0
Korda S.,26,126,75,51,15,9,60,42,Millman J.,140,256,113,143,21,22,92,121,Eastbourne International,Eastbourne,Outdoor,Grass,2022-06-20,1.28,3.75,0
Draper J.,55,51,29,22,2,3,27,19,Brooksby J.,39,79,46,33,6,5,40,28,Eastbourne International,Eastbourne,Outdoor,Grass,2022-06-20,1.8,2.0,1
Clarke J.,156,13,2,11,0,0,2,11,Nakashima B.,70,106,57,49,6,5,51,44,Eastbourne International,Eastbourne,Outdoor,Grass,2022-06-20,5.5,1.14,0
Tiafoe F.,10,303,158,145,24,23,134,122,Bublik A.,25,219,110,109,39,30,71,79,Eastbourne International,Eastbourne,Outdoor,Grass,2022-06-20,1.9,1.9,0
Duckworth J.,123,143,55,88,10,9,45,79,Sonego L.,43,221,107,114,19,17,88,97,Eastbourne International,Eastbourne,Outdoor,Grass,2022-06-21,3.4,1.33,0
Giron M.,69,150,68,82,20,14,48,68,Van De Zandschulp B.,44,117,63,54,11,11,52,43,Mallorca Championships,Mallorca,Outdoor,Grass,2022-06-21,2.75,1.44,1
Lajovic D.,66,378,163,215,21,36,142,179,Altmaier D.,51,79,28,51,1,5,27,46,Mallorca Championships,Mallorca,Outdoor,Grass,2022-06-21,2.5,1.53,0
Kyrgios N.,25,303,195,108,11,7,184,101,Djere L.,38,243,120,123,10,22,110,101,Mallorca Championships,Mallorca,Outdoor,Grass,2022-06-21,1.1,7.0,1
Thompson J.,71,221,96,125,10,10,86,115,Baez S.,72,95,47,48,6,6,41,42,Mallorca Championships,Mallorca,Outdoor,Grass,2022-06-21,1.28,3.75,0
Martinez P.,135,118,50,68,7,6,43,62,Davidovich Fokina A.,39,168,84,84,17,20,67,64,Eastbourne International,Eastbourne,Outdoor,Grass,2022-06-21,4.0,1.25,1
Evans D.,30,251,124,127,18,16,106,111,Mannarino A.,27,567,264,303,60,73,204,230,Eastbourne International,Eastbourne,Outdoor,Grass,2022-06-21,1.5,2.62,1
Paul T.,14,204,111,93,19,13,92,80,Cerundolo F.,21,104,58,46,3,7,55,39,Eastbourne International,Eastbourne,Outdoor,Grass,2022-06-21,1.28,3.75,1
Humbert U.,36,170,80,90,23,21,57,69,Monteiro T.,121,171,69,102,9,11,60,91,Eastbourne International,Eastbourne,Outdoor,Grass,2022-06-21,1.28,3.75,0
Rune H.,6,131,83,48,28,9,55,39,Peniston R.,268,13,6,7,0,0,6,7,Eastbourne International,Eastbourne,Outdoor,Grass,2022-06-21,1.53,2.5,0
Carreno Busta P.,16,352,214,138,33,25,181,113,Bellier A.,190,9,4,5,1,2,3,3,Mallorca Championships,Mallorca,Outdoor,Grass,2022-06-22,1.16,5.0,0
Giron M.,69,150,68,82,20,14,48,68,Mcdonald M.,60,190,87,103,11,15,76,88,Mallorca Championships,Mallorca,Outdoor,Grass,2022-06-22,2.3,1.61,1
Tsitsipas S.,5,390,264,126,49,32,215,94,Ivashka I.,113,159,78,81,19,18,59,63,Mallorca Championships,Mallorca,Outdoor,Grass,2022-06-22,1.5,2.62,1
Altmaier D.,51,79,28,51,1,5,27,46,Baez S.,72,95,47,48,6,6,41,42,Mallorca Championships,Mallorca,Outdoor,Grass,2022-06-22,2.2,1.66,1
Bonzi B.,107,83,37,46,10,13,27,33,Shapovalov D.,29,298,166,132,30,27,136,105,Mallorca Championships,Mallorca,Outdoor,Grass,2022-06-22,2.3,1.61,1
Karatsev A.,75,136,66,70,10,22,56,48,Medvedev D.,3,406,289,117,69,27,220,90,Mallorca Championships,Mallorca,Outdoor,Grass,2022-06-22,6.0,1.12,0
Kyrgios N.,25,303,195,108,11,7,184,101,Bautista Agut R.,25,379,234,145,31,29,203,116,Mallorca Championships,Mallorca,Outdoor,Grass,2022-06-22,1.61,2.3,0
Griekspoor T.,37,97,47,50,7,14,40,36,Molcan A.,120,86,45,41,1,6,44,35,Mallorca Championships,Mallorca,Outdoor,Grass,2022-06-22,1.61,2.3,1
Sonego L.,43,221,107,114,19,17,88,97,De Minaur A.,19,272,161,111,30,19,131,92,Eastbourne International,Eastbourne,Outdoor,Grass,2022-06-22,2.75,1.44,0
Millman J.,140,256,113,143,21,22,92,121,Bublik A.,25,219,110,109,39,30,71,79,Eastbourne International,Eastbourne,Outdoor,Grass,2022-06-22,2.75,1.44,0
Norrie C.,13,287,172,115,15,18,157,97,Nakashima B.,70,106,57,49,6,5,51,44,Eastbourne International,Eastbourne,Outdoor,Grass,2022-06-22,1.66,2.2,1
Monteiro T.,121,171,69,102,9,11,60,91,Fritz T.,9,356,205,151,26,22,179,129,Eastbourne International,Eastbourne,Outdoor,Grass,2022-06-22,3.75,1.28,0
Cressy M.,96,96,42,54,10,11,32,43,Evans D.,30,251,124,127,18,16,106,111,Eastbourne International,Eastbourne,Outdoor,Grass,2022-06-22,2.37,1.57,1
Paul T.,14,204,111,93,19,13,92,80,Sinner J.,8,224,153,71,42,19,111,52,Eastbourne International,Eastbourne,Outdoor,Grass,2022-06-22,2.3,1.61,1
Draper J.,55,51,29,22,2,3,27,19,Schwartzman D.,95,428,233,195,32,27,201,168,Eastbourne International,Eastbourne,Outdoor,Grass,2022-06-22,1.4,3.0,1
Bonzi B.,107,83,37,46,10,13,27,33,Altmaier D.,51,79,28,51,1,5,27,46,Mallorca Championships,Mallorca,Outdoor,Grass,2022-06-23,1.3,3.5,1
Giron M.,69,150,68,82,20,14,48,68,Tsitsipas S.,5,390,264,126,49,32,215,94,Mallorca Championships,Mallorca,Outdoor,Grass,2022-06-23,4.33,1.22,0
Bautista Agut R.,25,379,234,145,31,29,203,116,Medvedev D.,3,406,289,117,69,27,220,90,Mallorca Championships,Mallorca,Outdoor,Grass,2022-06-23,3.4,1.33,1
Cressy M.,96,96,42,54,10,11,32,43,Norrie C.,13,287,172,115,15,18,157,97,Eastbourne International,Eastbourne,Outdoor,Grass,2022-06-23,2.75,1.44,1
Fritz T.,9,356,205,151,26,22,179,129,Bublik A.,25,219,110,109,39,30,71,79,Eastbourne International,Eastbourne,Outdoor,Grass,2022-06-23,2.1,1.72,1
Peniston R.,268,13,6,7,0,0,6,7,Draper J.,55,51,29,22,2,3,27,19,Eastbourne International,Eastbourne,Outdoor,Grass,2022-06-23,3.0,1.4,0
Paul T.,14,204,111,93,19,13,92,80,De Minaur A.,19,272,161,111,30,19,131,92,Eastbourne International,Eastbourne,Outdoor,Grass,2022-06-23,3.0,1.4,0
Peniston R.,268,13,6,7,0,0,6,7,Martinez P.,135,118,50,68,7,6,43,62,Eastbourne International,Eastbourne,Outdoor,Grass,2022-06-23,1.4,3.0,1
Bellier A.,190,9,4,5,1,2,3,3,Griekspoor T.,37,97,47,50,7,14,40,36,Mallorca Championships,Mallorca,Outdoor,Grass,2022-06-23,3.4,1.33,1
Tsitsipas S.,5,390,264,126,49,32,215,94,Bonzi B.,107,83,37,46,10,13,27,33,Mallorca Championships,Mallorca,Outdoor,Grass,2022-06-24,1.44,2.75,1
Bautista Agut R.,25,379,234,145,31,29,203,116,Bellier A.,190,9,4,5,1,2,3,3,Mallorca Championships,Mallorca,Outdoor,Grass,2022-06-24,1.14,5.5,1
De Minaur A.,19,272,161,111,30,19,131,92,Fritz T.,9,356,205,151,26,22,179,129,Eastbourne International,Eastbourne,Outdoor,Grass,2022-06-24,1.72,2.1,0
Draper J.,55,51,29,22,2,3,27,19,Cressy M.,96,96,42,54,10,11,32,43,Eastbourne International,Eastbourne,Outdoor,Grass,2022-06-24,2.2,1.66,0
Bautista Agut R.,25,379,234,145,31,29,203,116,Tsitsipas S.,5,390,264,126,49,32,215,94,Mallorca Championships,Mallorca,Outdoor,Grass,2022-06-25,2.2,1.66,0
Cressy M.,96,96,42,54,10,11,32,43,Fritz T.,9,356,205,151,26,22,179,129,Eastbourne International,Eastbourne,Outdoor,Grass,2022-06-25,2.5,1.53,0
Gojowczyk P.,108,172,75,97,17,18,58,79,Otte O.,233,78,33,45,6,14,27,31,Wimbledon,London,Outdoor,Grass,2022-06-27,5.5,1.14,0
Bublik A.,25,219,110,109,39,30,71,79,Fucsovics M.,67,249,121,128,26,24,95,104,Wimbledon,London,Outdoor,Grass,2022-06-27,1.57,2.37,1
Murray A.,44,932,687,245,132,47,555,198,Duckworth J.,123,143,55,88,10,9,45,79,Wimbledon,London,Outdoor,Grass,2022-06-27,1.16,5.0,1
Fognini F.,128,742,383,359,39,48,344,311,Griekspoor T.,37,97,47,50,7,14,40,36,Wimbledon,London,Outdoor,Grass,2022-06-27,3.2,1.36,0
Lajovic D.,66,378,163,215,21,36,142,179,Carreno Busta P.,16,352,214,138,33,25,181,113,Wimbledon,London,Outdoor,Grass,2022-06-27,3.4,1.33,1
Kecmanovic M.,40,210,107,103,12,16,95,87,Millman J.,140,256,113,143,21,22,92,121,Wimbledon,London,Outdoor,Grass,2022-06-27,1.44,2.75,1
Sinner J.,8,224,153,71,42,19,111,52,Wawrinka S.,72,854,535,319,84,69,451,250,Wimbledon,London,Outdoor,Grass,2022-06-27,1.33,3.4,1
Delbonis F.,131,340,152,188,19,23,133,165,Van Rijthoven T.,110,19,10,9,0,4,10,5,Wimbledon,London,Outdoor,Grass,2022-06-27,6.0,1.12,0
Vesely J.,528,288,130,158,6,19,124,139,Coria F.,108,99,43,56,2,6,41,50,Wimbledon,London,Outdoor,Grass,2022-06-27,1.05,11.0,1
Tabilo A.,122,44,21,23,5,4,16,19,Djere L.,38,243,120,123,10,22,110,101,Wimbledon,London,Outdoor,Grass,2022-06-27,2.62,1.5,1
Alcaraz C.,1,164,130,34,10,5,120,29,Struff J.L.,21,369,170,199,43,42,127,157,Wimbledon,London,Outdoor,Grass,2022-06-27,1.25,4.0,1
Couacaud E.,158,9,2,7,0,1,2,6,Isner J.,114,755,465,290,53,45,412,245,Wimbledon,London,Outdoor,Grass,2022-06-27,5.0,1.16,0
Kokkinakis T.,86,124,55,69,0,4,55,65,Majchrzak K.,121,50,19,31,3,4,16,27,Wimbledon,London,Outdoor,Grass,2022-06-27,2.1,1.72,1
Tiafoe F.,10,303,158,145,24,23,134,122,Vavassori A.,128,12,5,7,1,1,4,6,Wimbledon,London,Outdoor,Grass,2022-06-27,1.11,6.5,1
Kwon S.W.,68,108,53,55,12,6,41,49,Djokovic N.,2,1207,1012,195,146,42,866,153,Wimbledon,London,Outdoor,Grass,2022-06-27,34.0,1.005,0
Basilashvili N.,118,301,138,163,26,34,112,129,Rosol L.,226,259,110,149,22,34,88,115,Wimbledon,London,Outdoor,Grass,2022-06-27,1.3,3.5,1
Halys Q.,79,72,23,49,3,10,20,39,Paire B.,149,527,237,290,39,56,198,234,Wimbledon,London,Outdoor,Grass,2022-06-27,1.36,3.2,1
Humbert U.,36,170,80,90,23,21,57,69,Etcheverry T.,34,60,26,34,5,3,21,31,Wimbledon,London,Outdoor,Grass,2022-06-27,1.11,6.5,1
Ruud C.,4,275,176,99,19,16,157,83,Ramos-Vinolas A.,82,437,204,233,17,31,187,202,Wimbledon,London,Outdoor,Grass,2022-06-27,1.2,4.5,1
Norrie C.,13,287,172,115,15,18,157,97,Andujar P.,323,404,164,240,12,30,152,210,Wimbledon,London,Outdoor,Grass,2022-06-27,1.02,17.0,1
Verdasco F.,244,962,537,425,79,79,458,346,Paul T.,14,204,111,93,19,13,92,80,Wimbledon,London,Outdoor,Grass,2022-06-27,5.5,1.14,0
Monteiro T.,121,171,69,102,9,11,60,91,Munar J.,104,178,75,103,7,12,68,91,Wimbledon,London,Outdoor,Grass,2022-06-27,1.61,2.3,0
Davidovich Fokina A.,39,168,84,84,17,20,67,64,Hurkacz H.,17,238,137,101,27,24,110,77,Wimbledon,London,Outdoor,Grass,2022-06-27,5.5,1.14,1
Purcell M.,78,28,9,19,0,0,9,19,Mannarino A.,27,567,264,303,60,73,204,230,Wimbledon,London,Outdoor,Grass,2022-06-27,3.75,1.28,0
Bedene A.,347,291,131,160,18,23,113,137,Marterer M.,144,91,31,60,2,8,29,52,Wimbledon,London,Outdoor,Grass,2022-06-27,1.72,2.1,0
Lehecka J.,33,61,30,31,4,4,26,27,Krajinovic F.,93,240,115,125,38,34,77,91,Wimbledon,London,Outdoor,Grass,2022-06-28,3.2,1.36,0
Draper J.,55,51,29,22,2,3,27,19,Bergs Z.,175,15,4,11,1,5,3,6,Wimbledon,London,Outdoor,Grass,2022-06-28,1.33,3.4,1
Cerundolo F.,21,104,58,46,3,7,55,39,Nadal R.,2,1223,1017,206,76,40,941,166,Wimbledon,London,Outdoor,Grass,2022-06-28,13.0,1.04,0
Thompson J.,71,221,96,125,10,10,86,115,Carballes Baena R.,64,207,91,116,11,10,80,106,Wimbledon,London,Outdoor,Grass,2022-06-28,1.08,8.0,1
Cressy M.,96,96,42,54,10,11,32,43,Auger-Aliassime F.,12,268,163,105,48,22,115,83,Wimbledon,London,Outdoor,Grass,2022-06-28,3.5,1.3,1
Lopez F.,634,863,441,422,71,82,370,340,Van De Zandschulp B.,44,117,63,54,11,11,52,43,Wimbledon,London,Outdoor,Grass,2022-06-28,4.5,1.2,0
Nishioka Y.,31,215,99,116,15,15,84,101,Ruusuvuori E.,55,158,79,79,16,18,63,61,Wimbledon,London,Outdoor,Grass,2022-06-28,5.5,1.14,0
Gray A.,288,4,1,3,0,0,1,3,Tseng C.H.,145,9,1,8,0,0,1,8,Wimbledon,London,Outdoor,Grass,2022-06-28,2.2,1.66,1
Rinderknech A.,67,96,46,50,16,12,30,38,Shapovalov D.,29,298,166,132,30,27,136,105,Wimbledon,London,Outdoor,Grass,2022-06-28,3.2,1.36,0
Nakashima B.,70,106,57,49,6,5,51,44,Kuhn N.,259,12,3,9,1,1,2,8,Wimbledon,London,Outdoor,Grass,2022-06-28,1.08,8.0,1
Broady L.,125,47,18,29,5,3,13,26,Klein L.,142,7,2,5,0,1,2,4,Wimbledon,London,Outdoor,Grass,2022-06-28,1.66,2.2,1
Ritschard A.,163,9,3,6,1,1,2,5,Tsitsipas S.,5,390,264,126,49,32,215,94,Wimbledon,London,Outdoor,Grass,2022-06-28,11.0,1.05,0
Koepfer D.,84,86,38,48,3,3,35,45,Galan D.E.,76,78,33,45,3,5,30,40,Wimbledon,London,Outdoor,Grass,2022-06-28,1.57,2.37,0
Balazs A.,745,33,16,17,0,1,16,16,Bautista Agut R.,25,379,234,145,31,29,203,116,Wimbledon,London,Outdoor,Grass,2022-06-28,19.0,1.02,0
Bagnis F.,135,121,39,82,9,8,30,74,Novak D.,166,58,15,43,6,16,9,27,Wimbledon,London,Outdoor,Grass,2022-06-28,4.5,1.2,0
Kubler J.,77,53,24,29,0,1,24,28,Evans D.,30,251,124,127,18,16,106,111,Wimbledon,London,Outdoor,Grass,2022-06-28,4.0,1.25,1
Musetti L.,18,143,79,64,12,12,67,52,Fritz T.,9,356,205,151,26,22,179,129,Wimbledon,London,Outdoor,Grass,2022-06-28,5.0,1.16,0
Kozlov S.,108,35,9,26,0,2,9,24,Schwartzman D.,95,428,233,195,32,27,201,168,Wimbledon,London,Outdoor,Grass,2022-06-28,4.5,1.2,0
Rune H.,6,131,83,48,28,9,55,39,Giron M.,69,150,68,82,20,14,48,68,Wimbledon,London,Outdoor,Grass,2022-06-28,2.1,1.72,0
Kudla D.,137,198,70,128,5,14,65,114,Sonego L.,43,221,107,114,19,17,88,97,Wimbledon,London,Outdoor,Grass,2022-06-28,1.9,1.9,0
Sock J.,166,324,177,147,38,24,139,123,Zapata Miralles B.,54,80,32,48,1,6,31,42,Wimbledon,London,Outdoor,Grass,2022-06-28,1.33,3.4,1
Laaksonen H.,125,101,37,64,7,16,30,48,Peniston R.,268,13,6,7,0,0,6,7,Wimbledon,London,Outdoor,Grass,2022-06-28,4.5,1.2,0
Grenier H.,122,16,5,11,1,2,4,9,Huesler M.A.,88,58,21,37,8,8,13,29,Wimbledon,London,Outdoor,Grass,2022-06-28,2.37,1.57,1
Goffin D.,123,522,296,226,66,52,230,174,Albot R.,97,215,86,129,26,26,60,103,Wimbledon,London,Outdoor,Grass,2022-06-28,1.5,2.62,1
Baez S.,72,95,47,48,6,6,41,42,Daniel T.,111,178,67,111,3,10,64,101,Wimbledon,London,Outdoor,Grass,2022-06-28,1.9,1.9,1
Johnson S.,197,395,196,199,16,23,180,176,Dimitrov G.,20,651,389,262,79,50,310,212,Wimbledon,London,Outdoor,Grass,2022-06-28,4.5,1.2,1
Gasquet R.,48,948,581,367,133,82,448,285,Sousa J.,147,436,189,247,42,44,147,203,Wimbledon,London,Outdoor,Grass,2022-06-28,1.5,2.62,1
Taberner C.,181,37,13,24,4,6,9,18,Opelka R.,17,168,88,80,17,10,71,70,Wimbledon,London,Outdoor,Grass,2022-06-28,5.0,1.16,0
Molcan A.,120,86,45,41,1,6,44,35,Martinez P.,135,118,50,68,7,6,43,62,Wimbledon,London,Outdoor,Grass,2022-06-28,1.44,2.75,1
Kyrgios N.,25,303,195,108,11,7,184,101,Jubb P.,219,4,0,4,0,0,0,4,Wimbledon,London,Outdoor,Grass,2022-06-28,1.07,9.0,1
Dellien H.,164,70,22,48,5,5,17,43,De Minaur A.,19,272,161,111,30,19,131,92,Wimbledon,London,Outdoor,Grass,2022-06-28,15.0,1.03,0
Kukushkin M.,221,352,141,211,50,49,91,162,Brooksby J.,39,79,46,33,6,5,40,28,Wimbledon,London,Outdoor,Grass,2022-06-28,3.0,1.4,0
Querrey S.,287,678,369,309,48,39,321,270,Berankis R.,212,249,104,145,36,31,68,114,Wimbledon,London,Outdoor,Grass,2022-06-28,1.25,4.0,0
Harrison C.,251,15,6,9,0,0,6,9,Clarke J.,156,13,2,11,0,0,2,11,Wimbledon,London,Outdoor,Grass,2022-06-28,1.72,2.1,1
Bonzi B.,107,83,37,46,10,13,27,33,Kolar Z.,119,4,1,3,0,0,1,3,Wimbledon,London,Outdoor,Grass,2022-06-28,1.1,7.0,1
Garin C.,101,190,103,87,15,13,88,74,Ymer E.,186,81,24,57,3,11,21,46,Wimbledon,London,Outdoor,Grass,2022-06-28,1.53,2.5,1
Gaston H.,109,58,24,34,5,9,19,25,Popyrin A.,90,140,59,81,9,13,50,68,Wimbledon,London,Outdoor,Grass,2022-06-28,2.5,1.53,1
Ymer M.,59,130,58,72,18,23,40,49,Altmaier D.,51,79,28,51,1,5,27,46,Wimbledon,London,Outdoor,Grass,2022-06-28,1.9,1.9,1
Mcdonald M.,60,190,87,103,11,15,76,88,Borges N.,69,28,10,18,1,1,9,17,Wimbledon,London,Outdoor,Grass,2022-06-28,1.33,3.4,1
Paul T.,14,204,111,93,19,13,92,80,Mannarino A.,27,567,264,303,60,73,204,230,Wimbledon,London,Outdoor,Grass,2022-06-29,1.61,2.3,1
Sinner J.,8,224,153,71,42,19,111,52,Ymer M.,59,130,58,72,18,23,40,49,Wimbledon,London,Outdoor,Grass,2022-06-29,1.2,4.5,1
Davidovich Fokina A.,39,168,84,84,17,20,67,64,Vesely J.,528,288,130,158,6,19,124,139,Wimbledon,London,Outdoor,Grass,2022-06-29,1.61,2.3,0
Harrison C.,251,15,6,9,0,0,6,9,Otte O.,233,78,33,45,6,14,27,31,Wimbledon,London,Outdoor,Grass,2022-06-29,5.0,1.16,0
Murray A.,44,932,687,245,132,47,555,198,Isner J.,114,755,465,290,53,45,412,245,Wimbledon,London,Outdoor,Grass,2022-06-29,1.36,3.2,0
Alcaraz C.,1,164,130,34,10,5,120,29,Griekspoor T.,37,97,47,50,7,14,40,36,Wimbledon,London,Outdoor,Grass,2022-06-29,1.33,3.4,1
Van Rijthoven T.,110,19,10,9,0,4,10,5,Opelka R.,17,168,88,80,17,10,71,70,Wimbledon,London,Outdoor,Grass,2022-06-29,1.8,2.0,1
Basilashvili N.,118,301,138,163,26,34,112,129,Halys Q.,79,72,23,49,3,10,20,39,Wimbledon,London,Outdoor,Grass,2022-06-29,1.66,2.2,1
Tabilo A.,122,44,21,23,5,4,16,19,Kecmanovic M.,40,210,107,103,12,16,95,87,Wimbledon,London,Outdoor,Grass,2022-06-29,4.33,1.22,0
Bublik A.,25,219,110,109,39,30,71,79,Lajovic D.,66,378,163,215,21,36,142,179,Wimbledon,London,Outdoor,Grass,2022-06-29,1.2,4.5,1
Kokkinakis T.,86,124,55,69,0,4,55,65,Djokovic N.,2,1207,1012,195,146,42,866,153,Wimbledon,London,Outdoor,Grass,2022-06-29,17.0,1.02,0
Marterer M.,144,91,31,60,2,8,29,52,Tiafoe F.,10,303,158,145,24,23,134,122,Wimbledon,London,Outdoor,Grass,2022-06-29,4.5,1.2,0
Humbert U.,36,170,80,90,23,21,57,69,Ruud C.,4,275,176,99,19,16,157,83,Wimbledon,London,Outdoor,Grass,2022-06-29,2.37,1.57,1
Peniston R.,268,13,6,7,0,0,6,7,Johnson S.,197,395,196,199,16,23,180,176,Wimbledon,London,Outdoor,Grass,2022-06-29,1.66,2.2,0
Baez S.,72,95,47,48,6,6,41,42,Goffin D.,123,522,296,226,66,52,230,174,Wimbledon,London,Outdoor,Grass,2022-06-29,2.37,1.57,0
Munar J.,104,178,75,103,7,12,68,91,Norrie C.,13,287,172,115,15,18,157,97,Wimbledon,London,Outdoor,Grass,2022-06-29,6.5,1.11,0
De Minaur A.,19,272,161,111,30,19,131,92,Draper J.,55,51,29,22,2,3,27,19,Wimbledon,London,Outdoor,Grass,2022-06-30,1.57,2.37,1
Bonzi B.,107,83,37,46,10,13,27,33,Brooksby J.,39,79,46,33,6,5,40,28,Wimbledon,London,Outdoor,Grass,2022-06-30,1.66,2.2,0
Berankis R.,212,249,104,145,36,31,68,114,Nadal R.,2,1223,1017,206,76,40,941,166,Wimbledon,London,Outdoor,Grass,2022-06-30,15.0,1.03,0
Shapovalov D.,29,298,166,132,30,27,136,105,Nakashima B.,70,106,57,49,6,5,51,44,Wimbledon,London,Outdoor,Grass,2022-06-30,1.61,2.3,0
Bautista Agut R.,25,379,234,145,31,29,203,116,Galan D.E.,76,78,33,45,3,5,30,40,Wimbledon,London,Outdoor,Grass,2022-06-30,1.1,7.0,0
Grenier H.,122,16,5,11,1,2,4,9,Garin C.,101,190,103,87,15,13,88,74,Wimbledon,London,Outdoor,Grass,2022-06-30,3.0,1.4,0
Thompson J.,71,221,96,125,10,10,86,115,Tsitsipas S.,5,390,264,126,49,32,215,94,Wimbledon,London,Outdoor,Grass,2022-06-30,4.5,1.2,0
Gaston H.,109,58,24,34,5,9,19,25,Sonego L.,43,221,107,114,19,17,88,97,Wimbledon,London,Outdoor,Grass,2022-06-30,4.0,1.25,0
Krajinovic F.,93,240,115,125,38,34,77,91,Kyrgios N.,25,303,195,108,11,7,184,101,Wimbledon,London,Outdoor,Grass,2022-06-30,3.75,1.28,0
Gray A.,288,4,1,3,0,0,1,3,Fritz T.,9,356,205,151,26,22,179,129,Wimbledon,London,Outdoor,Grass,2022-06-30,11.0,1.05,0
Ruusuvuori E.,55,158,79,79,16,18,63,61,Van De Zandschulp B.,44,117,63,54,11,11,52,43,Wimbledon,London,Outdoor,Grass,2022-06-30,2.1,1.72,0
Molcan A.,120,86,45,41,1,6,44,35,Giron M.,69,150,68,82,20,14,48,68,Wimbledon,London,Outdoor,Grass,2022-06-30,2.3,1.61,1
Mcdonald M.,60,190,87,103,11,15,76,88,Gasquet R.,48,948,581,367,133,82,448,285,Wimbledon,London,Outdoor,Grass,2022-06-30,1.66,2.2,0
Schwartzman D.,95,428,233,195,32,27,201,168,Broady L.,125,47,18,29,5,3,13,26,Wimbledon,London,Outdoor,Grass,2022-06-30,1.33,3.4,0
Djokovic N.,2,1207,1012,195,146,42,866,153,Kecmanovic M.,40,210,107,103,12,16,95,87,Wimbledon,London,Outdoor,Grass,2022-07-01,1.02,17.0,1
Otte O.,233,78,33,45,6,14,27,31,Alcaraz C.,1,164,130,34,10,5,120,29,Wimbledon,London,Outdoor,Grass,2022-07-01,3.4,1.33,0
Isner J.,114,755,465,290,53,45,412,245,Sinner J.,8,224,153,71,42,19,111,52,Wimbledon,London,Outdoor,Grass,2022-07-01,2.37,1.57,0
Johnson S.,197,395,196,199,16,23,180,176,Norrie C.,13,287,172,115,15,18,157,97,Wimbledon,London,Outdoor,Grass,2022-07-01,3.75,1.28,0
Vesely J.,528,288,130,158,6,19,124,139,Paul T.,14,204,111,93,19,13,92,80,Wimbledon,London,Outdoor,Grass,2022-07-01,2.75,1.44,0
Tiafoe F.,10,303,158,145,24,23,134,122,Bublik A.,25,219,110,109,39,30,71,79,Wimbledon,London,Outdoor,Grass,2022-07-01,2.0,1.8,1
Van Rijthoven T.,110,19,10,9,0,4,10,5,Basilashvili N.,118,301,138,163,26,34,112,129,Wimbledon,London,Outdoor,Grass,2022-07-01,1.4,3.0,1
Kubler J.,77,53,24,29,0,1,24,28,Novak D.,166,58,15,43,6,16,9,27,Wimbledon,London,Outdoor,Grass,2022-07-01,1.53,2.5,1
Sock J.,166,324,177,147,38,24,139,123,Cressy M.,96,96,42,54,10,11,32,43,Wimbledon,London,Outdoor,Grass,2022-07-01,2.75,1.44,1
Humbert U.,36,170,80,90,23,21,57,69,Goffin D.,123,522,296,226,66,52,230,174,Wimbledon,London,Outdoor,Grass,2022-07-01,2.2,1.66,0
Sonego L.,43,221,107,114,19,17,88,97,Nadal R.,2,1223,1017,206,76,40,941,166,Wimbledon,London,Outdoor,Grass,2022-07-02,5.0,1.16,0
Molcan A.,120,86,45,41,1,6,44,35,Fritz T.,9,356,205,151,26,22,179,129,Wimbledon,London,Outdoor,Grass,2022-07-02,4.5,1.2,0
Galan D.E.,76,78,33,45,3,5,30,40,Nakashima B.,70,106,57,49,6,5,51,44,Wimbledon,London,Outdoor,Grass,2022-07-02,7.0,1.1,0
Kyrgios N.,25,303,195,108,11,7,184,101,Tsitsipas S.,5,390,264,126,49,32,215,94,Wimbledon,London,Outdoor,Grass,2022-07-02,1.72,2.1,1
Van De Zandschulp B.,44,117,63,54,11,11,52,43,Gasquet R.,48,948,581,367,133,82,448,285,Wimbledon,London,Outdoor,Grass,2022-07-02,1.36,3.2,1
Kubler J.,77,53,24,29,0,1,24,28,Sock J.,166,324,177,147,38,24,139,123,Wimbledon,London,Outdoor,Grass,2022-07-02,2.37,1.57,1
Brooksby J.,39,79,46,33,6,5,40,28,Garin C.,101,190,103,87,15,13,88,74,Wimbledon,London,Outdoor,Grass,2022-07-02,1.4,3.0,0
De Minaur A.,19,272,161,111,30,19,131,92,Broady L.,125,47,18,29,5,3,13,26,Wimbledon,London,Outdoor,Grass,2022-07-02,1.12,6.0,1
Goffin D.,123,522,296,226,66,52,230,174,Tiafoe F.,10,303,158,145,24,23,134,122,Wimbledon,London,Outdoor,Grass,2022-07-03,1.8,2.0,1
Norrie C.,13,287,172,115,15,18,157,97,Paul T.,14,204,111,93,19,13,92,80,Wimbledon,London,Outdoor,Grass,2022-07-03,1.53,2.5,1
Sinner J.,8,224,153,71,42,19,111,52,Alcaraz C.,1,164,130,34,10,5,120,29,Wimbledon,London,Outdoor,Grass,2022-07-03,3.2,1.36,1
Van Rijthoven T.,110,19,10,9,0,4,10,5,Djokovic N.,2,1207,1012,195,146,42,866,153,Wimbledon,London,Outdoor,Grass,2022-07-03,11.0,1.05,0
Garin C.,101,190,103,87,15,13,88,74,De Minaur A.,19,272,161,111,30,19,131,92,Wimbledon,London,Outdoor,Grass,2022-07-04,5.5,1.14,1
Kyrgios N.,25,303,195,108,11,7,184,101,Nakashima B.,70,106,57,49,6,5,51,44,Wimbledon,London,Outdoor,Grass,2022-07-04,1.3,3.5,1
Kubler J.,77,53,24,29,0,1,24,28,Fritz T.,9,356,205,151,26,22,179,129,Wimbledon,London,Outdoor,Grass,2022-07-04,4.33,1.22,0
Van De Zandschulp B.,44,117,63,54,11,11,52,43,Nadal R.,2,1223,1017,206,76,40,941,166,Wimbledon,London,Outdoor,Grass,2022-07-04,5.0,1.16,0
Goffin D.,123,522,296,226,66,52,230,174,Norrie C.,13,287,172,115,15,18,157,97,Wimbledon,London,Outdoor,Grass,2022-07-05,2.75,1.44,0
Djokovic N.,2,1207,1012,195,146,42,866,153,Sinner J.,8,224,153,71,42,19,111,52,Wimbledon,London,Outdoor,Grass,2022-07-05,1.11,6.5,1
Fritz T.,9,356,205,151,26,22,179,129,Nadal R.,2,1223,1017,206,76,40,941,166,Wimbledon,London,Outdoor,Grass,2022-07-06,2.75,1.44,0
Kyrgios N.,25,303,195,108,11,7,184,101,Garin C.,101,190,103,87,15,13,88,74,Wimbledon,London,Outdoor,Grass,2022-07-06,1.22,4.33,1
Djokovic N.,2,1207,1012,195,146,42,866,153,Norrie C.,13,287,172,115,15,18,157,97,Wimbledon,London,Outdoor,Grass,2022-07-08,1.06,10.0,1
Nadal R.,2,1223,1017,206,76,40,941,166,Kyrgios N.,25,303,195,108,11,7,184,101,Wimbledon,London,Outdoor,Grass,2022-07-08,2.3,1.61,0
Djokovic N.,2,1207,1012,195,146,42,866,153,Kyrgios N.,25,303,195,108,11,7,184,101,Wimbledon,London,Outdoor,Grass,2022-07-10,1.28,3.75,1
Kozlov S.,108,35,9,26,0,2,9,24,Johnson S.,197,395,196,199,16,23,180,176,Hall of Fame Championships,Newport,Outdoor,Grass,2022-07-11,3.0,1.4,0
Sock J.,166,324,177,147,38,24,139,123,Albot R.,97,215,86,129,26,26,60,103,Hall of Fame Championships,Newport,Outdoor,Grass,2022-07-11,1.33,3.4,1
Kubler J.,77,53,24,29,0,1,24,28,Thompson J.,71,221,96,125,10,10,86,115,Hall of Fame Championships,Newport,Outdoor,Grass,2022-07-11,1.9,1.9,1
Humbert U.,36,170,80,90,23,21,57,69,Gojowczyk P.,108,172,75,97,17,18,58,79,Hall of Fame Championships,Newport,Outdoor,Grass,2022-07-11,1.2,4.5,0
Altmaier D.,51,79,28,51,1,5,27,46,Ymer E.,186,81,24,57,3,11,21,46,Nordea Open,Bastad,Outdoor,Clay,2022-07-11,1.72,2.1,0
Carreno Busta P.,16,352,214,138,33,25,181,113,Wawrinka S.,72,854,535,319,84,69,451,250,Nordea Open,Bastad,Outdoor,Clay,2022-07-11,1.53,2.5,1
Musetti L.,18,143,79,64,12,12,67,52,Djere L.,38,243,120,123,10,22,110,101,Nordea Open,Bastad,Outdoor,Clay,2022-07-11,2.0,1.8,0
Coria F.,108,99,43,56,2,6,41,50,Delbonis F.,131,340,152,188,19,23,133,165,Nordea Open,Bastad,Outdoor,Clay,2022-07-12,1.72,2.1,1
Koepfer D.,84,86,38,48,3,3,35,45,Eubanks C.,29,64,28,36,1,3,27,33,Hall of Fame Championships,Newport,Outdoor,Grass,2022-07-12,2.2,1.66,0
Bonzi B.,107,83,37,46,10,13,27,33,Blumberg W.,773,1,0,1,0,0,0,1,Hall of Fame Championships,Newport,Outdoor,Grass,2022-07-12,1.16,5.0,1
Vesely J.,528,288,130,158,6,19,124,139,Lopez F.,634,863,441,422,71,82,370,340,Hall of Fame Championships,Newport,Outdoor,Grass,2022-07-12,1.28,3.75,1
Broady L.,125,47,18,29,5,3,13,26,Duckworth J.,123,143,55,88,10,9,45,79,Hall of Fame Championships,Newport,Outdoor,Grass,2022-07-12,1.72,2.1,0
Mannarino A.,27,567,264,303,60,73,204,230,Purcell M.,78,28,9,19,0,0,9,19,Hall of Fame Championships,Newport,Outdoor,Grass,2022-07-12,1.4,3.0,0
Halys Q.,79,72,23,49,3,10,20,39,Popyrin A.,90,140,59,81,9,13,50,68,Hall of Fame Championships,Newport,Outdoor,Grass,2022-07-12,2.0,1.8,1
Van Rijthoven T.,110,19,10,9,0,4,10,5,Krueger M.,228,24,7,17,0,1,7,16,Hall of Fame Championships,Newport,Outdoor,Grass,2022-07-12,1.11,6.5,0
Querrey S.,287,678,369,309,48,39,321,270,Murray A.,44,932,687,245,132,47,555,198,Hall of Fame Championships,Newport,Outdoor,Grass,2022-07-12,3.4,1.33,0
Gaston H.,109,58,24,34,5,9,19,25,Basilashvili N.,118,301,138,163,26,34,112,129,Nordea Open,Bastad,Outdoor,Clay,2022-07-12,1.8,2.0,1
Huesler M.A.,88,58,21,37,8,8,13,29,Rune H.,6,131,83,48,28,9,55,39,Nordea Open,Bastad,Outdoor,Clay,2022-07-12,3.5,1.3,1
Sousa P.,475,36,9,27,1,3,8,24,Cerundolo F.,21,104,58,46,3,7,55,39,Nordea Open,Bastad,Outdoor,Clay,2022-07-12,3.5,1.3,0
Thiem D.,116,517,327,190,53,39,274,151,Ruusuvuori E.,55,158,79,79,16,18,63,61,Nordea Open,Bastad,Outdoor,Clay,2022-07-12,2.37,1.57,1
Karatsev A.,75,136,66,70,10,22,56,48,Sonego L.,43,221,107,114,19,17,88,97,Nordea Open,Bastad,Outdoor,Clay,2022-07-12,2.75,1.44,1
Sousa J.,147,436,189,247,42,44,147,203,Davidovich Fokina A.,39,168,84,84,17,20,67,64,Nordea Open,Bastad,Outdoor,Clay,2022-07-12,3.75,1.28,0
Etcheverry T.,34,60,26,34,5,3,21,31,Ramos-Vinolas A.,82,437,204,233,17,31,187,202,Nordea Open,Bastad,Outdoor,Clay,2022-07-12,2.37,1.57,0
Fognini F.,128,742,383,359,39,48,344,311,Baez S.,72,95,47,48,6,6,41,42,Nordea Open,Bastad,Outdoor,Clay,2022-07-12,3.0,1.4,0
Krueger M.,228,24,7,17,0,1,7,16,Cressy M.,96,96,42,54,10,11,32,43,Hall of Fame Championships,Newport,Outdoor,Grass,2022-07-13,4.0,1.25,0
Halys Q.,79,72,23,49,3,10,20,39,Duckworth J.,123,143,55,88,10,9,45,79,Hall of Fame Championships,Newport,Outdoor,Grass,2022-07-13,1.66,2.2,0
Purcell M.,78,28,9,19,0,0,9,19,Murray A.,44,932,687,245,132,47,555,198,Hall of Fame Championships,Newport,Outdoor,Grass,2022-07-13,5.0,1.16,0
Isner J.,114,755,465,290,53,45,412,245,Gojowczyk P.,108,172,75,97,17,18,58,79,Hall of Fame Championships,Newport,Outdoor,Grass,2022-07-13,1.2,4.5,1
Johnson S.,197,395,196,199,16,23,180,176,Vesely J.,528,288,130,158,6,19,124,139,Hall of Fame Championships,Newport,Outdoor,Grass,2022-07-13,2.0,1.8,1
Sock J.,166,324,177,147,38,24,139,123,Bublik A.,25,219,110,109,39,30,71,79,Hall of Fame Championships,Newport,Outdoor,Grass,2022-07-13,1.8,2.0,0
Karatsev A.,75,136,66,70,10,22,56,48,Gaston H.,109,58,24,34,5,9,19,25,Nordea Open,Bastad,Outdoor,Clay,2022-07-13,1.66,2.2,1
Schwartzman D.,95,428,233,195,32,27,201,168,Ymer E.,186,81,24,57,3,11,21,46,Nordea Open,Bastad,Outdoor,Clay,2022-07-13,1.25,4.0,1
Cerundolo F.,21,104,58,46,3,7,55,39,Ruud C.,4,275,176,99,19,16,157,83,Nordea Open,Bastad,Outdoor,Clay,2022-07-13,5.0,1.16,1
Carreno Busta P.,16,352,214,138,33,25,181,113,Ramos-Vinolas A.,82,437,204,233,17,31,187,202,Nordea Open,Bastad,Outdoor,Clay,2022-07-13,1.4,3.0,1
Bonzi B.,107,83,37,46,10,13,27,33,Eubanks C.,29,64,28,36,1,3,27,33,Hall of Fame Championships,Newport,Outdoor,Grass,2022-07-13,1.36,3.2,1
Auger-Aliassime F.,12,268,163,105,48,22,115,83,Kubler J.,77,53,24,29,0,1,24,28,Hall of Fame Championships,Newport,Outdoor,Grass,2022-07-14,1.28,3.75,0
Johnson S.,197,395,196,199,16,23,180,176,Cressy M.,96,96,42,54,10,11,32,43,Hall of Fame Championships,Newport,Outdoor,Grass,2022-07-14,2.75,1.44,0
Isner J.,114,755,465,290,53,45,412,245,Bonzi B.,107,83,37,46,10,13,27,33,Hall of Fame Championships,Newport,Outdoor,Grass,2022-07-14,1.66,2.2,1
Baez S.,72,95,47,48,6,6,41,42,Davidovich Fokina A.,39,168,84,84,17,20,67,64,Nordea Open,Bastad,Outdoor,Clay,2022-07-14,1.72,2.1,1
Coria F.,108,99,43,56,2,6,41,50,Rublev A.,7,392,255,137,57,34,198,103,Nordea Open,Bastad,Outdoor,Clay,2022-07-14,3.75,1.28,0
Huesler M.A.,88,58,21,37,8,8,13,29,Djere L.,38,243,120,123,10,22,110,101,Nordea Open,Bastad,Outdoor,Clay,2022-07-14,2.75,1.44,0
Bautista Agut R.,25,379,234,145,31,29,203,116,Thiem D.,116,517,327,190,53,39,274,151,Nordea Open,Bastad,Outdoor,Clay,2022-07-14,1.44,2.75,0
Bublik A.,25,219,110,109,39,30,71,79,Murray A.,44,932,687,245,132,47,555,198,Hall of Fame Championships,Newport,Outdoor,Grass,2022-07-15,2.37,1.57,1
Duckworth J.,123,143,55,88,10,9,45,79,Kubler J.,77,53,24,29,0,1,24,28,Hall of Fame Championships,Newport,Outdoor,Grass,2022-07-15,2.62,1.5,0
Djere L.,38,243,120,123,10,22,110,101,Rublev A.,7,392,255,137,57,34,198,103,Nordea Open,Bastad,Outdoor,Clay,2022-07-15,2.75,1.44,0
Thiem D.,116,517,327,190,53,39,274,151,Baez S.,72,95,47,48,6,6,41,42,Nordea Open,Bastad,Outdoor,Clay,2022-07-15,3.0,1.4,0
Schwartzman D.,95,428,233,195,32,27,201,168,Carreno Busta P.,16,352,214,138,33,25,181,113,Nordea Open,Bastad,Outdoor,Clay,2022-07-15,1.9,1.9,0
Cerundolo F.,21,104,58,46,3,7,55,39,Karatsev A.,75,136,66,70,10,22,56,48,Nordea Open,Bastad,Outdoor,Clay,2022-07-15,1.66,2.2,1
Rublev A.,7,392,255,137,57,34,198,103,Baez S.,72,95,47,48,6,6,41,42,Nordea Open,Bastad,Outdoor,Clay,2022-07-16,1.72,2.1,0
Carreno Busta P.,16,352,214,138,33,25,181,113,Cerundolo F.,21,104,58,46,3,7,55,39,Nordea Open,Bastad,Outdoor,Clay,2022-07-16,1.4,3.0,0
Isner J.,114,755,465,290,53,45,412,245,Cressy M.,96,96,42,54,10,11,32,43,Hall of Fame Championships,Newport,Outdoor,Grass,2022-07-16,2.1,1.72,0
Bublik A.,25,219,110,109,39,30,71,79,Kubler J.,77,53,24,29,0,1,24,28,Hall of Fame Championships,Newport,Outdoor,Grass,2022-07-16,1.57,2.37,1
Bublik A.,25,219,110,109,39,30,71,79,Cressy M.,96,96,42,54,10,11,32,43,Hall of Fame Championships,Newport,Outdoor,Grass,2022-07-17,1.66,2.2,0
Baez S.,72,95,47,48,6,6,41,42,Cerundolo F.,21,104,58,46,3,7,55,39,Nordea Open,Bastad,Outdoor,Clay,2022-07-17,1.44,2.75,0
Lajovic D.,66,378,163,215,21,36,142,179,Musetti L.,18,143,79,64,12,12,67,52,European Open,Hamburg,Outdoor,Clay,2022-07-18,2.37,1.57,0
Rehberg M.,412,3,0,3,0,0,0,3,Kovalik J.,172,68,24,44,5,8,19,36,European Open,Hamburg,Outdoor,Clay,2022-07-18,5.5,1.14,0
Khachanov K.,11,378,217,161,44,38,173,123,Struff J.L.,21,369,170,199,43,42,127,157,European Open,Hamburg,Outdoor,Clay,2022-07-18,1.72,2.1,1
Topo M.,478,4,0,4,0,0,0,4,Molcan A.,120,86,45,41,1,6,44,35,European Open,Hamburg,Outdoor,Clay,2022-07-18,6.0,1.12,0
Van De Zandschulp B.,44,117,63,54,11,11,52,43,Davidovich Fokina A.,39,168,84,84,17,20,67,64,European Open,Hamburg,Outdoor,Clay,2022-07-18,2.0,1.8,0
Taberner C.,181,37,13,24,4,6,9,18,Martinez P.,135,118,50,68,7,6,43,62,Suisse Open Gstaad,Gstaad,Outdoor,Clay,2022-07-18,2.37,1.57,0
Sousa J.,147,436,189,247,42,44,147,203,Ritschard A.,163,9,3,6,1,1,2,5,Suisse Open Gstaad,Gstaad,Outdoor,Clay,2022-07-18,1.57,2.37,0
Delbonis F.,131,340,152,188,19,23,133,165,Ymer M.,59,130,58,72,18,23,40,49,Suisse Open Gstaad,Gstaad,Outdoor,Clay,2022-07-18,1.8,2.0,1
Etcheverry T.,34,60,26,34,5,3,21,31,Lehecka J.,33,61,30,31,4,4,26,27,Suisse Open Gstaad,Gstaad,Outdoor,Clay,2022-07-18,1.8,2.0,0
Carballes Baena R.,64,207,91,116,11,10,80,106,Gasquet R.,48,948,581,367,133,82,448,285,Suisse Open Gstaad,Gstaad,Outdoor,Clay,2022-07-19,2.0,1.8,0
Altmaier D.,51,79,28,51,1,5,27,46,Cerundolo F.,21,104,58,46,3,7,55,39,European Open,Hamburg,Outdoor,Clay,2022-07-19,2.75,1.44,0
Ruusuvuori E.,55,158,79,79,16,18,63,61,Schwartzman D.,95,428,233,195,32,27,201,168,European Open,Hamburg,Outdoor,Clay,2022-07-19,3.2,1.36,1
Rune H.,6,131,83,48,28,9,55,39,Griekspoor T.,37,97,47,50,7,14,40,36,European Open,Hamburg,Outdoor,Clay,2022-07-19,1.57,2.37,0
Djere L.,38,243,120,123,10,22,110,101,Coric B.,15,343,185,158,28,28,157,130,European Open,Hamburg,Outdoor,Clay,2022-07-19,1.57,2.37,0
Carreno Busta P.,16,352,214,138,33,25,181,113,Nardi L.,151,11,2,9,1,3,1,6,European Open,Hamburg,Outdoor,Clay,2022-07-19,1.16,5.0,1
Fognini F.,128,742,383,359,39,48,344,311,Bedene A.,347,291,131,160,18,23,113,137,European Open,Hamburg,Outdoor,Clay,2022-07-19,1.36,3.2,1
Alcaraz C.,1,164,130,34,10,5,120,29,Kuhn N.,259,12,3,9,1,1,2,8,European Open,Hamburg,Outdoor,Clay,2022-07-19,1.04,13.0,1
Krajinovic F.,93,240,115,125,38,34,77,91,Baez S.,72,95,47,48,6,6,41,42,European Open,Hamburg,Outdoor,Clay,2022-07-19,2.75,1.44,1
Basilashvili N.,118,301,138,163,26,34,112,129,Karatsev A.,75,136,66,70,10,22,56,48,European Open,Hamburg,Outdoor,Clay,2022-07-19,2.1,1.72,0
Coria F.,108,99,43,56,2,6,41,50,Galan D.E.,76,78,33,45,3,5,30,40,European Open,Hamburg,Outdoor,Clay,2022-07-19,1.9,1.9,0
Stricker D.,106,20,10,10,2,2,8,8,Huesler M.A.,88,58,21,37,8,8,13,29,Suisse Open Gstaad,Gstaad,Outdoor,Clay,2022-07-19,2.75,1.44,1
Monteiro T.,121,171,69,102,9,11,60,91,Jarry N.,28,141,73,68,9,6,64,62,Suisse Open Gstaad,Gstaad,Outdoor,Clay,2022-07-19,1.8,2.0,0
Gaston H.,109,58,24,34,5,9,19,25,Thiem D.,116,517,327,190,53,39,274,151,Suisse Open Gstaad,Gstaad,Outdoor,Clay,2022-07-19,2.75,1.44,0
Paire B.,149,527,237,290,39,56,198,234,Ymer E.,186,81,24,57,3,11,21,46,Suisse Open Gstaad,Gstaad,Outdoor,Clay,2022-07-19,2.5,1.53,0
Varillas J.P.,77,22,10,12,1,3,9,9,Sonego L.,43,221,107,114,19,17,88,97,Suisse Open Gstaad,Gstaad,Outdoor,Clay,2022-07-19,2.37,1.57,1
Munar J.,104,178,75,103,7,12,68,91,Zapata Miralles B.,54,80,32,48,1,6,31,42,Suisse Open Gstaad,Gstaad,Outdoor,Clay,2022-07-19,1.66,2.2,1
Garin C.,101,190,103,87,15,13,88,74,Hanfmann Y.,50,99,50,49,5,4,45,45,Suisse Open Gstaad,Gstaad,Outdoor,Clay,2022-07-19,1.33,3.4,0
Griekspoor T.,37,97,47,50,7,14,40,36,Coric B.,15,343,185,158,28,28,157,130,European Open,Hamburg,Outdoor,Clay,2022-07-20,1.72,2.1,0
Davidovich Fokina A.,39,168,84,84,17,20,67,64,Kovalik J.,172,68,24,44,5,8,19,36,European Open,Hamburg,Outdoor,Clay,2022-07-20,1.16,5.0,1
Musetti L.,18,143,79,64,12,12,67,52,Ruusuvuori E.,55,158,79,79,16,18,63,61,European Open,Hamburg,Outdoor,Clay,2022-07-20,1.53,2.5,1
Rublev A.,7,392,255,137,57,34,198,103,Berankis R.,212,249,104,145,36,31,68,114,European Open,Hamburg,Outdoor,Clay,2022-07-20,1.08,8.0,1
Ritschard A.,163,9,3,6,1,1,2,5,Munar J.,104,178,75,103,7,12,68,91,Suisse Open Gstaad,Gstaad,Outdoor,Clay,2022-07-20,3.75,1.28,0
Carreno Busta P.,16,352,214,138,33,25,181,113,Molcan A.,120,86,45,41,1,6,44,35,European Open,Hamburg,Outdoor,Clay,2022-07-20,1.5,2.62,0
Galan D.E.,76,78,33,45,3,5,30,40,Karatsev A.,75,136,66,70,10,22,56,48,European Open,Hamburg,Outdoor,Clay,2022-07-21,2.37,1.57,0
Rublev A.,7,392,255,137,57,34,198,103,Cerundolo F.,21,104,58,46,3,7,55,39,European Open,Hamburg,Outdoor,Clay,2022-07-21,1.4,3.0,0
Fognini F.,128,742,383,359,39,48,344,311,Khachanov K.,11,378,217,161,44,38,173,123,European Open,Hamburg,Outdoor,Clay,2022-07-21,2.62,1.5,0
Jarry N.,28,141,73,68,9,6,64,62,Hanfmann Y.,50,99,50,49,5,4,45,45,Suisse Open Gstaad,Gstaad,Outdoor,Clay,2022-07-21,1.57,2.37,1
Ramos-Vinolas A.,82,437,204,233,17,31,187,202,Stricker D.,106,20,10,10,2,2,8,8,Suisse Open Gstaad,Gstaad,Outdoor,Clay,2022-07-21,1.4,3.0,1
Gasquet R.,48,948,581,367,133,82,448,285,Berrettini M.,38,217,142,75,14,11,128,64,Suisse Open Gstaad,Gstaad,Outdoor,Clay,2022-07-21,4.0,1.25,0
Bautista Agut R.,25,379,234,145,31,29,203,116,Varillas J.P.,77,22,10,12,1,3,9,9,Suisse Open Gstaad,Gstaad,Outdoor,Clay,2022-07-21,1.4,3.0,0
Thiem D.,116,517,327,190,53,39,274,151,Delbonis F.,131,340,152,188,19,23,133,165,Suisse Open Gstaad,Gstaad,Outdoor,Clay,2022-07-21,1.44,2.75,1
Martinez P.,135,118,50,68,7,6,43,62,Ymer E.,186,81,24,57,3,11,21,46,Suisse Open Gstaad,Gstaad,Outdoor,Clay,2022-07-21,1.61,2.3,1
Krajinovic F.,93,240,115,125,38,34,77,91,Alcaraz C.,1,164,130,34,10,5,120,29,European Open,Hamburg,Outdoor,Clay,2022-07-21,4.5,1.2,0
Lehecka J.,33,61,30,31,4,4,26,27,Ruud C.,4,275,176,99,19,16,157,83,Suisse Open Gstaad,Gstaad,Outdoor,Clay,2022-07-21,4.5,1.2,0
Berrettini M.,38,217,142,75,14,11,128,64,Martinez P.,135,118,50,68,7,6,43,62,Suisse Open Gstaad,Gstaad,Outdoor,Clay,2022-07-22,1.16,5.0,1
Coric B.,15,343,185,158,28,28,157,130,Molcan A.,120,86,45,41,1,6,44,35,European Open,Hamburg,Outdoor,Clay,2022-07-22,2.0,1.8,0
Ramos-Vinolas A.,82,437,204,233,17,31,187,202,Jarry N.,28,141,73,68,9,6,64,62,Suisse Open Gstaad,Gstaad,Outdoor,Clay,2022-07-22,1.8,2.0,1
Ruud C.,4,275,176,99,19,16,157,83,Munar J.,104,178,75,103,7,12,68,91,Suisse Open Gstaad,Gstaad,Outdoor,Clay,2022-07-22,1.25,4.0,1
Varillas J.P.,77,22,10,12,1,3,9,9,Thiem D.,116,517,327,190,53,39,274,151,Suisse Open Gstaad,Gstaad,Outdoor,Clay,2022-07-22,2.62,1.5,0
Cerundolo F.,21,104,58,46,3,7,55,39,Karatsev A.,75,136,66,70,10,22,56,48,European Open,Hamburg,Outdoor,Clay,2022-07-22,1.44,2.75,1
Alcaraz C.,1,164,130,34,10,5,120,29,Khachanov K.,11,378,217,161,44,38,173,123,European Open,Hamburg,Outdoor,Clay,2022-07-22,1.16,5.0,1
Musetti L.,18,143,79,64,12,12,67,52,Davidovich Fokina A.,39,168,84,84,17,20,67,64,European Open,Hamburg,Outdoor,Clay,2022-07-22,2.2,1.66,1
Alcaraz C.,1,164,130,34,10,5,120,29,Molcan A.,120,86,45,41,1,6,44,35,European Open,Hamburg,Outdoor,Clay,2022-07-23,1.11,6.5,1
Cerundolo F.,21,104,58,46,3,7,55,39,Musetti L.,18,143,79,64,12,12,67,52,European Open,Hamburg,Outdoor,Clay,2022-07-23,2.1,1.72,0
Ruud C.,4,275,176,99,19,16,157,83,Ramos-Vinolas A.,82,437,204,233,17,31,187,202,Suisse Open Gstaad,Gstaad,Outdoor,Clay,2022-07-23,1.2,4.5,1
Thiem D.,116,517,327,190,53,39,274,151,Berrettini M.,38,217,142,75,14,11,128,64,Suisse Open Gstaad,Gstaad,Outdoor,Clay,2022-07-23,2.37,1.57,0
Musetti L.,18,143,79,64,12,12,67,52,Alcaraz C.,1,164,130,34,10,5,120,29,European Open,Hamburg,Outdoor,Clay,2022-07-24,5.5,1.14,1
Berrettini M.,38,217,142,75,14,11,128,64,Ruud C.,4,275,176,99,19,16,157,83,Suisse Open Gstaad,Gstaad,Outdoor,Clay,2022-07-24,2.0,1.8,0
Cecchinato M.,108,204,79,125,2,14,77,111,Poljicak M.,537,1,0,1,0,0,0,1,Croatia Open,Umag,Outdoor,Clay,2022-07-25,1.3,3.5,1
Ymer M.,59,130,58,72,18,23,40,49,Munar J.,104,178,75,103,7,12,68,91,Croatia Open,Umag,Outdoor,Clay,2022-07-25,3.5,1.3,0
Fognini F.,128,742,383,359,39,48,344,311,Galan D.E.,76,78,33,45,3,5,30,40,Croatia Open,Umag,Outdoor,Clay,2022-07-25,1.72,2.1,0
Laaksonen H.,125,101,37,64,7,16,30,48,Carballes Baena R.,64,207,91,116,11,10,80,106,Croatia Open,Umag,Outdoor,Clay,2022-07-25,2.75,1.44,0
Garin C.,101,190,103,87,15,13,88,74,Coria F.,108,99,43,56,2,6,41,50,Generali Open,Kitzbuhel,Outdoor,Clay,2022-07-25,1.57,2.37,0
Casanova H.,321,1,0,1,0,0,0,1,Rodionov J.,118,26,9,17,2,3,7,14,Generali Open,Kitzbuhel,Outdoor,Clay,2022-07-25,3.0,1.4,0
Lajovic D.,66,378,163,215,21,36,142,179,Sachko V.,1041,3,0,3,0,1,0,2,Generali Open,Kitzbuhel,Outdoor,Clay,2022-07-25,1.16,5.0,1
Monteiro T.,121,171,69,102,9,11,60,91,Lehecka J.,33,61,30,31,4,4,26,27,Generali Open,Kitzbuhel,Outdoor,Clay,2022-07-25,1.66,2.2,0
Misolic F.,158,11,6,5,0,1,6,4,Dutra Da Silva D.,215,1,0,1,0,0,0,1,Generali Open,Kitzbuhel,Outdoor,Clay,2022-07-25,1.4,3.0,1
Taberner C.,181,37,13,24,4,6,9,18,Varillas J. P.,1345,20,9,11,2,1,7,10,Generali Open,Kitzbuhel,Outdoor,Clay,2022-07-25,3.4,1.33,0
Kopriva V.,159,9,5,4,0,0,5,4,Sousa J.,147,436,189,247,42,44,147,203,Generali Open,Kitzbuhel,Outdoor,Clay,2022-07-25,1.8,2.0,0
Cachin P.,54,52,23,29,1,3,22,26,Zeppieri G.,129,13,4,9,0,1,4,8,Croatia Open,Umag,Outdoor,Clay,2022-07-25,1.53,2.5,0
Nakashima B.,70,106,57,49,6,5,51,44,Thompson J.,71,221,96,125,10,10,86,115,Atlanta Open,Atlanta,Outdoor,Hard,2022-07-25,1.22,4.33,1
Millman J.,140,256,113,143,21,22,92,121,Popyrin A.,90,140,59,81,9,13,50,68,Atlanta Open,Atlanta,Outdoor,Hard,2022-07-25,1.9,1.9,1
Giron M.,69,150,68,82,20,14,48,68,Kwon S.W.,68,108,53,55,12,6,41,49,Atlanta Open,Atlanta,Outdoor,Hard,2022-07-25,1.72,2.1,0
Korda S.,26,126,75,51,15,9,60,42,Daniel T.,111,178,67,111,3,10,64,101,Atlanta Open,Atlanta,Outdoor,Hard,2022-07-25,1.5,2.62,0
Shevchenko A.,93,20,8,12,0,2,8,10,Thiem D.,116,517,327,190,53,39,274,151,Generali Open,Kitzbuhel,Outdoor,Clay,2022-07-26,5.0,1.16,0
Ofner S.,61,34,16,18,1,2,15,16,Gasquet R.,48,948,581,367,133,82,448,285,Generali Open,Kitzbuhel,Outdoor,Clay,2022-07-26,2.37,1.57,1
Melzer G.,188,46,16,30,1,7,15,23,Hanfmann Y.,50,99,50,49,5,4,45,45,Generali Open,Kitzbuhel,Outdoor,Clay,2022-07-26,2.5,1.53,0
Martinez P.,135,118,50,68,7,6,43,62,Jarry N.,28,141,73,68,9,6,64,62,Generali Open,Kitzbuhel,Outdoor,Clay,2022-07-26,1.8,2.0,1
Andujar P.,323,404,164,240,12,30,152,210,Sonego L.,43,221,107,114,19,17,88,97,Generali Open,Kitzbuhel,Outdoor,Clay,2022-07-26,2.75,1.44,1
Brooksby J.,39,79,46,33,6,5,40,28,Paire B.,149,527,237,290,39,56,198,234,Atlanta Open,Atlanta,Outdoor,Hard,2022-07-26,1.12,6.0,1
Ivashka I.,113,159,78,81,19,18,59,63,Halys Q.,79,72,23,49,3,10,20,39,Atlanta Open,Atlanta,Outdoor,Hard,2022-07-26,1.57,2.37,1
Paul T.,14,204,111,93,19,13,92,80,Sock J.,166,324,177,147,38,24,139,123,Atlanta Open,Atlanta,Outdoor,Hard,2022-07-26,1.61,2.3,1
Kudla D.,137,198,70,128,5,14,65,114,Mcdonald M.,60,190,87,103,11,15,76,88,Atlanta Open,Atlanta,Outdoor,Hard,2022-07-26,2.75,1.44,0
Shelton B.,43,34,13,21,0,0,13,21,Ramanathan R.,435,40,14,26,0,4,14,22,Atlanta Open,Atlanta,Outdoor,Hard,2022-07-26,1.57,2.37,1
Ajdukovic D.,299,4,1,3,0,0,1,3,Molcan A.,120,86,45,41,1,6,44,35,Croatia Open,Umag,Outdoor,Clay,2022-07-26,5.5,1.14,0
Bagnis F.,135,121,39,82,9,8,30,74,Etcheverry T.,34,60,26,34,5,3,21,31,Croatia Open,Umag,Outdoor,Clay,2022-07-26,2.0,1.8,1
Prizmic D.,287,5,2,3,0,0,2,3,Zapata Miralles B.,54,80,32,48,1,6,31,42,Croatia Open,Umag,Outdoor,Clay,2022-07-26,8.0,1.08,0
Altmaier D.,51,79,28,51,1,5,27,46,Moutet C.,80,118,50,68,5,11,45,57,Croatia Open,Umag,Outdoor,Clay,2022-07-26,2.2,1.66,0
Delbonis F.,131,340,152,188,19,23,133,165,Gombos N.,114,66,21,45,6,14,15,31,Croatia Open,Umag,Outdoor,Clay,2022-07-26,1.53,2.5,0
Djere L.,38,243,120,123,10,22,110,101,Agamenone F.,136,5,3,2,0,0,3,2,Croatia Open,Umag,Outdoor,Clay,2022-07-26,1.22,4.33,0
Musetti L.,18,143,79,64,12,12,67,52,Bedene A.,347,291,131,160,18,23,113,137,Croatia Open,Umag,Outdoor,Clay,2022-07-26,1.33,3.4,1
Lajovic D.,66,378,163,215,21,36,142,179,Karatsev A.,75,136,66,70,10,22,56,48,Generali Open,Kitzbuhel,Outdoor,Clay,2022-07-27,2.1,1.72,1
Mannarino A.,27,567,264,303,60,73,204,230,Gojowczyk P.,108,172,75,97,17,18,58,79,Atlanta Open,Atlanta,Outdoor,Hard,2022-07-27,,,1
Galan D.E.,76,78,33,45,3,5,30,40,Zeppieri G.,129,13,4,9,0,1,4,8,Croatia Open,Umag,Outdoor,Clay,2022-07-27,1.57,2.37,0
Carballes Baena R.,64,207,91,116,11,10,80,106,Molcan A.,120,86,45,41,1,6,44,35,Croatia Open,Umag,Outdoor,Clay,2022-07-27,2.62,1.5,1
Zapata Miralles B.,54,80,32,48,1,6,31,42,Rune H.,6,131,83,48,28,9,55,39,Croatia Open,Umag,Outdoor,Clay,2022-07-27,2.62,1.5,1
Munar J.,104,178,75,103,7,12,68,91,Sinner J.,8,224,153,71,42,19,111,52,Croatia Open,Umag,Outdoor,Clay,2022-07-27,3.0,1.4,0
Ofner S.,61,34,16,18,1,2,15,16,Thiem D.,116,517,327,190,53,39,274,151,Generali Open,Kitzbuhel,Outdoor,Clay,2022-07-27,4.0,1.25,0
Lehecka J.,33,61,30,31,4,4,26,27,Sousa J.,147,436,189,247,42,44,147,203,Generali Open,Kitzbuhel,Outdoor,Clay,2022-07-27,1.61,2.3,1
Misolic F.,158,11,6,5,0,1,6,4,Andujar P.,323,404,164,240,12,30,152,210,Generali Open,Kitzbuhel,Outdoor,Clay,2022-07-27,2.2,1.66,1
Kwon S.W.,68,108,53,55,12,6,41,49,Paul T.,14,204,111,93,19,13,92,80,Atlanta Open,Atlanta,Outdoor,Hard,2022-07-27,3.2,1.36,0
Bautista Agut R.,25,379,234,145,31,29,203,116,Rodionov J.,118,26,9,17,2,3,7,14,Generali Open,Kitzbuhel,Outdoor,Clay,2022-07-27,1.3,3.5,1
Varillas J. P.,1345,20,9,11,2,1,7,10,Ramos-Vinolas A.,82,437,204,233,17,31,187,202,Generali Open,Kitzbuhel,Outdoor,Clay,2022-07-27,2.2,1.66,0
Martinez P.,135,118,50,68,7,6,43,62,Coria F.,108,99,43,56,2,6,41,50,Generali Open,Kitzbuhel,Outdoor,Clay,2022-07-27,1.61,2.3,1
Kokkinakis T.,86,124,55,69,0,4,55,65,Martin A.,723,258,107,151,6,13,101,138,Atlanta Open,Atlanta,Outdoor,Hard,2022-07-27,1.12,6.0,0
Tiafoe F.,10,303,158,145,24,23,134,122,Daniel T.,111,178,67,111,3,10,64,101,Atlanta Open,Atlanta,Outdoor,Hard,2022-07-27,1.57,2.37,1
Nakashima B.,70,106,57,49,6,5,51,44,Millman J.,140,256,113,143,21,22,92,121,Atlanta Open,Atlanta,Outdoor,Hard,2022-07-27,1.33,3.4,1
Gakhov I.,198,3,1,2,0,0,1,2,Hanfmann Y.,50,99,50,49,5,4,45,45,Generali Open,Kitzbuhel,Outdoor,Clay,2022-07-27,,,0
Duckworth J.,123,143,55,88,10,9,45,79,Koepfer D.,84,86,38,48,3,3,35,45,Atlanta Open,Atlanta,Outdoor,Hard,2022-07-27,1.72,2.1,1
Ivashka I.,113,159,78,81,19,18,59,63,Johnson S.,197,395,196,199,16,23,180,176,Atlanta Open,Atlanta,Outdoor,Hard,2022-07-28,1.33,3.4,1
Musetti L.,18,143,79,64,12,12,67,52,Cecchinato M.,108,204,79,125,2,14,77,111,Croatia Open,Umag,Outdoor,Clay,2022-07-28,1.28,3.75,0
Bagnis F.,135,121,39,82,9,8,30,74,Moutet C.,80,118,50,68,5,11,45,57,Croatia Open,Umag,Outdoor,Clay,2022-07-28,2.37,1.57,1
Baez S.,72,95,47,48,6,6,41,42,Agamenone F.,136,5,3,2,0,0,3,2,Croatia Open,Umag,Outdoor,Clay,2022-07-28,1.16,5.0,0
Brooksby J.,39,79,46,33,6,5,40,28,Mcdonald M.,60,190,87,103,11,15,76,88,Atlanta Open,Atlanta,Outdoor,Hard,2022-07-28,1.5,2.62,1
Mannarino A.,27,567,264,303,60,73,204,230,Martin A.,723,258,107,151,6,13,101,138,Atlanta Open,Atlanta,Outdoor,Hard,2022-07-28,1.3,3.5,1
Thiem D.,116,517,327,190,53,39,274,151,Hanfmann Y.,50,99,50,49,5,4,45,45,Generali Open,Kitzbuhel,Outdoor,Clay,2022-07-28,1.28,3.75,0
Bautista Agut R.,25,379,234,145,31,29,203,116,Lehecka J.,33,61,30,31,4,4,26,27,Generali Open,Kitzbuhel,Outdoor,Clay,2022-07-28,1.36,3.2,1
Martinez P.,135,118,50,68,7,6,43,62,Ramos-Vinolas A.,82,437,204,233,17,31,187,202,Generali Open,Kitzbuhel,Outdoor,Clay,2022-07-28,1.72,2.1,0
Gombos N.,114,66,21,45,6,14,15,31,Alcaraz C.,1,164,130,34,10,5,120,29,Croatia Open,Umag,Outdoor,Clay,2022-07-28,11.0,1.05,0
Sinner J.,8,224,153,71,42,19,111,52,Carballes Baena R.,64,207,91,116,11,10,80,106,Croatia Open,Umag,Outdoor,Clay,2022-07-29,1.16,5.0,1
Zapata Miralles B.,54,80,32,48,1,6,31,42,Zeppieri G.,129,13,4,9,0,1,4,8,Croatia Open,Umag,Outdoor,Clay,2022-07-29,1.57,2.37,0
Cecchinato M.,108,204,79,125,2,14,77,111,Agamenone F.,136,5,3,2,0,0,3,2,Croatia Open,Umag,Outdoor,Clay,2022-07-29,1.57,2.37,0
Alcaraz C.,1,164,130,34,10,5,120,29,Bagnis F.,135,121,39,82,9,8,30,74,Croatia Open,Umag,Outdoor,Clay,2022-07-29,1.07,9.0,1
Shelton B.,43,34,13,21,0,0,13,21,Isner J.,114,755,465,290,53,45,412,245,Atlanta Open,Atlanta,Outdoor,Hard,2022-07-29,3.2,1.36,0
Lajovic D.,66,378,163,215,21,36,142,179,Misolic F.,158,11,6,5,0,1,6,4,Generali Open,Kitzbuhel,Outdoor,Clay,2022-07-29,1.4,3.0,0
Nakashima B.,70,106,57,49,6,5,51,44,Tiafoe F.,10,303,158,145,24,23,134,122,Atlanta Open,Atlanta,Outdoor,Hard,2022-07-29,2.0,1.8,0
Ramos-Vinolas A.,82,437,204,233,17,31,187,202,Bautista Agut R.,25,379,234,145,31,29,203,116,Generali Open,Kitzbuhel,Outdoor,Clay,2022-07-29,2.0,1.8,0
De Minaur A.,19,272,161,111,30,19,131,92,Duckworth J.,123,143,55,88,10,9,45,79,Atlanta Open,Atlanta,Outdoor,Hard,2022-07-29,1.3,3.5,1
De Minaur A.,19,272,161,111,30,19,131,92,Mannarino A.,27,567,264,303,60,73,204,230,Atlanta Open,Atlanta,Outdoor,Hard,2022-07-29,1.25,4.0,1
Ivashka I.,113,159,78,81,19,18,59,63,Paul T.,14,204,111,93,19,13,92,80,Atlanta Open,Atlanta,Outdoor,Hard,2022-07-29,2.62,1.5,1
Sinner J.,8,224,153,71,42,19,111,52,Agamenone F.,136,5,3,2,0,0,3,2,Croatia Open,Umag,Outdoor,Clay,2022-07-30,1.1,7.0,1
Misolic F.,158,11,6,5,0,1,6,4,Hanfmann Y.,50,99,50,49,5,4,45,45,Generali Open,Kitzbuhel,Outdoor,Clay,2022-07-30,2.62,1.5,1
Isner J.,114,755,465,290,53,45,412,245,Brooksby J.,39,79,46,33,6,5,40,28,Atlanta Open,Atlanta,Outdoor,Hard,2022-07-30,2.37,1.57,0
Ivashka I.,113,159,78,81,19,18,59,63,De Minaur A.,19,272,161,111,30,19,131,92,Atlanta Open,Atlanta,Outdoor,Hard,2022-07-30,2.5,1.53,0
Misolic F.,158,11,6,5,0,1,6,4,Bautista Agut R.,25,379,234,145,31,29,203,116,Generali Open,Kitzbuhel,Outdoor,Clay,2022-07-30,3.5,1.3,0
Alcaraz C.,1,164,130,34,10,5,120,29,Zeppieri G.,129,13,4,9,0,1,4,8,Croatia Open,Umag,Outdoor,Clay,2022-07-30,1.07,9.0,1
Brooksby J.,39,79,46,33,6,5,40,28,De Minaur A.,19,272,161,111,30,19,131,92,Atlanta Open,Atlanta,Outdoor,Hard,2022-07-31,1.72,2.1,0
Tiafoe F.,10,303,158,145,24,23,134,122,Brooksby J.,39,79,46,33,6,5,40,28,Atlanta Open,Atlanta,Outdoor,Hard,2022-07-31,2.1,1.72,0
Alcaraz C.,1,164,130,34,10,5,120,29,Sinner J.,8,224,153,71,42,19,111,52,Croatia Open,Umag,Outdoor,Clay,2022-07-31,1.61,2.3,0
Mannarino A.,27,567,264,303,60,73,204,230,Klahn B.,797,56,13,43,1,3,12,40,Citi Open,Washington,Outdoor,Hard,2022-08-01,1.16,5.0,1
Kudla D.,137,198,70,128,5,14,65,114,Mmoh M.,112,55,20,35,0,3,20,32,Citi Open,Washington,Outdoor,Hard,2022-08-01,1.66,2.2,1
Koepfer D.,84,86,38,48,3,3,35,45,Kwon S.W.,68,108,53,55,12,6,41,49,Citi Open,Washington,Outdoor,Hard,2022-08-01,2.1,1.72,1
Watanuki Y.,99,25,11,14,0,0,11,14,Edmund K.,473,233,113,120,19,10,94,110,Citi Open,Washington,Outdoor,Hard,2022-08-01,1.66,2.2,0
Murray A.,44,932,687,245,132,47,555,198,Ymer M.,59,130,58,72,18,23,40,49,Citi Open,Washington,Outdoor,Hard,2022-08-01,1.3,3.5,0
Popyrin A.,90,140,59,81,9,13,50,68,Wu T.L.,175,6,1,5,0,0,1,5,Citi Open,Washington,Outdoor,Hard,2022-08-01,1.53,2.5,1
Draper J.,55,51,29,22,2,3,27,19,Kozlov S.,108,35,9,26,0,2,9,24,Citi Open,Washington,Outdoor,Hard,2022-08-01,1.2,4.5,1
Daniel T.,111,178,67,111,3,10,64,101,Wolf J.J.,45,75,39,36,8,6,31,30,Citi Open,Washington,Outdoor,Hard,2022-08-01,1.44,2.75,0
Gojo B.,115,14,3,11,0,1,3,10,Duckworth J.,123,143,55,88,10,9,45,79,Citi Open,Washington,Outdoor,Hard,2022-08-01,2.37,1.57,1
Brooksby J.,39,79,46,33,6,5,40,28,Nishioka Y.,31,215,99,116,15,15,84,101,Citi Open,Washington,Outdoor,Hard,2022-08-02,1.33,3.4,0
Halys Q.,79,72,23,49,3,10,20,39,Berankis R.,212,249,104,145,36,31,68,114,Los Cabos Open,Los Cabos,Outdoor,Hard,2022-08-02,1.61,2.3,0
Hijikata R.,110,16,7,9,0,0,7,9,Pacheco Mendez R.,817,3,0,3,0,0,0,3,Los Cabos Open,Los Cabos,Outdoor,Hard,2022-08-02,1.06,10.0,1
Tseng C. H.,108,8,2,6,0,1,2,5,Chappell N.,432,2,0,2,0,0,0,2,Los Cabos Open,Los Cabos,Outdoor,Hard,2022-08-02,1.16,5.0,1
Purcell M.,78,28,9,19,0,0,9,19,Laaksonen H.,125,101,37,64,7,16,30,48,Los Cabos Open,Los Cabos,Outdoor,Hard,2022-08-02,1.44,2.75,1
Rublev A.,7,392,255,137,57,34,198,103,Draper J.,55,51,29,22,2,3,27,19,Citi Open,Washington,Outdoor,Hard,2022-08-02,1.36,3.2,1
Evans D.,30,251,124,127,18,16,106,111,Edmund K.,473,233,113,120,19,10,94,110,Citi Open,Washington,Outdoor,Hard,2022-08-02,1.44,2.75,1
Sock J.,166,324,177,147,38,24,139,123,Goffin D.,123,522,296,226,66,52,230,174,Citi Open,Washington,Outdoor,Hard,2022-08-02,2.37,1.57,1
Ivashka I.,113,159,78,81,19,18,59,63,Korda S.,26,126,75,51,15,9,60,42,Citi Open,Washington,Outdoor,Hard,2022-08-02,1.9,1.9,0
Mcdonald M.,60,190,87,103,11,15,76,88,Ruusuvuori E.,55,158,79,79,16,18,63,61,Citi Open,Washington,Outdoor,Hard,2022-08-02,2.2,1.66,0
Bonzi B.,107,83,37,46,10,13,27,33,Eubanks C.,29,64,28,36,1,3,27,33,Citi Open,Washington,Outdoor,Hard,2022-08-02,1.57,2.37,0
Paire B.,149,527,237,290,39,56,198,234,Gojowczyk P.,108,172,75,97,17,18,58,79,Citi Open,Washington,Outdoor,Hard,2022-08-02,2.3,1.61,1
Cressy M.,96,96,42,54,10,11,32,43,Sock J.,166,324,177,147,38,24,139,123,Citi Open,Washington,Outdoor,Hard,2022-08-03,1.57,2.37,1
Wolf J.J.,45,75,39,36,8,6,31,30,Shapovalov D.,29,298,166,132,30,27,136,105,Citi Open,Washington,Outdoor,Hard,2022-08-03,2.62,1.5,1
De Minaur A.,19,272,161,111,30,19,131,92,Nishioka Y.,31,215,99,116,15,15,84,101,Citi Open,Washington,Outdoor,Hard,2022-08-03,1.36,3.2,0
Giron M.,69,150,68,82,20,14,48,68,Kyrgios N.,25,303,195,108,11,7,184,101,Citi Open,Washington,Outdoor,Hard,2022-08-03,4.0,1.25,0
Gojo B.,115,14,3,11,0,1,3,10,Van De Zandschulp B.,44,117,63,54,11,11,52,43,Citi Open,Washington,Outdoor,Hard,2022-08-03,3.5,1.3,0
Khachanov K.,11,378,217,161,44,38,173,123,Koepfer D.,84,86,38,48,3,3,35,45,Citi Open,Washington,Outdoor,Hard,2022-08-03,1.36,3.2,1
Paire B.,149,527,237,290,39,56,198,234,Rune H.,6,131,83,48,28,9,55,39,Citi Open,Washington,Outdoor,Hard,2022-08-03,3.4,1.33,0
Ruusuvuori E.,55,158,79,79,16,18,63,61,Hurkacz H.,17,238,137,101,27,24,110,77,Citi Open,Washington,Outdoor,Hard,2022-08-03,2.62,1.5,1
Karatsev A.,75,136,66,70,10,22,56,48,Ymer M.,59,130,58,72,18,23,40,49,Citi Open,Washington,Outdoor,Hard,2022-08-03,1.72,2.1,0
Popyrin A.,90,140,59,81,9,13,50,68,Fritz T.,9,356,205,151,26,22,179,129,Citi Open,Washington,Outdoor,Hard,2022-08-03,5.0,1.16,0
Korda S.,26,126,75,51,15,9,60,42,Baez S.,72,95,47,48,6,6,41,42,Citi Open,Washington,Outdoor,Hard,2022-08-03,1.36,3.2,1
Dimitrov G.,20,651,389,262,79,50,310,212,Mannarino A.,27,567,264,303,60,73,204,230,Citi Open,Washington,Outdoor,Hard,2022-08-03,1.57,2.37,1
Villanueva G.,279,1,0,1,0,0,0,1,Johnson S.,197,395,196,199,16,23,180,176,Los Cabos Open,Los Cabos,Outdoor,Hard,2022-08-03,6.0,1.12,0
Kubler J.,77,53,24,29,0,1,24,28,Etcheverry T.,34,60,26,34,5,3,21,31,Los Cabos Open,Los Cabos,Outdoor,Hard,2022-08-03,1.3,3.5,1
Escobedo E.,377,57,20,37,2,2,18,35,Bagnis F.,135,121,39,82,9,8,30,74,Los Cabos Open,Los Cabos,Outdoor,Hard,2022-08-03,1.72,2.1,0
Barrientos N.,354,4,0,4,0,0,0,4,Hernandez A.,521,5,1,4,0,0,1,4,Los Cabos Open,Los Cabos,Outdoor,Hard,2022-08-03,,,0
Albot R.,97,215,86,129,26,26,60,103,Lopez F.,634,863,441,422,71,82,370,340,Los Cabos Open,Los Cabos,Outdoor,Hard,2022-08-03,1.25,4.0,1
Nakashima B.,70,106,57,49,6,5,51,44,Uchida K.,155,4,1,3,0,0,1,3,Los Cabos Open,Los Cabos,Outdoor,Hard,2022-08-03,1.08,8.0,1
Hanfmann Y.,50,99,50,49,5,4,45,45,Thompson J.,71,221,96,125,10,10,86,115,Los Cabos Open,Los Cabos,Outdoor,Hard,2022-08-03,2.37,1.57,0
Verdasco F.,244,962,537,425,79,79,458,346,Kokkinakis T.,86,124,55,69,0,4,55,65,Los Cabos Open,Los Cabos,Outdoor,Hard,2022-08-03,3.0,1.4,0
Fritz T.,9,356,205,151,26,22,179,129,Evans D.,30,251,124,127,18,16,106,111,Citi Open,Washington,Outdoor,Hard,2022-08-04,1.3,3.5,0
Ymer M.,59,130,58,72,18,23,40,49,Ruusuvuori E.,55,158,79,79,16,18,63,61,Citi Open,Washington,Outdoor,Hard,2022-08-04,3.0,1.4,1
Kyrgios N.,25,303,195,108,11,7,184,101,Paul T.,14,204,111,93,19,13,92,80,Citi Open,Washington,Outdoor,Hard,2022-08-04,1.4,3.0,1
Kudla D.,137,198,70,128,5,14,65,114,Opelka R.,17,168,88,80,17,10,71,70,Citi Open,Washington,Outdoor,Hard,2022-08-04,2.75,1.44,0
Eubanks C.,29,64,28,36,1,3,27,33,Tiafoe F.,10,303,158,145,24,23,134,122,Citi Open,Washington,Outdoor,Hard,2022-08-04,3.0,1.4,0
Nishioka Y.,31,215,99,116,15,15,84,101,Khachanov K.,11,378,217,161,44,38,173,123,Citi Open,Washington,Outdoor,Hard,2022-08-04,2.75,1.44,1
Purcell M.,78,28,9,19,0,0,9,19,Nakashima B.,70,106,57,49,6,5,51,44,Los Cabos Open,Los Cabos,Outdoor,Hard,2022-08-04,4.0,1.25,0
Hernandez A.,521,5,1,4,0,0,1,4,Auger-Aliassime F.,12,268,163,105,48,22,115,83,Los Cabos Open,Los Cabos,Outdoor,Hard,2022-08-04,19.0,1.02,0
Albot R.,97,215,86,129,26,26,60,103,Kubler J.,77,53,24,29,0,1,24,28,Los Cabos Open,Los Cabos,Outdoor,Hard,2022-08-04,2.75,1.44,1
Bagnis F.,135,121,39,82,9,8,30,74,Berankis R.,212,249,104,145,36,31,68,114,Los Cabos Open,Los Cabos,Outdoor,Hard,2022-08-04,2.62,1.5,0
Johnson S.,197,395,196,199,16,23,180,176,Kokkinakis T.,86,124,55,69,0,4,55,65,Los Cabos Open,Los Cabos,Outdoor,Hard,2022-08-04,2.37,1.57,1
Medvedev D.,3,406,289,117,69,27,220,90,Hijikata R.,110,16,7,9,0,0,7,9,Los Cabos Open,Los Cabos,Outdoor,Hard,2022-08-04,1.05,11.0,1
Tseng C. H.,108,8,2,6,0,1,2,5,Norrie C.,13,287,172,115,15,18,157,97,Los Cabos Open,Los Cabos,Outdoor,Hard,2022-08-04,7.0,1.1,0
Kecmanovic M.,40,210,107,103,12,16,95,87,Thompson J.,71,221,96,125,10,10,86,115,Los Cabos Open,Los Cabos,Outdoor,Hard,2022-08-04,1.44,2.75,1
Dimitrov G.,20,651,389,262,79,50,310,212,Korda S.,26,126,75,51,15,9,60,42,Citi Open,Washington,Outdoor,Hard,2022-08-05,2.5,1.53,0
Van De Zandschulp B.,44,117,63,54,11,11,52,43,Tiafoe F.,10,303,158,145,24,23,134,122,Citi Open,Washington,Outdoor,Hard,2022-08-05,2.2,1.66,0
Rublev A.,7,392,255,137,57,34,198,103,Cressy M.,96,96,42,54,10,11,32,43,Citi Open,Washington,Outdoor,Hard,2022-08-05,1.44,2.75,1
Rune H.,6,131,83,48,28,9,55,39,Wolf J.J.,45,75,39,36,8,6,31,30,Citi Open,Washington,Outdoor,Hard,2022-08-05,1.9,1.9,0
Norrie C.,13,287,172,115,15,18,157,97,Albot R.,97,215,86,129,26,26,60,103,Los Cabos Open,Los Cabos,Outdoor,Hard,2022-08-05,1.11,6.5,1
Berankis R.,212,249,104,145,36,31,68,114,Medvedev D.,3,406,289,117,69,27,220,90,Los Cabos Open,Los Cabos,Outdoor,Hard,2022-08-05,8.0,1.08,0
Auger-Aliassime F.,12,268,163,105,48,22,115,83,Johnson S.,197,395,196,199,16,23,180,176,Los Cabos Open,Los Cabos,Outdoor,Hard,2022-08-05,1.25,4.0,1
Nakashima B.,70,106,57,49,6,5,51,44,Kecmanovic M.,40,210,107,103,12,16,95,87,Los Cabos Open,Los Cabos,Outdoor,Hard,2022-08-05,1.8,2.0,0
Opelka R.,17,168,88,80,17,10,71,70,Kyrgios N.,25,303,195,108,11,7,184,101,Citi Open,Washington,Outdoor,Hard,2022-08-05,3.4,1.33,0
Nishioka Y.,31,215,99,116,15,15,84,101,Evans D.,30,251,124,127,18,16,106,111,Citi Open,Washington,Outdoor,Hard,2022-08-05,2.0,1.8,1
Tiafoe F.,10,303,158,145,24,23,134,122,Kyrgios N.,25,303,195,108,11,7,184,101,Citi Open,Washington,Outdoor,Hard,2022-08-06,3.2,1.36,0
Korda S.,26,126,75,51,15,9,60,42,Ymer M.,59,130,58,72,18,23,40,49,Citi Open,Washington,Outdoor,Hard,2022-08-06,1.36,3.2,0
Wolf J.J.,45,75,39,36,8,6,31,30,Rublev A.,7,392,255,137,57,34,198,103,Citi Open,Washington,Outdoor,Hard,2022-08-06,5.0,1.16,0
Auger-Aliassime F.,12,268,163,105,48,22,115,83,Norrie C.,13,287,172,115,15,18,157,97,Los Cabos Open,Los Cabos,Outdoor,Hard,2022-08-06,1.8,2.0,0
Medvedev D.,3,406,289,117,69,27,220,90,Kecmanovic M.,40,210,107,103,12,16,95,87,Los Cabos Open,Los Cabos,Outdoor,Hard,2022-08-06,1.2,4.5,1
Norrie C.,13,287,172,115,15,18,157,97,Medvedev D.,3,406,289,117,69,27,220,90,Los Cabos Open,Los Cabos,Outdoor,Hard,2022-08-07,3.4,1.33,0
Kyrgios N.,25,303,195,108,11,7,184,101,Ymer M.,59,130,58,72,18,23,40,49,Citi Open,Washington,Outdoor,Hard,2022-08-07,1.16,5.0,1
Nishioka Y.,31,215,99,116,15,15,84,101,Rublev A.,7,392,255,137,57,34,198,103,Citi Open,Washington,Outdoor,Hard,2022-08-07,4.5,1.2,1
Kyrgios N.,25,303,195,108,11,7,184,101,Nishioka Y.,31,215,99,116,15,15,84,101,Citi Open,Washington,Outdoor,Hard,2022-08-07,1.16,5.0,1
Wawrinka S.,72,854,535,319,84,69,451,250,Ruusuvuori E.,55,158,79,79,16,18,63,61,Canadian Open,Montreal,Outdoor,Hard,2022-08-08,3.5,1.3,0
Brooksby J.,39,79,46,33,6,5,40,28,Bublik A.,25,219,110,109,39,30,71,79,Canadian Open,Montreal,Outdoor,Hard,2022-08-08,1.57,2.37,1
Khachanov K.,11,378,217,161,44,38,173,123,Cerundolo F.,21,104,58,46,3,7,55,39,Canadian Open,Montreal,Outdoor,Hard,2022-08-08,1.44,2.75,1
Molcan A.,120,86,45,41,1,6,44,35,Mcdonald M.,60,190,87,103,11,15,76,88,Canadian Open,Montreal,Outdoor,Hard,2022-08-08,2.2,1.66,1
Shapovalov D.,29,298,166,132,30,27,136,105,De Minaur A.,19,272,161,111,30,19,131,92,Canadian Open,Montreal,Outdoor,Hard,2022-08-09,2.2,1.66,0
Nishioka Y.,31,215,99,116,15,15,84,101,Paire B.,149,527,237,290,39,56,198,234,Canadian Open,Montreal,Outdoor,Hard,2022-08-09,1.57,2.37,1
Norrie C.,13,287,172,115,15,18,157,97,Nakashima B.,70,106,57,49,6,5,51,44,Canadian Open,Montreal,Outdoor,Hard,2022-08-09,1.5,2.62,1
Giron M.,69,150,68,82,20,14,48,68,Bautista Agut R.,25,379,234,145,31,29,203,116,Canadian Open,Montreal,Outdoor,Hard,2022-08-09,3.5,1.3,0
Bonzi B.,107,83,37,46,10,13,27,33,Tiafoe F.,10,303,158,145,24,23,134,122,Canadian Open,Montreal,Outdoor,Hard,2022-08-09,2.75,1.44,0
Rune H.,6,131,83,48,28,9,55,39,Fognini F.,128,742,383,359,39,48,344,311,Canadian Open,Montreal,Outdoor,Hard,2022-08-09,1.72,2.1,1
Baez S.,72,95,47,48,6,6,41,42,Kyrgios N.,25,303,195,108,11,7,184,101,Canadian Open,Montreal,Outdoor,Hard,2022-08-09,5.0,1.16,0
Gaston H.,109,58,24,34,5,9,19,25,Draper J.,55,51,29,22,2,3,27,19,Canadian Open,Montreal,Outdoor,Hard,2022-08-09,3.4,1.33,0
Dimitrov G.,20,651,389,262,79,50,310,212,Galarneau A.,237,1,0,1,0,0,0,1,Canadian Open,Montreal,Outdoor,Hard,2022-08-09,1.14,5.5,1
Rinderknech A.,67,96,46,50,16,12,30,38,Mannarino A.,27,567,264,303,60,73,204,230,Canadian Open,Montreal,Outdoor,Hard,2022-08-09,2.2,1.66,0
Krajinovic F.,93,240,115,125,38,34,77,91,Evans D.,30,251,124,127,18,16,106,111,Canadian Open,Montreal,Outdoor,Hard,2022-08-09,2.2,1.66,0
Martinez P.,135,118,50,68,7,6,43,62,Monfils G.,323,816,510,306,131,65,379,241,Canadian Open,Montreal,Outdoor,Hard,2022-08-09,2.37,1.57,0
Cilic M.,100,853,543,310,119,65,424,245,Coric B.,15,343,185,158,28,28,157,130,Canadian Open,Montreal,Outdoor,Hard,2022-08-09,1.5,2.62,1
Cressy M.,96,96,42,54,10,11,32,43,Karatsev A.,75,136,66,70,10,22,56,48,Canadian Open,Montreal,Outdoor,Hard,2022-08-09,1.57,2.37,1
Pospisil V.,99,280,122,158,39,34,83,124,Paul T.,14,204,111,93,19,13,92,80,Canadian Open,Montreal,Outdoor,Hard,2022-08-09,4.0,1.25,0
Berrettini M.,38,217,142,75,14,11,128,64,Carreno Busta P.,16,352,214,138,33,25,181,113,Canadian Open,Montreal,Outdoor,Hard,2022-08-09,1.36,3.2,0
Schwartzman D.,95,428,233,195,32,27,201,168,Ramos-Vinolas A.,82,437,204,233,17,31,187,202,Canadian Open,Montreal,Outdoor,Hard,2022-08-10,1.4,3.0,0
Tiafoe F.,10,303,158,145,24,23,134,122,Fritz T.,9,356,205,151,26,22,179,129,Canadian Open,Montreal,Outdoor,Hard,2022-08-10,2.75,1.44,0
Monfils G.,323,816,510,306,131,65,379,241,Cressy M.,96,96,42,54,10,11,32,43,Canadian Open,Montreal,Outdoor,Hard,2022-08-10,2.1,1.72,1
Dimitrov G.,20,651,389,262,79,50,310,212,De Minaur A.,19,272,161,111,30,19,131,92,Canadian Open,Montreal,Outdoor,Hard,2022-08-10,2.62,1.5,0
Cilic M.,100,853,543,310,119,65,424,245,Khachanov K.,11,378,217,161,44,38,173,123,Canadian Open,Montreal,Outdoor,Hard,2022-08-10,2.0,1.8,1
Medvedev D.,3,406,289,117,69,27,220,90,Kyrgios N.,25,303,195,108,11,7,184,101,Canadian Open,Montreal,Outdoor,Hard,2022-08-10,1.5,2.62,0
Mannarino A.,27,567,264,303,60,73,204,230,Sinner J.,8,224,153,71,42,19,111,52,Canadian Open,Montreal,Outdoor,Hard,2022-08-10,6.0,1.12,0
Rune H.,6,131,83,48,28,9,55,39,Carreno Busta P.,16,352,214,138,33,25,181,113,Canadian Open,Montreal,Outdoor,Hard,2022-08-10,2.75,1.44,0
Van De Zandschulp B.,44,117,63,54,11,11,52,43,Norrie C.,13,287,172,115,15,18,157,97,Canadian Open,Montreal,Outdoor,Hard,2022-08-10,3.0,1.4,0
Ruud C.,4,275,176,99,19,16,157,83,Molcan A.,120,86,45,41,1,6,44,35,Canadian Open,Montreal,Outdoor,Hard,2022-08-10,1.33,3.4,1
Alcaraz C.,1,164,130,34,10,5,120,29,Paul T.,14,204,111,93,19,13,92,80,Canadian Open,Montreal,Outdoor,Hard,2022-08-10,1.2,4.5,0
Ruusuvuori E.,55,158,79,79,16,18,63,61,Hurkacz H.,17,238,137,101,27,24,110,77,Canadian Open,Montreal,Outdoor,Hard,2022-08-10,2.5,1.53,0
Ramos-Vinolas A.,82,437,204,233,17,31,187,202,Goffin D.,123,522,296,226,66,52,230,174,Canadian Open,Montreal,Outdoor,Hard,2022-08-10,3.0,1.4,1
Schwartzman D.,95,428,233,195,32,27,201,168,Davidovich Fokina A.,39,168,84,84,17,20,67,64,Canadian Open,Montreal,Outdoor,Hard,2022-08-10,1.8,2.0,1
Van De Zandschulp B.,44,117,63,54,11,11,52,43,Kecmanovic M.,40,210,107,103,12,16,95,87,Canadian Open,Montreal,Outdoor,Hard,2022-08-10,2.2,1.66,1
Murray A.,44,932,687,245,132,47,555,198,Fritz T.,9,356,205,151,26,22,179,129,Canadian Open,Montreal,Outdoor,Hard,2022-08-10,3.0,1.4,0
Bautista Agut R.,25,379,234,145,31,29,203,116,Brooksby J.,39,79,46,33,6,5,40,28,Canadian Open,Montreal,Outdoor,Hard,2022-08-10,1.72,2.1,1
Evans D.,30,251,124,127,18,16,106,111,Fritz T.,9,356,205,151,26,22,179,129,Canadian Open,Montreal,Outdoor,Hard,2022-08-11,2.75,1.44,1
Norrie C.,13,287,172,115,15,18,157,97,Auger-Aliassime F.,12,268,163,105,48,22,115,83,Canadian Open,Montreal,Outdoor,Hard,2022-08-11,2.1,1.72,0
Hurkacz H.,17,238,137,101,27,24,110,77,Ramos-Vinolas A.,82,437,204,233,17,31,187,202,Canadian Open,Montreal,Outdoor,Hard,2022-08-11,1.16,5.0,1
De Minaur A.,19,272,161,111,30,19,131,92,Kyrgios N.,25,303,195,108,11,7,184,101,Canadian Open,Montreal,Outdoor,Hard,2022-08-11,3.0,1.4,0
Tsitsipas S.,5,390,264,126,49,32,215,94,Draper J.,55,51,29,22,2,3,27,19,Canadian Open,Montreal,Outdoor,Hard,2022-08-11,1.28,3.75,0
Auger-Aliassime F.,12,268,163,105,48,22,115,83,Nishioka Y.,31,215,99,116,15,15,84,101,Canadian Open,Montreal,Outdoor,Hard,2022-08-11,1.33,3.4,1
Evans D.,30,251,124,127,18,16,106,111,Rublev A.,7,392,255,137,57,34,198,103,Canadian Open,Montreal,Outdoor,Hard,2022-08-11,3.4,1.33,1
Ruud C.,4,275,176,99,19,16,157,83,Bautista Agut R.,25,379,234,145,31,29,203,116,Canadian Open,Montreal,Outdoor,Hard,2022-08-11,1.72,2.1,1
Auger-Aliassime F.,12,268,163,105,48,22,115,83,Ruud C.,4,275,176,99,19,16,157,83,Canadian Open,Montreal,Outdoor,Hard,2022-08-12,1.53,2.5,0
Kyrgios N.,25,303,195,108,11,7,184,101,Hurkacz H.,17,238,137,101,27,24,110,77,Canadian Open,Montreal,Outdoor,Hard,2022-08-12,1.3,3.5,0
Paul T.,14,204,111,93,19,13,92,80,Evans D.,30,251,124,127,18,16,106,111,Canadian Open,Montreal,Outdoor,Hard,2022-08-12,1.57,2.37,0
Cilic M.,100,853,543,310,119,65,424,245,Paul T.,14,204,111,93,19,13,92,80,Canadian Open,Montreal,Outdoor,Hard,2022-08-12,1.66,2.2,0
Draper J.,55,51,29,22,2,3,27,19,Monfils G.,323,816,510,306,131,65,379,241,Canadian Open,Montreal,Outdoor,Hard,2022-08-12,2.1,1.72,1
Sinner J.,8,224,153,71,42,19,111,52,Carreno Busta P.,16,352,214,138,33,25,181,113,Canadian Open,Montreal,Outdoor,Hard,2022-08-12,1.5,2.62,0
Draper J.,55,51,29,22,2,3,27,19,Carreno Busta P.,16,352,214,138,33,25,181,113,Canadian Open,Montreal,Outdoor,Hard,2022-08-13,3.0,1.4,0
Hurkacz H.,17,238,137,101,27,24,110,77,Ruud C.,4,275,176,99,19,16,157,83,Canadian Open,Montreal,Outdoor,Hard,2022-08-13,1.9,1.9,1
Carreno Busta P.,16,352,214,138,33,25,181,113,Evans D.,30,251,124,127,18,16,106,111,Canadian Open,Montreal,Outdoor,Hard,2022-08-14,1.44,2.75,1
Carreno Busta P.,16,352,214,138,33,25,181,113,Hurkacz H.,17,238,137,101,27,24,110,77,Canadian Open,Montreal,Outdoor,Hard,2022-08-14,2.37,1.57,1
Van De Zandschulp B.,44,117,63,54,11,11,52,43,Cressy M.,96,96,42,54,10,11,32,43,Western & Southern Financial Group Masters,Cincinnati,Outdoor,Hard,2022-08-14,1.72,2.1,1
Norrie C.,13,287,172,115,15,18,157,97,Rune H.,6,131,83,48,28,9,55,39,Western & Southern Financial Group Masters,Cincinnati,Outdoor,Hard,2022-08-15,1.25,4.0,1
Giron M.,69,150,68,82,20,14,48,68,Goffin D.,123,522,296,226,66,52,230,174,Western & Southern Financial Group Masters,Cincinnati,Outdoor,Hard,2022-08-15,2.2,1.66,1
Murray A.,44,932,687,245,132,47,555,198,Wawrinka S.,72,854,535,319,84,69,451,250,Western & Southern Financial Group Masters,Cincinnati,Outdoor,Hard,2022-08-15,1.5,2.62,1
Isner J.,114,755,465,290,53,45,412,245,Bonzi B.,107,83,37,46,10,13,27,33,Western & Southern Financial Group Masters,Cincinnati,Outdoor,Hard,2022-08-15,1.61,2.3,1
Cilic M.,100,853,543,310,119,65,424,245,Munar J.,104,178,75,103,7,12,68,91,Western & Southern Financial Group Masters,Cincinnati,Outdoor,Hard,2022-08-15,1.4,3.0,1
Cerundolo F.,21,104,58,46,3,7,55,39,Bautista Agut R.,25,379,234,145,31,29,203,116,Western & Southern Financial Group Masters,Cincinnati,Outdoor,Hard,2022-08-15,3.2,1.36,0
Karatsev A.,75,136,66,70,10,22,56,48,Nakashima B.,70,106,57,49,6,5,51,44,Western & Southern Financial Group Masters,Cincinnati,Outdoor,Hard,2022-08-15,2.75,1.44,1
Schwartzman D.,95,428,233,195,32,27,201,168,Molcan A.,120,86,45,41,1,6,44,35,Western & Southern Financial Group Masters,Cincinnati,Outdoor,Hard,2022-08-15,1.66,2.2,1
Ruusuvuori E.,55,158,79,79,16,18,63,61,Wolf J.J.,45,75,39,36,8,6,31,30,Western & Southern Financial Group Masters,Cincinnati,Outdoor,Hard,2022-08-15,1.53,2.5,1
Mcdonald M.,60,190,87,103,11,15,76,88,Basilashvili N.,118,301,138,163,26,34,112,129,Western & Southern Financial Group Masters,Cincinnati,Outdoor,Hard,2022-08-15,1.36,3.2,1
Shelton B.,43,34,13,21,0,0,13,21,Sonego L.,43,221,107,114,19,17,88,97,Western & Southern Financial Group Masters,Cincinnati,Outdoor,Hard,2022-08-16,2.37,1.57,1
Fritz T.,9,356,205,151,26,22,179,129,Baez S.,72,95,47,48,6,6,41,42,Western & Southern Financial Group Masters,Cincinnati,Outdoor,Hard,2022-08-16,1.16,5.0,1
Kyrgios N.,25,303,195,108,11,7,184,101,Davidovich Fokina A.,39,168,84,84,17,20,67,64,Western & Southern Financial Group Masters,Cincinnati,Outdoor,Hard,2022-08-16,1.2,4.5,1
Kecmanovic M.,40,210,107,103,12,16,95,87,Carreno Busta P.,16,352,214,138,33,25,181,113,Western & Southern Financial Group Masters,Cincinnati,Outdoor,Hard,2022-08-16,2.1,1.72,1
Fognini F.,128,742,383,359,39,48,344,311,Ramos-Vinolas A.,82,437,204,233,17,31,187,202,Western & Southern Financial Group Masters,Cincinnati,Outdoor,Hard,2022-08-16,2.1,1.72,1
Laaksonen H.,125,101,37,64,7,16,30,48,De Minaur A.,19,272,161,111,30,19,131,92,Western & Southern Financial Group Masters,Cincinnati,Outdoor,Hard,2022-08-16,9.0,1.07,0
Sinner J.,8,224,153,71,42,19,111,52,Kokkinakis T.,86,124,55,69,0,4,55,65,Western & Southern Financial Group Masters,Cincinnati,Outdoor,Hard,2022-08-16,1.2,4.5,1
Coric B.,15,343,185,158,28,28,157,130,Musetti L.,18,143,79,64,12,12,67,52,Western & Southern Financial Group Masters,Cincinnati,Outdoor,Hard,2022-08-16,2.37,1.57,1
Shapovalov D.,29,298,166,132,30,27,136,105,Dimitrov G.,20,651,389,262,79,50,310,212,Western & Southern Financial Group Masters,Cincinnati,Outdoor,Hard,2022-08-16,2.1,1.72,1
Berrettini M.,38,217,142,75,14,11,128,64,Tiafoe F.,10,303,158,145,24,23,134,122,Western & Southern Financial Group Masters,Cincinnati,Outdoor,Hard,2022-08-16,1.57,2.37,0
Korda S.,26,126,75,51,15,9,60,42,Khachanov K.,11,378,217,161,44,38,173,123,Western & Southern Financial Group Masters,Cincinnati,Outdoor,Hard,2022-08-16,1.72,2.1,1
Brooksby J.,39,79,46,33,6,5,40,28,Paul T.,14,204,111,93,19,13,92,80,Western & Southern Financial Group Masters,Cincinnati,Outdoor,Hard,2022-08-16,2.1,1.72,0
Hurkacz H.,17,238,137,101,27,24,110,77,Isner J.,114,755,465,290,53,45,412,245,Western & Southern Financial Group Masters,Cincinnati,Outdoor,Hard,2022-08-17,1.5,2.62,0
Bautista Agut R.,25,379,234,145,31,29,203,116,Giron M.,69,150,68,82,20,14,48,68,Western & Southern Financial Group Masters,Cincinnati,Outdoor,Hard,2022-08-17,1.4,3.0,1
Tsitsipas S.,5,390,264,126,49,32,215,94,Krajinovic F.,93,240,115,125,38,34,77,91,Western & Southern Financial Group Masters,Cincinnati,Outdoor,Hard,2022-08-17,1.25,4.0,1
Fritz T.,9,356,205,151,26,22,179,129,Kyrgios N.,25,303,195,108,11,7,184,101,Western & Southern Financial Group Masters,Cincinnati,Outdoor,Hard,2022-08-17,2.1,1.72,1
Kecmanovic M.,40,210,107,103,12,16,95,87,Sinner J.,8,224,153,71,42,19,111,52,Western & Southern Financial Group Masters,Cincinnati,Outdoor,Hard,2022-08-17,3.2,1.36,0
Shapovalov D.,29,298,166,132,30,27,136,105,Paul T.,14,204,111,93,19,13,92,80,Western & Southern Financial Group Masters,Cincinnati,Outdoor,Hard,2022-08-17,2.5,1.53,1
Rublev A.,7,392,255,137,57,34,198,103,Fognini F.,128,742,383,359,39,48,344,311,Western & Southern Financial Group Masters,Cincinnati,Outdoor,Hard,2022-08-17,1.2,4.5,1
Ruud C.,4,275,176,99,19,16,157,83,Shelton B.,43,34,13,21,0,0,13,21,Western & Southern Financial Group Masters,Cincinnati,Outdoor,Hard,2022-08-17,1.2,4.5,0
De Minaur A.,19,272,161,111,30,19,131,92,Auger-Aliassime F.,12,268,163,105,48,22,115,83,Western & Southern Financial Group Masters,Cincinnati,Outdoor,Hard,2022-08-17,2.1,1.72,0
Karatsev A.,75,136,66,70,10,22,56,48,Schwartzman D.,95,428,233,195,32,27,201,168,Western & Southern Financial Group Masters,Cincinnati,Outdoor,Hard,2022-08-17,1.9,1.9,0
Medvedev D.,3,406,289,117,69,27,220,90,Van De Zandschulp B.,44,117,63,54,11,11,52,43,Western & Southern Financial Group Masters,Cincinnati,Outdoor,Hard,2022-08-17,1.14,5.5,1
Ruusuvuori E.,55,158,79,79,16,18,63,61,Cilic M.,100,853,543,310,119,65,424,245,Western & Southern Financial Group Masters,Cincinnati,Outdoor,Hard,2022-08-17,2.37,1.57,0
Alcaraz C.,1,164,130,34,10,5,120,29,Mcdonald M.,60,190,87,103,11,15,76,88,Western & Southern Financial Group Masters,Cincinnati,Outdoor,Hard,2022-08-17,1.12,6.0,1
Evans D.,30,251,124,127,18,16,106,111,Krajinovic F.,93,240,115,125,38,34,77,91,Western & Southern Financial Group Masters,Cincinnati,Outdoor,Hard,2022-08-17,1.57,2.37,0
Norrie C.,13,287,172,115,15,18,157,97,Murray A.,44,932,687,245,132,47,555,198,Western & Southern Financial Group Masters,Cincinnati,Outdoor,Hard,2022-08-17,1.36,3.2,1
Nadal R.,2,1223,1017,206,76,40,941,166,Coric B.,15,343,185,158,28,28,157,130,Western & Southern Financial Group Masters,Cincinnati,Outdoor,Hard,2022-08-18,1.14,5.5,0
Korda S.,26,126,75,51,15,9,60,42,Tiafoe F.,10,303,158,145,24,23,134,122,Western & Southern Financial Group Masters,Cincinnati,Outdoor,Hard,2022-08-18,2.1,1.72,1
Fritz T.,9,356,205,151,26,22,179,129,Rublev A.,7,392,255,137,57,34,198,103,Western & Southern Financial Group Masters,Cincinnati,Outdoor,Hard,2022-08-18,1.44,2.75,1
Shapovalov D.,29,298,166,132,30,27,136,105,Medvedev D.,3,406,289,117,69,27,220,90,Western & Southern Financial Group Masters,Cincinnati,Outdoor,Hard,2022-08-18,4.33,1.22,0
Tsitsipas S.,5,390,264,126,49,32,215,94,Schwartzman D.,95,428,233,195,32,27,201,168,Western & Southern Financial Group Masters,Cincinnati,Outdoor,Hard,2022-08-18,1.28,3.75,1
Bautista Agut R.,25,379,234,145,31,29,203,116,Coric B.,15,343,185,158,28,28,157,130,Western & Southern Financial Group Masters,Cincinnati,Outdoor,Hard,2022-08-18,1.44,2.75,0
Korda S.,26,126,75,51,15,9,60,42,Isner J.,114,755,465,290,53,45,412,245,Western & Southern Financial Group Masters,Cincinnati,Outdoor,Hard,2022-08-18,1.57,2.37,0
Isner J.,114,755,465,290,53,45,412,245,Tsitsipas S.,5,390,264,126,49,32,215,94,Western & Southern Financial Group Masters,Cincinnati,Outdoor,Hard,2022-08-19,3.2,1.36,0
Medvedev D.,3,406,289,117,69,27,220,90,Fritz T.,9,356,205,151,26,22,179,129,Western & Southern Financial Group Masters,Cincinnati,Outdoor,Hard,2022-08-19,1.44,2.75,1
Cilic M.,100,853,543,310,119,65,424,245,Alcaraz C.,1,164,130,34,10,5,120,29,Western & Southern Financial Group Masters,Cincinnati,Outdoor,Hard,2022-08-19,4.0,1.25,0
Auger-Aliassime F.,12,268,163,105,48,22,115,83,Sinner J.,8,224,153,71,42,19,111,52,Western & Southern Financial Group Masters,Cincinnati,Outdoor,Hard,2022-08-19,2.0,1.8,1
Shelton B.,43,34,13,21,0,0,13,21,Norrie C.,13,287,172,115,15,18,157,97,Western & Southern Financial Group Masters,Cincinnati,Outdoor,Hard,2022-08-19,3.0,1.4,0
Coric B.,15,343,185,158,28,28,157,130,Auger-Aliassime F.,12,268,163,105,48,22,115,83,Western & Southern Financial Group Masters,Cincinnati,Outdoor,Hard,2022-08-20,2.62,1.5,1
Alcaraz C.,1,164,130,34,10,5,120,29,Norrie C.,13,287,172,115,15,18,157,97,Western & Southern Financial Group Masters,Cincinnati,Outdoor,Hard,2022-08-20,1.3,3.5,0
Norrie C.,13,287,172,115,15,18,157,97,Coric B.,15,343,185,158,28,28,157,130,Western & Southern Financial Group Masters,Cincinnati,Outdoor,Hard,2022-08-21,1.66,2.2,0
Medvedev D.,3,406,289,117,69,27,220,90,Tsitsipas S.,5,390,264,126,49,32,215,94,Western & Southern Financial Group Masters,Cincinnati,Outdoor,Hard,2022-08-21,1.33,3.4,0
Coric B.,15,343,185,158,28,28,157,130,Tsitsipas S.,5,390,264,126,49,32,215,94,Western & Southern Financial Group Masters,Cincinnati,Outdoor,Hard,2022-08-21,2.37,1.57,1
Gasquet R.,48,948,581,367,133,82,448,285,Majchrzak K.,121,50,19,31,3,4,16,27,Winston-Salem Open at Wake Forest University,Winston-Salem,Outdoor,Hard,2022-08-21,1.36,3.2,1
Kwon S.W.,68,108,53,55,12,6,41,49,Altmaier D.,51,79,28,51,1,5,27,46,Winston-Salem Open at Wake Forest University,Winston-Salem,Outdoor,Hard,2022-08-21,1.57,2.37,1
Monteiro T.,121,171,69,102,9,11,60,91,Kudla D.,137,198,70,128,5,14,65,114,Winston-Salem Open at Wake Forest University,Winston-Salem,Outdoor,Hard,2022-08-21,2.1,1.72,1
O Connell C.,74,65,26,39,0,0,26,39,Mannarino A.,27,567,264,303,60,73,204,230,Winston-Salem Open at Wake Forest University,Winston-Salem,Outdoor,Hard,2022-08-22,1.9,1.9,0
Nava E.,242,13,2,11,0,0,2,11,Johnson S.,197,395,196,199,16,23,180,176,Winston-Salem Open at Wake Forest University,Winston-Salem,Outdoor,Hard,2022-08-22,2.62,1.5,0
Tseng C.H.,145,9,1,8,0,0,1,8,Fucsovics M.,67,249,121,128,26,24,95,104,Winston-Salem Open at Wake Forest University,Winston-Salem,Outdoor,Hard,2022-08-22,2.0,1.8,1
Coria F.,108,99,43,56,2,6,41,50,Ymer M.,59,130,58,72,18,23,40,49,Winston-Salem Open at Wake Forest University,Winston-Salem,Outdoor,Hard,2022-08-22,4.5,1.2,0
Mochizuki S.,200,8,0,8,0,1,0,7,Tabilo A.,122,44,21,23,5,4,16,19,Winston-Salem Open at Wake Forest University,Winston-Salem,Outdoor,Hard,2022-08-22,3.0,1.4,0
Daniel T.,111,178,67,111,3,10,64,101,Griekspoor T.,37,97,47,50,7,14,40,36,Winston-Salem Open at Wake Forest University,Winston-Salem,Outdoor,Hard,2022-08-22,,,0
Lehecka J.,33,61,30,31,4,4,26,27,Gojowczyk P.,108,172,75,97,17,18,58,79,Winston-Salem Open at Wake Forest University,Winston-Salem,Outdoor,Hard,2022-08-22,1.4,3.0,0
Millman J.,140,256,113,143,21,22,92,121,Gaston H.,109,58,24,34,5,9,19,25,Winston-Salem Open at Wake Forest University,Winston-Salem,Outdoor,Hard,2022-08-22,1.53,2.5,1
Goffin D.,123,522,296,226,66,52,230,174,Djere L.,38,243,120,123,10,22,110,101,Winston-Salem Open at Wake Forest University,Winston-Salem,Outdoor,Hard,2022-08-22,1.33,3.4,0
Duckworth J.,123,143,55,88,10,9,45,79,Kokkinakis T.,86,124,55,69,0,4,55,65,Winston-Salem Open at Wake Forest University,Winston-Salem,Outdoor,Hard,2022-08-22,3.2,1.36,1
Edmund K.,473,233,113,120,19,10,94,110,Bonzi B.,107,83,37,46,10,13,27,33,Winston-Salem Open at Wake Forest University,Winston-Salem,Outdoor,Hard,2022-08-23,3.75,1.28,0
Martinez P.,135,118,50,68,7,6,43,62,Johnson S.,197,395,196,199,16,23,180,176,Winston-Salem Open at Wake Forest University,Winston-Salem,Outdoor,Hard,2022-08-23,2.3,1.61,0
Mannarino A.,27,567,264,303,60,73,204,230,Ruusuvuori E.,55,158,79,79,16,18,63,61,Winston-Salem Open at Wake Forest University,Winston-Salem,Outdoor,Hard,2022-08-23,2.75,1.44,1
Duckworth J.,123,143,55,88,10,9,45,79,Cressy M.,96,96,42,54,10,11,32,43,Winston-Salem Open at Wake Forest University,Winston-Salem,Outdoor,Hard,2022-08-23,2.75,1.44,0
Millman J.,140,256,113,143,21,22,92,121,Ramos-Vinolas A.,82,437,204,233,17,31,187,202,Winston-Salem Open at Wake Forest University,Winston-Salem,Outdoor,Hard,2022-08-23,1.61,2.3,0
Kwon S.W.,68,108,53,55,12,6,41,49,Kubler J.,77,53,24,29,0,1,24,28,Winston-Salem Open at Wake Forest University,Winston-Salem,Outdoor,Hard,2022-08-23,2.1,1.72,0
Sousa J.,147,436,189,247,42,44,147,203,Djere L.,38,243,120,123,10,22,110,101,Winston-Salem Open at Wake Forest University,Winston-Salem,Outdoor,Hard,2022-08-23,2.3,1.61,0
Ivashka I.,113,159,78,81,19,18,59,63,Gojowczyk P.,108,172,75,97,17,18,58,79,Winston-Salem Open at Wake Forest University,Winston-Salem,Outdoor,Hard,2022-08-23,1.2,4.5,1
Musetti L.,18,143,79,64,12,12,67,52,Gasquet R.,48,948,581,367,133,82,448,285,Winston-Salem Open at Wake Forest University,Winston-Salem,Outdoor,Hard,2022-08-23,1.57,2.37,0
Monteiro T.,121,171,69,102,9,11,60,91,Basilashvili N.,118,301,138,163,26,34,112,129,Winston-Salem Open at Wake Forest University,Winston-Salem,Outdoor,Hard,2022-08-23,1.44,2.75,1
Fognini F.,128,742,383,359,39,48,344,311,Lajovic D.,66,378,163,215,21,36,142,179,Winston-Salem Open at Wake Forest University,Winston-Salem,Outdoor,Hard,2022-08-23,1.57,2.37,1
Pervolarakis M.,377,1,0,1,0,0,0,1,Edmund K.,473,233,113,120,19,10,94,110,Winston-Salem Open at Wake Forest University,Winston-Salem,Outdoor,Hard,2022-08-23,4.5,1.2,0
Wolf J.J.,45,75,39,36,8,6,31,30,Thiem D.,116,517,327,190,53,39,274,151,Winston-Salem Open at Wake Forest University,Winston-Salem,Outdoor,Hard,2022-08-23,2.0,1.8,0
Cressy M.,96,96,42,54,10,11,32,43,Sonego L.,43,221,107,114,19,17,88,97,Winston-Salem Open at Wake Forest University,Winston-Salem,Outdoor,Hard,2022-08-24,1.57,2.37,1
Van De Zandschulp B.,44,117,63,54,11,11,52,43,Munar J.,104,178,75,103,7,12,68,91,Winston-Salem Open at Wake Forest University,Winston-Salem,Outdoor,Hard,2022-08-24,1.57,2.37,1
Mannarino A.,27,567,264,303,60,73,204,230,Ramos-Vinolas A.,82,437,204,233,17,31,187,202,Winston-Salem Open at Wake Forest University,Winston-Salem,Outdoor,Hard,2022-08-24,1.72,2.1,1
Johnson S.,197,395,196,199,16,23,180,176,Gasquet R.,48,948,581,367,133,82,448,285,Winston-Salem Open at Wake Forest University,Winston-Salem,Outdoor,Hard,2022-08-24,1.9,1.9,0
Tabilo A.,122,44,21,23,5,4,16,19,Sonego L.,43,221,107,114,19,17,88,97,Winston-Salem Open at Wake Forest University,Winston-Salem,Outdoor,Hard,2022-08-24,3.4,1.33,0
Djere L.,38,243,120,123,10,22,110,101,Kubler J.,77,53,24,29,0,1,24,28,Winston-Salem Open at Wake Forest University,Winston-Salem,Outdoor,Hard,2022-08-24,2.5,1.53,1
Griekspoor T.,37,97,47,50,7,14,40,36,Van De Zandschulp B.,44,117,63,54,11,11,52,43,Winston-Salem Open at Wake Forest University,Winston-Salem,Outdoor,Hard,2022-08-24,2.5,1.53,0
Huesler M.A.,88,58,21,37,8,8,13,29,Ymer M.,59,130,58,72,18,23,40,49,Winston-Salem Open at Wake Forest University,Winston-Salem,Outdoor,Hard,2022-08-24,3.2,1.36,1
Draper J.,55,51,29,22,2,3,27,19,Fognini F.,128,742,383,359,39,48,344,311,Winston-Salem Open at Wake Forest University,Winston-Salem,Outdoor,Hard,2022-08-24,1.44,2.75,1
Thiem D.,116,517,327,190,53,39,274,151,Dimitrov G.,20,651,389,262,79,50,310,212,Winston-Salem Open at Wake Forest University,Winston-Salem,Outdoor,Hard,2022-08-24,2.3,1.61,1
Munar J.,104,178,75,103,7,12,68,91,Tseng C.H.,145,9,1,8,0,0,1,8,Winston-Salem Open at Wake Forest University,Winston-Salem,Outdoor,Hard,2022-08-24,1.53,2.5,1
Monteiro T.,121,171,69,102,9,11,60,91,Bonzi B.,107,83,37,46,10,13,27,33,Winston-Salem Open at Wake Forest University,Winston-Salem,Outdoor,Hard,2022-08-25,2.5,1.53,0
Draper J.,55,51,29,22,2,3,27,19,Thiem D.,116,517,327,190,53,39,274,151,Winston-Salem Open at Wake Forest University,Winston-Salem,Outdoor,Hard,2022-08-25,1.5,2.62,1
Ivashka I.,113,159,78,81,19,18,59,63,Huesler M.A.,88,58,21,37,8,8,13,29,Winston-Salem Open at Wake Forest University,Winston-Salem,Outdoor,Hard,2022-08-25,1.28,3.75,0
Cressy M.,96,96,42,54,10,11,32,43,Mannarino A.,27,567,264,303,60,73,204,230,Winston-Salem Open at Wake Forest University,Winston-Salem,Outdoor,Hard,2022-08-25,1.57,2.37,0
Van De Zandschulp B.,44,117,63,54,11,11,52,43,Bonzi B.,107,83,37,46,10,13,27,33,Winston-Salem Open at Wake Forest University,Winston-Salem,Outdoor,Hard,2022-08-25,1.5,2.62,1
Gasquet R.,48,948,581,367,133,82,448,285,Djere L.,38,243,120,123,10,22,110,101,Winston-Salem Open at Wake Forest University,Winston-Salem,Outdoor,Hard,2022-08-26,1.72,2.1,0
Huesler M.A.,88,58,21,37,8,8,13,29,Draper J.,55,51,29,22,2,3,27,19,Winston-Salem Open at Wake Forest University,Winston-Salem,Outdoor,Hard,2022-08-26,3.2,1.36,1
Djere L.,38,243,120,123,10,22,110,101,Mannarino A.,27,567,264,303,60,73,204,230,Winston-Salem Open at Wake Forest University,Winston-Salem,Outdoor,Hard,2022-08-27,2.75,1.44,0
Djere L.,38,243,120,123,10,22,110,101,Huesler M.A.,88,58,21,37,8,8,13,29,Winston-Salem Open at Wake Forest University,Winston-Salem,Outdoor,Hard,2022-08-27,2.2,1.66,1
Mannarino A.,27,567,264,303,60,73,204,230,Van De Zandschulp B.,44,117,63,54,11,11,52,43,Winston-Salem Open at Wake Forest University,Winston-Salem,Outdoor,Hard,2022-08-27,2.62,1.5,1
Wawrinka S.,72,854,535,319,84,69,451,250,Moutet C.,80,118,50,68,5,11,45,57,US Open,New York,Outdoor,Hard,2022-08-29,2.0,1.8,0
Draper J.,55,51,29,22,2,3,27,19,Ruusuvuori E.,55,158,79,79,16,18,63,61,US Open,New York,Outdoor,Hard,2022-08-29,2.0,1.8,1
Sonego L.,43,221,107,114,19,17,88,97,Thompson J.,71,221,96,125,10,10,86,115,US Open,New York,Outdoor,Hard,2022-08-29,1.5,2.62,0
Gaston H.,109,58,24,34,5,9,19,25,Bublik A.,25,219,110,109,39,30,71,79,US Open,New York,Outdoor,Hard,2022-08-29,3.2,1.36,0
Machac T.,108,18,6,12,1,1,5,11,Van De Zandschulp B.,44,117,63,54,11,11,52,43,US Open,New York,Outdoor,Hard,2022-08-29,3.0,1.4,0
Molcan A.,120,86,45,41,1,6,44,35,Monteiro T.,121,171,69,102,9,11,60,91,US Open,New York,Outdoor,Hard,2022-08-29,1.53,2.5,0
Lehecka J.,33,61,30,31,4,4,26,27,Garin C.,101,190,103,87,15,13,88,74,US Open,New York,Outdoor,Hard,2022-08-29,1.8,2.0,0
Ritschard A.,163,9,3,6,1,1,2,5,Auger-Aliassime F.,12,268,163,105,48,22,115,83,US Open,New York,Outdoor,Hard,2022-08-29,13.0,1.04,0
De Minaur A.,19,272,161,111,30,19,131,92,Krajinovic F.,93,240,115,125,38,34,77,91,US Open,New York,Outdoor,Hard,2022-08-29,1.25,4.0,1
Carreno Busta P.,16,352,214,138,33,25,181,113,Thiem D.,116,517,327,190,53,39,274,151,US Open,New York,Outdoor,Hard,2022-08-29,1.22,4.33,1
Kudla D.,137,198,70,128,5,14,65,114,Khachanov K.,11,378,217,161,44,38,173,123,US Open,New York,Outdoor,Hard,2022-08-29,5.0,1.16,0
Shelton B.,43,34,13,21,0,0,13,21,Borges N.,69,28,10,18,1,1,9,17,US Open,New York,Outdoor,Hard,2022-08-29,1.4,3.0,0
Etcheverry T.,34,60,26,34,5,3,21,31,Grenier H.,122,16,5,11,1,2,4,9,US Open,New York,Outdoor,Hard,2022-08-29,2.75,1.44,0
Fritz T.,9,356,205,151,26,22,179,129,Holt B.,193,7,2,5,0,1,2,4,US Open,New York,Outdoor,Hard,2022-08-29,1.04,13.0,0
Ruud C.,4,275,176,99,19,16,157,83,Edmund K.,473,233,113,120,19,10,94,110,US Open,New York,Outdoor,Hard,2022-08-29,1.07,9.0,1
Basilashvili N.,118,301,138,163,26,34,112,129,Wu Y.,90,36,15,21,5,0,10,21,US Open,New York,Outdoor,Hard,2022-08-29,4.33,1.22,0
Korda S.,26,126,75,51,15,9,60,42,Bagnis F.,135,121,39,82,9,8,30,74,US Open,New York,Outdoor,Hard,2022-08-29,1.12,6.0,1
Zhang Zh.,53,44,20,24,1,2,19,22,Van Rijthoven T.,110,19,10,9,0,4,10,5,US Open,New York,Outdoor,Hard,2022-08-29,1.61,2.3,0
Bautista Agut R.,25,379,234,145,31,29,203,116,Wolf J.J.,45,75,39,36,8,6,31,30,US Open,New York,Outdoor,Hard,2022-08-29,1.25,4.0,0
Millman J.,140,256,113,143,21,22,92,121,Nava E.,242,13,2,11,0,0,2,11,US Open,New York,Outdoor,Hard,2022-08-29,1.33,3.4,0
Davidovich Fokina A.,39,168,84,84,17,20,67,64,Nishioka Y.,31,215,99,116,15,15,84,101,US Open,New York,Outdoor,Hard,2022-08-29,1.66,2.2,1
Paul T.,14,204,111,93,19,13,92,80,Zapata Miralles B.,54,80,32,48,1,6,31,42,US Open,New York,Outdoor,Hard,2022-08-29,1.12,6.0,1
Majchrzak K.,121,50,19,31,3,4,16,27,Tabilo A.,122,44,21,23,5,4,16,19,US Open,New York,Outdoor,Hard,2022-08-29,2.1,1.72,0
Murray A.,44,932,687,245,132,47,555,198,Cerundolo F.,21,104,58,46,3,7,55,39,US Open,New York,Outdoor,Hard,2022-08-29,1.66,2.2,1
Kozlov S.,108,35,9,26,0,2,9,24,Medvedev D.,3,406,289,117,69,27,220,90,US Open,New York,Outdoor,Hard,2022-08-29,29.0,1.005,0
Fucsovics M.,67,249,121,128,26,24,95,104,Cressy M.,96,96,42,54,10,11,32,43,US Open,New York,Outdoor,Hard,2022-08-29,3.2,1.36,1
Berrettini M.,38,217,142,75,14,11,128,64,Jarry N.,28,141,73,68,9,6,64,62,US Open,New York,Outdoor,Hard,2022-08-29,1.14,5.5,1
Rinderknech A.,67,96,46,50,16,12,30,38,Halys Q.,79,72,23,49,3,10,20,39,US Open,New York,Outdoor,Hard,2022-08-29,1.44,2.75,1
Ramos-Vinolas A.,82,437,204,233,17,31,187,202,Gombos N.,114,66,21,45,6,14,15,31,US Open,New York,Outdoor,Hard,2022-08-30,1.66,2.2,1
Marterer M.,144,91,31,60,2,8,29,52,Cilic M.,100,853,543,310,119,65,424,245,US Open,New York,Outdoor,Hard,2022-08-30,6.0,1.12,0
Martinez P.,135,118,50,68,7,6,43,62,Eubanks C.,29,64,28,36,1,3,27,33,US Open,New York,Outdoor,Hard,2022-08-30,2.1,1.72,0
Coric B.,15,343,185,158,28,28,157,130,Couacaud E.,158,9,2,7,0,1,2,6,US Open,New York,Outdoor,Hard,2022-08-30,1.12,6.0,1
Goffin D.,123,522,296,226,66,52,230,174,Musetti L.,18,143,79,64,12,12,67,52,US Open,New York,Outdoor,Hard,2022-08-30,1.8,2.0,0
Lajovic D.,66,378,163,215,21,36,142,179,Brooksby J.,39,79,46,33,6,5,40,28,US Open,New York,Outdoor,Hard,2022-08-30,5.5,1.14,0
Huesler M.A.,88,58,21,37,8,8,13,29,Shapovalov D.,29,298,166,132,30,27,136,105,US Open,New York,Outdoor,Hard,2022-08-30,4.0,1.25,0
Ivashka I.,113,159,78,81,19,18,59,63,Querrey S.,287,678,369,309,48,39,321,270,US Open,New York,Outdoor,Hard,2022-08-30,1.1,7.0,1
Otte O.,233,78,33,45,6,14,27,31,Hurkacz H.,17,238,137,101,27,24,110,77,US Open,New York,Outdoor,Hard,2022-08-30,5.5,1.14,0
Karatsev A.,75,136,66,70,10,22,56,48,Fognini F.,128,742,383,359,39,48,344,311,US Open,New York,Outdoor,Hard,2022-08-30,1.72,2.1,0
Tseng C.H.,145,9,1,8,0,0,1,8,Popyrin A.,90,140,59,81,9,13,50,68,US Open,New York,Outdoor,Hard,2022-08-30,1.72,2.1,0
Tiafoe F.,10,303,158,145,24,23,134,122,Giron M.,69,150,68,82,20,14,48,68,US Open,New York,Outdoor,Hard,2022-08-30,1.36,3.2,1
Griekspoor T.,37,97,47,50,7,14,40,36,Coria F.,108,99,43,56,2,6,41,50,US Open,New York,Outdoor,Hard,2022-08-30,1.1,7.0,0
Mannarino A.,27,567,264,303,60,73,204,230,Brouwer G.,144,21,11,10,3,2,8,8,US Open,New York,Outdoor,Hard,2022-08-30,1.28,3.75,0
Tien L.,1042,1,0,1,0,0,0,1,Kecmanovic M.,40,210,107,103,12,16,95,87,US Open,New York,Outdoor,Hard,2022-08-30,23.0,1.01,0
Altmaier D.,51,79,28,51,1,5,27,46,Sinner J.,8,224,153,71,42,19,111,52,US Open,New York,Outdoor,Hard,2022-08-30,15.0,1.03,0
Gojowczyk P.,108,172,75,97,17,18,58,79,Rune H.,6,131,83,48,28,9,55,39,US Open,New York,Outdoor,Hard,2022-08-30,3.75,1.28,0
Djere L.,38,243,120,123,10,22,110,101,Rublev A.,7,392,255,137,57,34,198,103,US Open,New York,Outdoor,Hard,2022-08-30,6.5,1.11,0
Bedene A.,347,291,131,160,18,23,113,137,Cachin P.,54,52,23,29,1,3,22,26,US Open,New York,Outdoor,Hard,2022-08-30,2.3,1.61,0
Galan D.E.,76,78,33,45,3,5,30,40,Tsitsipas S.,5,390,264,126,49,32,215,94,US Open,New York,Outdoor,Hard,2022-08-30,13.0,1.04,1
Bonzi B.,107,83,37,46,10,13,27,33,Humbert U.,36,170,80,90,23,21,57,69,US Open,New York,Outdoor,Hard,2022-08-30,1.72,2.1,1
Kyrgios N.,25,303,195,108,11,7,184,101,Kokkinakis T.,86,124,55,69,0,4,55,65,US Open,New York,Outdoor,Hard,2022-08-30,1.16,5.0,1
Kotov P.,89,25,10,15,1,4,9,11,Nakashima B.,70,106,57,49,6,5,51,44,US Open,New York,Outdoor,Hard,2022-08-30,3.75,1.28,0
Dimitrov G.,20,651,389,262,79,50,310,212,Johnson S.,197,395,196,199,16,23,180,176,US Open,New York,Outdoor,Hard,2022-08-30,1.5,2.62,1
Daniel T.,111,178,67,111,3,10,64,101,Gasquet R.,48,948,581,367,133,82,448,285,US Open,New York,Outdoor,Hard,2022-08-30,2.2,1.66,0
Sousa J.,147,436,189,247,42,44,147,203,Mcdonald M.,60,190,87,103,11,15,76,88,US Open,New York,Outdoor,Hard,2022-08-30,3.0,1.4,1
Alcaraz C.,1,164,130,34,10,5,120,29,Baez S.,72,95,47,48,6,6,41,42,US Open,New York,Outdoor,Hard,2022-08-30,1.03,15.0,1
Delbonis F.,131,340,152,188,19,23,133,165,Isner J.,114,755,465,290,53,45,412,245,US Open,New York,Outdoor,Hard,2022-08-30,6.5,1.11,0
Vesely J.,528,288,130,158,6,19,124,139,Evans D.,30,251,124,127,18,16,106,111,US Open,New York,Outdoor,Hard,2022-08-30,3.2,1.36,0
O Connell C.,74,65,26,39,0,0,26,39,Duckworth J.,123,143,55,88,10,9,45,79,US Open,New York,Outdoor,Hard,2022-08-30,1.57,2.37,0
Verdasco F.,244,962,537,425,79,79,458,346,Kwon S.W.,68,108,53,55,12,6,41,49,US Open,New York,Outdoor,Hard,2022-08-30,3.2,1.36,0
Paire B.,149,527,237,290,39,56,198,234,Norrie C.,13,287,172,115,15,18,157,97,US Open,New York,Outdoor,Hard,2022-08-30,11.0,1.05,0
Tabilo A.,122,44,21,23,5,4,16,19,Wolf J.J.,45,75,39,36,8,6,31,30,US Open,New York,Outdoor,Hard,2022-08-31,3.4,1.33,0
Wu Y.,90,36,15,21,5,0,10,21,Borges N.,69,28,10,18,1,1,9,17,US Open,New York,Outdoor,Hard,2022-08-31,1.33,3.4,1
Kyrgios N.,25,303,195,108,11,7,184,101,Bonzi B.,107,83,37,46,10,13,27,33,US Open,New York,Outdoor,Hard,2022-08-31,1.12,6.0,1
Paul T.,14,204,111,93,19,13,92,80,Korda S.,26,126,75,51,15,9,60,42,US Open,New York,Outdoor,Hard,2022-08-31,2.0,1.8,1
Davidovich Fokina A.,39,168,84,84,17,20,67,64,Fucsovics M.,67,249,121,128,26,24,95,104,US Open,New York,Outdoor,Hard,2022-08-31,1.44,2.75,1
Ruud C.,4,275,176,99,19,16,157,83,Van Rijthoven T.,110,19,10,9,0,4,10,5,US Open,New York,Outdoor,Hard,2022-08-31,1.12,6.0,1
Galan D.E.,76,78,33,45,3,5,30,40,Thompson J.,71,221,96,125,10,10,86,115,US Open,New York,Outdoor,Hard,2022-08-31,1.72,2.1,1
Grenier H.,122,16,5,11,1,2,4,9,Berrettini M.,38,217,142,75,14,11,128,64,US Open,New York,Outdoor,Hard,2022-08-31,6.0,1.12,0
Carreno Busta P.,16,352,214,138,33,25,181,113,Bublik A.,25,219,110,109,39,30,71,79,US Open,New York,Outdoor,Hard,2022-08-31,1.28,3.75,1
De Minaur A.,19,272,161,111,30,19,131,92,Garin C.,101,190,103,87,15,13,88,74,US Open,New York,Outdoor,Hard,2022-08-31,1.12,6.0,1
Cachin P.,54,52,23,29,1,3,22,26,Holt B.,193,7,2,5,0,1,2,4,US Open,New York,Outdoor,Hard,2022-08-31,2.5,1.53,1
Van De Zandschulp B.,44,117,63,54,11,11,52,43,Moutet C.,80,118,50,68,5,11,45,57,US Open,New York,Outdoor,Hard,2022-08-31,1.44,2.75,0
Kubler J.,77,53,24,29,0,1,24,28,Ymer M.,59,130,58,72,18,23,40,49,US Open,New York,Outdoor,Hard,2022-08-31,2.2,1.66,1
Munar J.,104,178,75,103,7,12,68,91,Carballes Baena R.,64,207,91,116,11,10,80,106,US Open,New York,Outdoor,Hard,2022-08-31,1.2,4.5,0
Sock J.,166,324,177,147,38,24,139,123,Schwartzman D.,95,428,233,195,32,27,201,168,US Open,New York,Outdoor,Hard,2022-08-31,2.75,1.44,0
Hijikata R.,110,16,7,9,0,0,7,9,Nadal R.,2,1223,1017,206,76,40,941,166,US Open,New York,Outdoor,Hard,2022-08-31,26.0,1.01,0
Nava E.,242,13,2,11,0,0,2,11,Murray A.,44,932,687,245,132,47,555,198,US Open,New York,Outdoor,Hard,2022-08-31,4.5,1.2,0
Sousa J.,147,436,189,247,42,44,147,203,Norrie C.,13,287,172,115,15,18,157,97,US Open,New York,Outdoor,Hard,2022-09-01,11.0,1.05,0
Carballes Baena R.,64,207,91,116,11,10,80,106,Shapovalov D.,29,298,166,132,30,27,136,105,US Open,New York,Outdoor,Hard,2022-09-01,5.0,1.16,0
Gasquet R.,48,948,581,367,133,82,448,285,Kecmanovic M.,40,210,107,103,12,16,95,87,US Open,New York,Outdoor,Hard,2022-09-01,3.0,1.4,1
Schwartzman D.,95,428,233,195,32,27,201,168,Popyrin A.,90,140,59,81,9,13,50,68,US Open,New York,Outdoor,Hard,2022-09-01,1.28,3.75,1
Nakashima B.,70,106,57,49,6,5,51,44,Dimitrov G.,20,651,389,262,79,50,310,212,US Open,New York,Outdoor,Hard,2022-09-01,2.2,1.66,1
Kwon S.W.,68,108,53,55,12,6,41,49,Rublev A.,7,392,255,137,57,34,198,103,US Open,New York,Outdoor,Hard,2022-09-01,5.0,1.16,0
Brouwer G.,144,21,11,10,3,2,8,8,Musetti L.,18,143,79,64,12,12,67,52,US Open,New York,Outdoor,Hard,2022-09-01,2.75,1.44,0
Alcaraz C.,1,164,130,34,10,5,120,29,Coria F.,108,99,43,56,2,6,41,50,US Open,New York,Outdoor,Hard,2022-09-01,1.02,19.0,1
Auger-Aliassime F.,12,268,163,105,48,22,115,83,Draper J.,55,51,29,22,2,3,27,19,US Open,New York,Outdoor,Hard,2022-09-01,1.4,3.0,0
Brooksby J.,39,79,46,33,6,5,40,28,Coric B.,15,343,185,158,28,28,157,130,US Open,New York,Outdoor,Hard,2022-09-01,1.9,1.9,1
Evans D.,30,251,124,127,18,16,106,111,Duckworth J.,123,143,55,88,10,9,45,79,US Open,New York,Outdoor,Hard,2022-09-01,1.25,4.0,1
Ramos-Vinolas A.,82,437,204,233,17,31,187,202,Cilic M.,100,853,543,310,119,65,424,245,US Open,New York,Outdoor,Hard,2022-09-01,4.5,1.2,0
Rune H.,6,131,83,48,28,9,55,39,Isner J.,114,755,465,290,53,45,412,245,US Open,New York,Outdoor,Hard,2022-09-01,,,1
Rinderknech A.,67,96,46,50,16,12,30,38,Medvedev D.,3,406,289,117,69,27,220,90,US Open,New York,Outdoor,Hard,2022-09-01,21.0,1.01,0
Eubanks C.,29,64,28,36,1,3,27,33,Sinner J.,8,224,153,71,42,19,111,52,US Open,New York,Outdoor,Hard,2022-09-01,8.0,1.08,0
Monteiro T.,121,171,69,102,9,11,60,91,Khachanov K.,11,378,217,161,44,38,173,123,US Open,New York,Outdoor,Hard,2022-09-01,4.0,1.25,0
De Minaur A.,19,272,161,111,30,19,131,92,Carreno Busta P.,16,352,214,138,33,25,181,113,US Open,New York,Outdoor,Hard,2022-09-02,2.1,1.72,0
Cachin P.,54,52,23,29,1,3,22,26,Moutet C.,80,118,50,68,5,11,45,57,US Open,New York,Outdoor,Hard,2022-09-02,3.4,1.33,0
Khachanov K.,11,378,217,161,44,38,173,123,Draper J.,55,51,29,22,2,3,27,19,US Open,New York,Outdoor,Hard,2022-09-02,2.2,1.66,1
Berrettini M.,38,217,142,75,14,11,128,64,Murray A.,44,932,687,245,132,47,555,198,US Open,New York,Outdoor,Hard,2022-09-02,1.44,2.75,1
Paul T.,14,204,111,93,19,13,92,80,Ruud C.,4,275,176,99,19,16,157,83,US Open,New York,Outdoor,Hard,2022-09-02,2.37,1.57,0
Nadal R.,2,1223,1017,206,76,40,941,166,Fognini F.,128,742,383,359,39,48,344,311,US Open,New York,Outdoor,Hard,2022-09-02,1.08,8.0,1
Kubler J.,77,53,24,29,0,1,24,28,Tiafoe F.,10,303,158,145,24,23,134,122,US Open,New York,Outdoor,Hard,2022-09-02,3.4,1.33,0
Hurkacz H.,17,238,137,101,27,24,110,77,Ivashka I.,113,159,78,81,19,18,59,63,US Open,New York,Outdoor,Hard,2022-09-02,1.3,3.5,0
Galan D.E.,76,78,33,45,3,5,30,40,Davidovich Fokina A.,39,168,84,84,17,20,67,64,US Open,New York,Outdoor,Hard,2022-09-02,3.0,1.4,0
Wolf J.J.,45,75,39,36,8,6,31,30,Kyrgios N.,25,303,195,108,11,7,184,101,US Open,New York,Outdoor,Hard,2022-09-03,6.0,1.12,0
Medvedev D.,3,406,289,117,69,27,220,90,Wu Y.,90,36,15,21,5,0,10,21,US Open,New York,Outdoor,Hard,2022-09-03,1.04,13.0,1
Norrie C.,13,287,172,115,15,18,157,97,Rune H.,6,131,83,48,28,9,55,39,US Open,New York,Outdoor,Hard,2022-09-03,1.28,3.75,1
Shapovalov D.,29,298,166,132,30,27,136,105,Rublev A.,7,392,255,137,57,34,198,103,US Open,New York,Outdoor,Hard,2022-09-03,2.5,1.53,0
Brooksby J.,39,79,46,33,6,5,40,28,Alcaraz C.,1,164,130,34,10,5,120,29,US Open,New York,Outdoor,Hard,2022-09-03,4.0,1.25,0
Schwartzman D.,95,428,233,195,32,27,201,168,Tiafoe F.,10,303,158,145,24,23,134,122,US Open,New York,Outdoor,Hard,2022-09-03,2.75,1.44,0
Ivashka I.,113,159,78,81,19,18,59,63,Musetti L.,18,143,79,64,12,12,67,52,US Open,New York,Outdoor,Hard,2022-09-03,1.5,2.62,1
Cilic M.,100,853,543,310,119,65,424,245,Evans D.,30,251,124,127,18,16,106,111,US Open,New York,Outdoor,Hard,2022-09-03,1.57,2.37,1
Ruud C.,4,275,176,99,19,16,157,83,Moutet C.,80,118,50,68,5,11,45,57,US Open,New York,Outdoor,Hard,2022-09-04,1.16,5.0,1
Davidovich Fokina A.,39,168,84,84,17,20,67,64,Berrettini M.,38,217,142,75,14,11,128,64,US Open,New York,Outdoor,Hard,2022-09-04,3.4,1.33,0
Carreno Busta P.,16,352,214,138,33,25,181,113,Khachanov K.,11,378,217,161,44,38,173,123,US Open,New York,Outdoor,Hard,2022-09-04,1.44,2.75,0
Nadal R.,2,1223,1017,206,76,40,941,166,Gasquet R.,48,948,581,367,133,82,448,285,US Open,New York,Outdoor,Hard,2022-09-04,1.06,10.0,1
Sinner J.,8,224,153,71,42,19,111,52,Nakashima B.,70,106,57,49,6,5,51,44,US Open,New York,Outdoor,Hard,2022-09-04,1.36,3.2,1
Medvedev D.,3,406,289,117,69,27,220,90,Kyrgios N.,25,303,195,108,11,7,184,101,US Open,New York,Outdoor,Hard,2022-09-05,1.53,2.5,0
Rublev A.,7,392,255,137,57,34,198,103,Norrie C.,13,287,172,115,15,18,157,97,US Open,New York,Outdoor,Hard,2022-09-05,2.3,1.61,1
Tiafoe F.,10,303,158,145,24,23,134,122,Nadal R.,2,1223,1017,206,76,40,941,166,US Open,New York,Outdoor,Hard,2022-09-05,4.5,1.2,1
Ivashka I.,113,159,78,81,19,18,59,63,Sinner J.,8,224,153,71,42,19,111,52,US Open,New York,Outdoor,Hard,2022-09-06,4.33,1.22,0
Cilic M.,100,853,543,310,119,65,424,245,Alcaraz C.,1,164,130,34,10,5,120,29,US Open,New York,Outdoor,Hard,2022-09-06,4.5,1.2,0
Ruud C.,4,275,176,99,19,16,157,83,Berrettini M.,38,217,142,75,14,11,128,64,US Open,New York,Outdoor,Hard,2022-09-06,2.0,1.8,1
Khachanov K.,11,378,217,161,44,38,173,123,Kyrgios N.,25,303,195,108,11,7,184,101,US Open,New York,Outdoor,Hard,2022-09-07,4.5,1.2,1
Rublev A.,7,392,255,137,57,34,198,103,Tiafoe F.,10,303,158,145,24,23,134,122,US Open,New York,Outdoor,Hard,2022-09-07,1.8,2.0,0
Alcaraz C.,1,164,130,34,10,5,120,29,Sinner J.,8,224,153,71,42,19,111,52,US Open,New York,Outdoor,Hard,2022-09-08,1.61,2.3,1
Khachanov K.,11,378,217,161,44,38,173,123,Ruud C.,4,275,176,99,19,16,157,83,US Open,New York,Outdoor,Hard,2022-09-09,2.75,1.44,0
Tiafoe F.,10,303,158,145,24,23,134,122,Alcaraz C.,1,164,130,34,10,5,120,29,US Open,New York,Outdoor,Hard,2022-09-10,2.62,1.5,0
Ruud C.,4,275,176,99,19,16,157,83,Alcaraz C.,1,164,130,34,10,5,120,29,US Open,New York,Outdoor,Hard,2022-09-11,2.8,1.45,0
Karatsev A.,75,136,66,70,10,22,56,48,Sonego L.,43,221,107,114,19,17,88,97,Open de Moselle,Metz,Indoor,Hard,2022-09-19,1.72,2.1,0
Mena F.,151,1,0,1,0,0,0,1,Etcheverry T.,34,60,26,34,5,3,21,31,San Diego Open,San Diego,Outdoor,Hard,2022-09-19,2.1,1.72,0
Gaston H.,109,58,24,34,5,9,19,25,Korda S.,26,126,75,51,15,9,60,42,Open de Moselle,Metz,Indoor,Hard,2022-09-19,3.75,1.28,0
Duckworth J.,123,143,55,88,10,9,45,79,Popyrin A.,90,140,59,81,9,13,50,68,San Diego Open,San Diego,Outdoor,Hard,2022-09-19,1.8,2.0,1
Ruusuvuori E.,55,158,79,79,16,18,63,61,Lehecka J.,33,61,30,31,4,4,26,27,Open de Moselle,Metz,Indoor,Hard,2022-09-20,1.36,3.2,1
Bergs Z.,175,15,4,11,1,5,3,6,Basilashvili N.,118,301,138,163,26,34,112,129,Open de Moselle,Metz,Indoor,Hard,2022-09-20,1.44,2.75,0
Munar J.,104,178,75,103,7,12,68,91,Rinderknech A.,67,96,46,50,16,12,30,38,Open de Moselle,Metz,Indoor,Hard,2022-09-20,2.5,1.53,0
Simon G.,188,869,491,378,135,94,356,284,Goffin D.,123,522,296,226,66,52,230,174,Open de Moselle,Metz,Indoor,Hard,2022-09-20,3.75,1.28,1
Daniel T.,111,178,67,111,3,10,64,101,Nava E.,242,13,2,11,0,0,2,11,San Diego Open,San Diego,Outdoor,Hard,2022-09-20,1.66,2.2,1
Eubanks C.,29,64,28,36,1,3,27,33,Krueger M.,228,24,7,17,0,1,7,16,San Diego Open,San Diego,Outdoor,Hard,2022-09-20,1.33,3.4,0
Lestienne C.,109,40,13,27,6,9,7,18,Holt B.,193,7,2,5,0,1,2,4,San Diego Open,San Diego,Outdoor,Hard,2022-09-20,1.61,2.3,1
Wolf J.J.,45,75,39,36,8,6,31,30,Kozlov S.,108,35,9,26,0,2,9,24,San Diego Open,San Diego,Outdoor,Hard,2022-09-20,1.16,5.0,1
O Connell C.,74,65,26,39,0,0,26,39,Kubler J.,77,53,24,29,0,1,24,28,San Diego Open,San Diego,Outdoor,Hard,2022-09-21,2.1,1.72,1
Laaksonen H.,125,101,37,64,7,16,30,48,Mcdonald M.,60,190,87,103,11,15,76,88,San Diego Open,San Diego,Outdoor,Hard,2022-09-21,4.5,1.2,0
Huesler M.A.,88,58,21,37,8,8,13,29,Galan D.E.,76,78,33,45,3,5,30,40,San Diego Open,San Diego,Outdoor,Hard,2022-09-21,1.9,1.9,0
Nakashima B.,70,106,57,49,6,5,51,44,Svajda Z.,233,8,2,6,0,1,2,5,San Diego Open,San Diego,Outdoor,Hard,2022-09-21,1.12,6.0,1
Kudla D.,137,198,70,128,5,14,65,114,Verdasco F.,244,962,537,425,79,79,458,346,San Diego Open,San Diego,Outdoor,Hard,2022-09-21,1.53,2.5,1
Mannarino A.,27,567,264,303,60,73,204,230,Ymer M.,59,130,58,72,18,23,40,49,Open de Moselle,Metz,Indoor,Hard,2022-09-21,1.61,2.3,0
Sousa J.,147,436,189,247,42,44,147,203,Wawrinka S.,72,854,535,319,84,69,451,250,Open de Moselle,Metz,Indoor,Hard,2022-09-21,2.37,1.57,0
Bublik A.,25,219,110,109,39,30,71,79,Furness E.,208,1,0,1,0,1,0,0,Open de Moselle,Metz,Indoor,Hard,2022-09-21,1.16,5.0,1
Bonzi B.,107,83,37,46,10,13,27,33,Humbert U.,36,170,80,90,23,21,57,69,Open de Moselle,Metz,Indoor,Hard,2022-09-21,1.9,1.9,1
Otte O.,233,78,33,45,6,14,27,31,Barrere G.,59,79,31,48,11,16,20,32,Open de Moselle,Metz,Indoor,Hard,2022-09-21,1.9,1.9,0
Gasquet R.,48,948,581,367,133,82,448,285,Thiem D.,116,517,327,190,53,39,274,151,Open de Moselle,Metz,Indoor,Hard,2022-09-21,1.8,2.0,0
Korda S.,26,126,75,51,15,9,60,42,Musetti L.,18,143,79,64,12,12,67,52,Open de Moselle,Metz,Indoor,Hard,2022-09-21,1.5,2.62,1
Medvedev D.,3,406,289,117,69,27,220,90,Wawrinka S.,72,854,535,319,84,69,451,250,Open de Moselle,Metz,Indoor,Hard,2022-09-22,1.12,6.0,0
Johnson S.,197,395,196,199,16,23,180,176,Tabilo A.,122,44,21,23,5,4,16,19,San Diego Open,San Diego,Outdoor,Hard,2022-09-22,1.61,2.3,0
Galan D.E.,76,78,33,45,3,5,30,40,Martinez P.,135,118,50,68,7,6,43,62,San Diego Open,San Diego,Outdoor,Hard,2022-09-22,1.44,2.75,1
Rinderknech A.,67,96,46,50,16,12,30,38,Basilashvili N.,118,301,138,163,26,34,112,129,Open de Moselle,Metz,Indoor,Hard,2022-09-22,1.36,3.2,1
Duckworth J.,123,143,55,88,10,9,45,79,Krueger M.,228,24,7,17,0,1,7,16,San Diego Open,San Diego,Outdoor,Hard,2022-09-22,1.4,3.0,1
Bublik A.,25,219,110,109,39,30,71,79,Ruusuvuori E.,55,158,79,79,16,18,63,61,Open de Moselle,Metz,Indoor,Hard,2022-09-22,2.2,1.66,1
Ymer M.,59,130,58,72,18,23,40,49,Barrere G.,59,79,31,48,11,16,20,32,Open de Moselle,Metz,Indoor,Hard,2022-09-22,1.44,2.75,1
O Connell C.,74,65,26,39,0,0,26,39,Wolf J.J.,45,75,39,36,8,6,31,30,San Diego Open,San Diego,Outdoor,Hard,2022-09-22,2.5,1.53,1
Brooksby J.,39,79,46,33,6,5,40,28,Mcdonald M.,60,190,87,103,11,15,76,88,San Diego Open,San Diego,Outdoor,Hard,2022-09-22,1.4,3.0,1
Tabilo A.,122,44,21,23,5,4,16,19,Lestienne C.,109,40,13,27,6,9,7,18,San Diego Open,San Diego,Outdoor,Hard,2022-09-22,1.66,2.2,0
Thiem D.,116,517,327,190,53,39,274,151,Hurkacz H.,17,238,137,101,27,24,110,77,Open de Moselle,Metz,Indoor,Hard,2022-09-22,3.0,1.4,0
Rune H.,6,131,83,48,28,9,55,39,Bonzi B.,107,83,37,46,10,13,27,33,Open de Moselle,Metz,Indoor,Hard,2022-09-22,2.37,1.57,1
Simon G.,188,869,491,378,135,94,356,284,Sonego L.,43,221,107,114,19,17,88,97,Open de Moselle,Metz,Indoor,Hard,2022-09-22,3.0,1.4,0
Giron M.,69,150,68,82,20,14,48,68,Etcheverry T.,34,60,26,34,5,3,21,31,San Diego Open,San Diego,Outdoor,Hard,2022-09-22,1.3,3.5,1
Daniel T.,111,178,67,111,3,10,64,101,Evans D.,30,251,124,127,18,16,106,111,San Diego Open,San Diego,Outdoor,Hard,2022-09-23,3.0,1.4,0
Duckworth J.,123,143,55,88,10,9,45,79,Giron M.,69,150,68,82,20,14,48,68,San Diego Open,San Diego,Outdoor,Hard,2022-09-23,2.5,1.53,0
Lestienne C.,109,40,13,27,6,9,7,18,Evans D.,30,251,124,127,18,16,106,111,San Diego Open,San Diego,Outdoor,Hard,2022-09-23,3.0,1.4,0
Kudla D.,137,198,70,128,5,14,65,114,Nakashima B.,70,106,57,49,6,5,51,44,San Diego Open,San Diego,Outdoor,Hard,2022-09-23,3.75,1.28,0
Bublik A.,25,219,110,109,39,30,71,79,Rune H.,6,131,83,48,28,9,55,39,Open de Moselle,Metz,Indoor,Hard,2022-09-23,1.9,1.9,1
Sonego L.,43,221,107,114,19,17,88,97,Korda S.,26,126,75,51,15,9,60,42,Open de Moselle,Metz,Indoor,Hard,2022-09-23,2.75,1.44,1
Wawrinka S.,72,854,535,319,84,69,451,250,Ymer M.,59,130,58,72,18,23,40,49,Open de Moselle,Metz,Indoor,Hard,2022-09-23,2.0,1.8,1
Hurkacz H.,17,238,137,101,27,24,110,77,Rinderknech A.,67,96,46,50,16,12,30,38,Open de Moselle,Metz,Indoor,Hard,2022-09-23,1.22,4.33,1
Bublik A.,25,219,110,109,39,30,71,79,Wawrinka S.,72,854,535,319,84,69,451,250,Open de Moselle,Metz,Indoor,Hard,2022-09-24,1.66,2.2,1
Hurkacz H.,17,238,137,101,27,24,110,77,Sonego L.,43,221,107,114,19,17,88,97,Open de Moselle,Metz,Indoor,Hard,2022-09-24,1.3,3.5,0
Brooksby J.,39,79,46,33,6,5,40,28,O Connell C.,74,65,26,39,0,0,26,39,San Diego Open,San Diego,Outdoor,Hard,2022-09-24,1.3,3.5,0
Nakashima B.,70,106,57,49,6,5,51,44,Galan D.E.,76,78,33,45,3,5,30,40,San Diego Open,San Diego,Outdoor,Hard,2022-09-24,1.3,3.5,1
Evans D.,30,251,124,127,18,16,106,111,Giron M.,69,150,68,82,20,14,48,68,San Diego Open,San Diego,Outdoor,Hard,2022-09-24,1.5,2.62,0
Sonego L.,43,221,107,114,19,17,88,97,Bublik A.,25,219,110,109,39,30,71,79,Open de Moselle,Metz,Indoor,Hard,2022-09-25,1.9,1.9,1
Nakashima B.,70,106,57,49,6,5,51,44,O Connell C.,74,65,26,39,0,0,26,39,San Diego Open,San Diego,Outdoor,Hard,2022-09-25,1.36,3.2,1
Majchrzak K.,121,50,19,31,3,4,16,27,Berankis R.,212,249,104,145,36,31,68,114,Sofia Open,Sofia,Indoor,Hard,2022-09-26,2.2,1.66,1
Lazarov A.,301,6,1,5,1,4,0,1,Lehecka J.,33,61,30,31,4,4,26,27,Sofia Open,Sofia,Indoor,Hard,2022-09-26,3.75,1.28,1
Ivashka I.,113,159,78,81,19,18,59,63,Ymer M.,59,130,58,72,18,23,40,49,Sofia Open,Sofia,Indoor,Hard,2022-09-26,1.72,2.1,1
Djere L.,38,243,120,123,10,22,110,101,Thiem D.,116,517,327,190,53,39,274,151,Tel Aviv Open,Tel Aviv,Indoor,Hard,2022-09-26,2.75,1.44,0
Grenier H.,122,16,5,11,1,2,4,9,Safiullin R.,92,42,20,22,7,7,13,15,Tel Aviv Open,Tel Aviv,Indoor,Hard,2022-09-26,1.8,2.0,0
Albot R.,97,215,86,129,26,26,60,103,Moriya H.,253,14,3,11,1,2,2,9,Korea Open,Seoul,Outdoor,Hard,2022-09-26,,,1
Giron M.,69,150,68,82,20,14,48,68,Nakashima B.,70,106,57,49,6,5,51,44,San Diego Open,San Diego,Outdoor,Hard,2022-09-26,2.75,1.4,0
Watanuki Y.,99,25,11,14,0,0,11,14,Munar J.,104,178,75,103,7,12,68,91,Korea Open,Seoul,Outdoor,Hard,2022-09-26,2.75,1.44,0
Hong S.,471,1,0,1,0,0,0,1,Uchida K.,155,4,1,3,0,0,1,3,Korea Open,Seoul,Outdoor,Hard,2022-09-26,2.3,1.61,0
Kecmanovic M.,40,210,107,103,12,16,95,87,Kovacevic A.,129,14,6,8,0,0,6,8,Korea Open,Seoul,Outdoor,Hard,2022-09-26,1.12,6.0,0
Borges N.,69,28,10,18,1,1,9,17,Basic M.,292,50,22,28,12,7,10,21,Sofia Open,Sofia,Indoor,Hard,2022-09-27,1.33,3.4,1
Otte O.,233,78,33,45,6,14,27,31,Madaras D.,191,2,0,2,0,1,0,1,Sofia Open,Sofia,Indoor,Hard,2022-09-27,,,1
Rune H.,6,131,83,48,28,9,55,39,Van Rijthoven T.,110,19,10,9,0,4,10,5,Sofia Open,Sofia,Indoor,Hard,2022-09-27,1.44,2.75,1
Vukic A.,62,36,15,21,2,1,13,20,Fognini F.,128,742,383,359,39,48,344,311,Sofia Open,Sofia,Indoor,Hard,2022-09-27,2.62,1.5,1
Sousa J.,147,436,189,247,42,44,147,203,Van De Zandschulp B.,44,117,63,54,11,11,52,43,Tel Aviv Open,Tel Aviv,Indoor,Hard,2022-09-27,3.5,1.3,0
Broady L.,125,47,18,29,5,3,13,26,Medjedovic H.,147,11,3,8,0,1,3,7,Tel Aviv Open,Tel Aviv,Indoor,Hard,2022-09-27,1.33,3.4,1
Etcheverry T.,34,60,26,34,5,3,21,31,Karatsev A.,75,136,66,70,10,22,56,48,Tel Aviv Open,Tel Aviv,Indoor,Hard,2022-09-27,3.5,1.3,1
Copil M.,350,128,47,81,19,19,28,62,Rinderknech A.,67,96,46,50,16,12,30,38,Tel Aviv Open,Tel Aviv,Indoor,Hard,2022-09-27,3.4,1.33,0
Wolf J.J.,45,75,39,36,8,6,31,30,Ruusuvuori E.,55,158,79,79,16,18,63,61,Tel Aviv Open,Tel Aviv,Indoor,Hard,2022-09-27,2.62,1.5,0
Ilkel C.,382,17,1,16,0,4,1,12,Korda S.,26,126,75,51,15,9,60,42,Tel Aviv Open,Tel Aviv,Indoor,Hard,2022-09-27,5.5,1.14,0
Kuzmanov D.,207,12,4,8,2,8,2,0,Humbert U.,36,170,80,90,23,21,57,69,Sofia Open,Sofia,Indoor,Hard,2022-09-27,4.0,1.25,0
Pospisil V.,99,280,122,158,39,34,83,124,Griekspoor T.,37,97,47,50,7,14,40,36,Tel Aviv Open,Tel Aviv,Indoor,Hard,2022-09-27,2.75,1.44,1
Jarry N.,28,141,73,68,9,6,64,62,Peniston R.,268,13,6,7,0,0,6,7,Korea Open,Seoul,Outdoor,Hard,2022-09-27,1.5,2.62,1
Tseng C. H.,108,8,2,6,0,1,2,5,O Connell C.,74,65,26,39,0,0,26,39,Korea Open,Seoul,Outdoor,Hard,2022-09-27,2.5,1.53,1
Nam J.S.,590,3,0,3,0,0,0,3,Johnson S.,197,395,196,199,16,23,180,176,Korea Open,Seoul,Outdoor,Hard,2022-09-27,5.0,1.16,0
Martinez P.,135,118,50,68,7,6,43,62,Mcdonald M.,60,190,87,103,11,15,76,88,Korea Open,Seoul,Outdoor,Hard,2022-09-27,2.75,1.44,0
Kwon S.W.,68,108,53,55,12,6,41,49,Chung Y.,322,2,0,2,0,0,0,2,Korea Open,Seoul,Outdoor,Hard,2022-09-27,1.16,5.0,1
Nishioka Y.,31,215,99,116,15,15,84,101,Evans D.,30,251,124,127,18,16,106,111,Korea Open,Seoul,Outdoor,Hard,2022-09-27,2.0,1.8,1
Oliel Y.,383,2,0,2,0,2,0,0,Leshem E.,446,3,1,2,1,1,0,1,Tel Aviv Open,Tel Aviv,Indoor,Hard,2022-09-27,2.1,1.72,0
Wu T.L.,175,6,1,5,0,0,1,5,Brooksby J.,39,79,46,33,6,5,40,28,Korea Open,Seoul,Outdoor,Hard,2022-09-27,5.5,1.14,0
Lazarov A.,301,6,1,5,1,4,0,1,Musetti L.,18,143,79,64,12,12,67,52,Sofia Open,Sofia,Indoor,Hard,2022-09-28,4.0,1.25,0
Dimitrov G.,20,651,389,262,79,50,310,212,Ivashka I.,113,159,78,81,19,18,59,63,Sofia Open,Sofia,Indoor,Hard,2022-09-28,1.8,2.0,0
Verdasco F.,244,962,537,425,79,79,458,346,Basilashvili N.,118,301,138,163,26,34,112,129,Sofia Open,Sofia,Indoor,Hard,2022-09-28,2.2,1.66,1
Lajovic D.,66,378,163,215,21,36,142,179,Struff J.L.,21,369,170,199,43,42,127,157,Sofia Open,Sofia,Indoor,Hard,2022-09-28,2.75,1.44,0
Huesler M.A.,88,58,21,37,8,8,13,29,Blancaneaux G.,152,6,0,6,0,4,0,2,Sofia Open,Sofia,Indoor,Hard,2022-09-28,1.5,2.62,1
Zapata Miralles B.,54,80,32,48,1,6,31,42,Sonego L.,43,221,107,114,19,17,88,97,Sofia Open,Sofia,Indoor,Hard,2022-09-28,3.4,1.33,0
Andujar P.,323,404,164,240,12,30,152,210,Monteiro T.,121,171,69,102,9,11,60,91,Tel Aviv Open,Tel Aviv,Indoor,Hard,2022-09-28,2.75,1.44,1
Munar J.,104,178,75,103,7,12,68,91,Shapovalov D.,29,298,166,132,30,27,136,105,Korea Open,Seoul,Outdoor,Hard,2022-09-28,3.5,1.3,0
Albot R.,97,215,86,129,26,26,60,103,Johnson S.,197,395,196,199,16,23,180,176,Korea Open,Seoul,Outdoor,Hard,2022-09-28,1.66,2.2,1
Cilic M.,100,853,543,310,119,65,424,245,Thiem D.,116,517,327,190,53,39,274,151,Tel Aviv Open,Tel Aviv,Indoor,Hard,2022-09-28,1.53,2.5,1
Korda S.,26,126,75,51,15,9,60,42,Cressy M.,96,96,42,54,10,11,32,43,Tel Aviv Open,Tel Aviv,Indoor,Hard,2022-09-28,1.53,2.5,0
Safiullin R.,92,42,20,22,7,7,13,15,Etcheverry T.,34,60,26,34,5,3,21,31,Tel Aviv Open,Tel Aviv,Indoor,Hard,2022-09-28,1.33,3.4,1
Mannarino A.,27,567,264,303,60,73,204,230,Lestienne C.,109,40,13,27,6,9,7,18,Tel Aviv Open,Tel Aviv,Indoor,Hard,2022-09-28,1.57,2.37,0
Daniel T.,111,178,67,111,3,10,64,101,Gomez E.,155,26,7,19,2,2,5,17,Korea Open,Seoul,Outdoor,Hard,2022-09-28,1.28,3.75,1
Lestienne C.,109,40,13,27,6,9,7,18,Ruusuvuori E.,55,158,79,79,16,18,63,61,Tel Aviv Open,Tel Aviv,Indoor,Hard,2022-09-29,3.0,1.4,1
Van De Zandschulp B.,44,117,63,54,11,11,52,43,Broady L.,125,47,18,29,5,3,13,26,Tel Aviv Open,Tel Aviv,Indoor,Hard,2022-09-29,1.22,4.33,0
Djokovic N.,2,1207,1012,195,146,42,866,153,Andujar P.,323,404,164,240,12,30,152,210,Tel Aviv Open,Tel Aviv,Indoor,Hard,2022-09-29,1.03,15.0,1
Daniel T.,111,178,67,111,3,10,64,101,Nishioka Y.,31,215,99,116,15,15,84,101,Korea Open,Seoul,Outdoor,Hard,2022-09-29,2.3,1.61,0
Pospisil V.,99,280,122,158,39,34,83,124,Leshem E.,446,3,1,2,1,1,0,1,Tel Aviv Open,Tel Aviv,Indoor,Hard,2022-09-29,1.33,3.4,1
Rinderknech A.,67,96,46,50,16,12,30,38,Schwartzman D.,95,428,233,195,32,27,201,168,Tel Aviv Open,Tel Aviv,Indoor,Hard,2022-09-29,2.1,1.72,1
Uchida K.,155,4,1,3,0,0,1,3,Norrie C.,13,287,172,115,15,18,157,97,Korea Open,Seoul,Outdoor,Hard,2022-09-29,8.0,1.08,0
Brooksby J.,39,79,46,33,6,5,40,28,Kwon S.W.,68,108,53,55,12,6,41,49,Korea Open,Seoul,Outdoor,Hard,2022-09-29,1.5,2.62,1
Kovacevic A.,129,14,6,8,0,0,6,8,Tseng C. H.,108,8,2,6,0,1,2,5,Korea Open,Seoul,Outdoor,Hard,2022-09-29,2.3,1.61,1
Mcdonald M.,60,190,87,103,11,15,76,88,Mochizuki S.,200,8,0,8,0,1,0,7,Korea Open,Seoul,Outdoor,Hard,2022-09-29,1.07,9.0,1
Sinner J.,8,224,153,71,42,19,111,52,Borges N.,69,28,10,18,1,1,9,17,Sofia Open,Sofia,Indoor,Hard,2022-09-29,1.07,9.0,1
Carreno Busta P.,16,352,214,138,33,25,181,113,Huesler M.A.,88,58,21,37,8,8,13,29,Sofia Open,Sofia,Indoor,Hard,2022-09-29,1.28,3.75,0
Sonego L.,43,221,107,114,19,17,88,97,Rune H.,6,131,83,48,28,9,55,39,Sofia Open,Sofia,Indoor,Hard,2022-09-29,1.72,2.1,0
Majchrzak K.,121,50,19,31,3,4,16,27,Otte O.,233,78,33,45,6,14,27,31,Sofia Open,Sofia,Indoor,Hard,2022-09-29,2.37,1.57,1
Humbert U.,36,170,80,90,23,21,57,69,Struff J.L.,21,369,170,199,43,42,127,157,Sofia Open,Sofia,Indoor,Hard,2022-09-29,1.61,2.3,0
Ruud C.,4,275,176,99,19,16,157,83,Jarry N.,28,141,73,68,9,6,64,62,Korea Open,Seoul,Outdoor,Hard,2022-09-29,1.16,5.0,1
Verdasco F.,244,962,537,425,79,79,458,346,Vukic A.,62,36,15,21,2,1,13,20,Sofia Open,Sofia,Indoor,Hard,2022-09-29,2.3,1.61,0
Albot R.,97,215,86,129,26,26,60,103,Shapovalov D.,29,298,166,132,30,27,136,105,Korea Open,Seoul,Outdoor,Hard,2022-09-30,3.75,1.28,0
Norrie C.,13,287,172,115,15,18,157,97,Brooksby J.,39,79,46,33,6,5,40,28,Korea Open,Seoul,Outdoor,Hard,2022-09-30,1.44,2.75,0
Huesler M.A.,88,58,21,37,8,8,13,29,Majchrzak K.,121,50,19,31,3,4,16,27,Sofia Open,Sofia,Indoor,Hard,2022-09-30,1.66,2.2,1
Kovacevic A.,129,14,6,8,0,0,6,8,Mcdonald M.,60,190,87,103,11,15,76,88,Korea Open,Seoul,Outdoor,Hard,2022-09-30,3.75,1.28,1
Safiullin R.,92,42,20,22,7,7,13,15,Rinderknech A.,67,96,46,50,16,12,30,38,Tel Aviv Open,Tel Aviv,Indoor,Hard,2022-09-30,1.9,1.9,1
Broady L.,125,47,18,29,5,3,13,26,Cilic M.,100,853,543,310,119,65,424,245,Tel Aviv Open,Tel Aviv,Indoor,Hard,2022-09-30,5.0,1.16,0
Cressy M.,96,96,42,54,10,11,32,43,Lestienne C.,109,40,13,27,6,9,7,18,Tel Aviv Open,Tel Aviv,Indoor,Hard,2022-09-30,1.53,2.5,0
Rune H.,6,131,83,48,28,9,55,39,Ivashka I.,113,159,78,81,19,18,59,63,Sofia Open,Sofia,Indoor,Hard,2022-09-30,2.1,1.72,1
Vukic A.,62,36,15,21,2,1,13,20,Sinner J.,8,224,153,71,42,19,111,52,Sofia Open,Sofia,Indoor,Hard,2022-09-30,6.0,1.12,0
Musetti L.,18,143,79,64,12,12,67,52,Struff J.L.,21,369,170,199,43,42,127,157,Sofia Open,Sofia,Indoor,Hard,2022-09-30,2.2,1.66,1
Nishioka Y.,31,215,99,116,15,15,84,101,Ruud C.,4,275,176,99,19,16,157,83,Korea Open,Seoul,Outdoor,Hard,2022-09-30,4.33,1.22,1
Djokovic N.,2,1207,1012,195,146,42,866,153,Pospisil V.,99,280,122,158,39,34,83,124,Tel Aviv Open,Tel Aviv,Indoor,Hard,2022-09-30,1.06,10.0,1
Lestienne C.,109,40,13,27,6,9,7,18,Cilic M.,100,853,543,310,119,65,424,245,Tel Aviv Open,Tel Aviv,Indoor,Hard,2022-10-01,3.75,1.28,0
Djokovic N.,2,1207,1012,195,146,42,866,153,Safiullin R.,92,42,20,22,7,7,13,15,Tel Aviv Open,Tel Aviv,Indoor,Hard,2022-10-01,1.06,10.0,1
Rune H.,6,131,83,48,28,9,55,39,Sinner J.,8,224,153,71,42,19,111,52,Sofia Open,Sofia,Indoor,Hard,2022-10-01,3.75,1.28,1
Musetti L.,18,143,79,64,12,12,67,52,Huesler M.A.,88,58,21,37,8,8,13,29,Sofia Open,Sofia,Indoor,Hard,2022-10-01,1.57,2.37,0
Kovacevic A.,129,14,6,8,0,0,6,8,Nishioka Y.,31,215,99,116,15,15,84,101,Korea Open,Seoul,Outdoor,Hard,2022-10-01,4.0,1.25,0
Brooksby J.,39,79,46,33,6,5,40,28,Shapovalov D.,29,298,166,132,30,27,136,105,Korea Open,Seoul,Outdoor,Hard,2022-10-01,2.2,1.66,0
Nishioka Y.,31,215,99,116,15,15,84,101,Shapovalov D.,29,298,166,132,30,27,136,105,Korea Open,Seoul,Outdoor,Hard,2022-10-02,2.5,1.53,1
Huesler M.A.,88,58,21,37,8,8,13,29,Rune H.,6,131,83,48,28,9,55,39,Sofia Open,Sofia,Indoor,Hard,2022-10-02,2.62,1.5,1
Djokovic N.,2,1207,1012,195,146,42,866,153,Cilic M.,100,853,543,310,119,65,424,245,Tel Aviv Open,Tel Aviv,Indoor,Hard,2022-10-02,1.25,4.0,1
Zapata Miralles B.,54,80,32,48,1,6,31,42,Daniel T.,111,178,67,111,3,10,64,101,Rakuten Japan Open Tennis Championships,Tokyo,Outdoor,Hard,2022-10-03,2.5,1.53,1
Tiafoe F.,10,303,158,145,24,23,134,122,Uchiyama Y.,314,33,9,24,1,3,8,21,Rakuten Japan Open Tennis Championships,Tokyo,Outdoor,Hard,2022-10-03,1.1,7.0,1
Nakashima B.,70,106,57,49,6,5,51,44,Mochizuki S.,200,8,0,8,0,1,0,7,Rakuten Japan Open Tennis Championships,Tokyo,Outdoor,Hard,2022-10-03,1.11,6.5,1
Djere L.,38,243,120,123,10,22,110,101,Rublev A.,7,392,255,137,57,34,198,103,Astana Open,Nur-Sultan,Indoor,Hard,2022-10-03,3.75,1.28,0
Popyrin A.,90,140,59,81,9,13,50,68,Martinez P.,135,118,50,68,7,6,43,62,Rakuten Japan Open Tennis Championships,Tokyo,Outdoor,Hard,2022-10-03,1.72,2.1,0
Cerundolo F.,21,104,58,46,3,7,55,39,Hurkacz H.,17,238,137,101,27,24,110,77,Astana Open,Nur-Sultan,Indoor,Hard,2022-10-03,4.33,1.22,0
Zhukayev B.,258,2,0,2,0,1,0,1,Van De Zandschulp B.,44,117,63,54,11,11,52,43,Astana Open,Nur-Sultan,Indoor,Hard,2022-10-03,8.0,1.08,0
Wawrinka S.,72,854,535,319,84,69,451,250,Mannarino A.,27,567,264,303,60,73,204,230,Astana Open,Nur-Sultan,Indoor,Hard,2022-10-03,1.72,2.1,0
Karatsev A.,75,136,66,70,10,22,56,48,Zhang Zh.,53,44,20,24,1,2,19,22,Astana Open,Nur-Sultan,Indoor,Hard,2022-10-03,1.8,2.0,0
Auger-Aliassime F.,12,268,163,105,48,22,115,83,Bautista Agut R.,25,379,234,145,31,29,203,116,Astana Open,Nur-Sultan,Indoor,Hard,2022-10-03,1.44,2.75,0
Uchida K.,155,4,1,3,0,0,1,3,Mcdonald M.,60,190,87,103,11,15,76,88,Rakuten Japan Open Tennis Championships,Tokyo,Outdoor,Hard,2022-10-04,5.0,1.16,0
De Minaur A.,19,272,161,111,30,19,131,92,Kwon S.W.,68,108,53,55,12,6,41,49,Rakuten Japan Open Tennis Championships,Tokyo,Outdoor,Hard,2022-10-04,1.22,4.33,0
Kokkinakis T.,86,124,55,69,0,4,55,65,Coric B.,15,343,185,158,28,28,157,130,Rakuten Japan Open Tennis Championships,Tokyo,Outdoor,Hard,2022-10-04,2.75,1.44,0
Albot R.,97,215,86,129,26,26,60,103,Evans D.,30,251,124,127,18,16,106,111,Rakuten Japan Open Tennis Championships,Tokyo,Outdoor,Hard,2022-10-04,3.5,1.3,0
Munar J.,104,178,75,103,7,12,68,91,Ruud C.,4,275,176,99,19,16,157,83,Rakuten Japan Open Tennis Championships,Tokyo,Outdoor,Hard,2022-10-04,4.5,1.2,1
Noguchi R.,291,2,1,1,0,0,1,1,Ramanathan R.,435,40,14,26,0,4,14,22,Rakuten Japan Open Tennis Championships,Tokyo,Outdoor,Hard,2022-10-04,1.9,1.9,1
Tseng C. H.,108,8,2,6,0,1,2,5,Kyrgios N.,25,303,195,108,11,7,184,101,Rakuten Japan Open Tennis Championships,Tokyo,Outdoor,Hard,2022-10-04,8.0,1.08,0
Moriya H.,253,14,3,11,1,2,2,9,Shimizu Y.,451,1,0,1,0,0,0,1,Rakuten Japan Open Tennis Championships,Tokyo,Outdoor,Hard,2022-10-04,2.2,1.66,1
Medvedev D.,3,406,289,117,69,27,220,90,Ramos-Vinolas A.,82,437,204,233,17,31,187,202,Astana Open,Nur-Sultan,Indoor,Hard,2022-10-04,1.06,10.0,1
Bublik A.,25,219,110,109,39,30,71,79,Griekspoor T.,37,97,47,50,7,14,40,36,Astana Open,Nur-Sultan,Indoor,Hard,2022-10-04,1.4,3.0,1
Nardi L.,151,11,2,9,1,3,1,6,Shevchenko A.,93,20,8,12,0,2,8,10,Astana Open,Nur-Sultan,Indoor,Hard,2022-10-04,1.57,2.37,1
Tsitsipas S.,5,390,264,126,49,32,215,94,Kukushkin M.,221,352,141,211,50,49,91,162,Astana Open,Nur-Sultan,Indoor,Hard,2022-10-04,1.1,7.0,1
Davidovich Fokina A.,39,168,84,84,17,20,67,64,Kotov P.,89,25,10,15,1,4,9,11,Astana Open,Nur-Sultan,Indoor,Hard,2022-10-04,1.33,3.4,0
Cressy M.,96,96,42,54,10,11,32,43,Khachanov K.,11,378,217,161,44,38,173,123,Astana Open,Nur-Sultan,Indoor,Hard,2022-10-04,2.2,1.66,0
Shimabukuro S.,161,4,1,3,0,0,1,3,Majchrzak K.,121,50,19,31,3,4,16,27,Rakuten Japan Open Tennis Championships,Tokyo,Outdoor,Hard,2022-10-04,2.75,1.44,0
Alcaraz C.,1,164,130,34,10,5,120,29,Goffin D.,123,522,296,226,66,52,230,174,Astana Open,Nur-Sultan,Indoor,Hard,2022-10-04,1.12,6.0,0
Nishioka Y.,31,215,99,116,15,15,84,101,Kecmanovic M.,40,210,107,103,12,16,95,87,Rakuten Japan Open Tennis Championships,Tokyo,Outdoor,Hard,2022-10-05,1.72,2.1,0
Shapovalov D.,29,298,166,132,30,27,136,105,Johnson S.,197,395,196,199,16,23,180,176,Rakuten Japan Open Tennis Championships,Tokyo,Outdoor,Hard,2022-10-05,1.22,4.33,1
Fritz T.,9,356,205,151,26,22,179,129,Duckworth J.,123,143,55,88,10,9,45,79,Rakuten Japan Open Tennis Championships,Tokyo,Outdoor,Hard,2022-10-05,1.25,4.0,1
Martinez P.,135,118,50,68,7,6,43,62,Munar J.,104,178,75,103,7,12,68,91,Rakuten Japan Open Tennis Championships,Tokyo,Outdoor,Hard,2022-10-05,2.75,1.44,1
Mcdonald M.,60,190,87,103,11,15,76,88,Kwon S.W.,68,108,53,55,12,6,41,49,Rakuten Japan Open Tennis Championships,Tokyo,Outdoor,Hard,2022-10-05,2.3,1.61,0
Cilic M.,100,853,543,310,119,65,424,245,Otte O.,233,78,33,45,6,14,27,31,Astana Open,Nur-Sultan,Indoor,Hard,2022-10-05,1.3,3.5,1
Ruusuvuori E.,55,158,79,79,16,18,63,61,Huesler M.A.,88,58,21,37,8,8,13,29,Astana Open,Nur-Sultan,Indoor,Hard,2022-10-05,1.53,2.5,1
Djokovic N.,2,1207,1012,195,146,42,866,153,Garin C.,101,190,103,87,15,13,88,74,Astana Open,Nur-Sultan,Indoor,Hard,2022-10-05,1.05,11.0,1
Zhang Zh.,53,44,20,24,1,2,19,22,Rublev A.,7,392,255,137,57,34,198,103,Astana Open,Nur-Sultan,Indoor,Hard,2022-10-05,5.0,1.16,0
Goffin D.,123,522,296,226,66,52,230,174,Mannarino A.,27,567,264,303,60,73,204,230,Astana Open,Nur-Sultan,Indoor,Hard,2022-10-05,1.66,2.2,0
Bautista Agut R.,25,379,234,145,31,29,203,116,Kotov P.,89,25,10,15,1,4,9,11,Astana Open,Nur-Sultan,Indoor,Hard,2022-10-05,1.22,4.33,1
Tsitsipas S.,5,390,264,126,49,32,215,94,Nardi L.,151,11,2,9,1,3,1,6,Astana Open,Nur-Sultan,Indoor,Hard,2022-10-05,1.16,5.0,1
Evans D.,30,251,124,127,18,16,106,111,Kecmanovic M.,40,210,107,103,12,16,95,87,Rakuten Japan Open Tennis Championships,Tokyo,Outdoor,Hard,2022-10-06,1.8,2.0,0
Tiafoe F.,10,303,158,145,24,23,134,122,Zapata Miralles B.,54,80,32,48,1,6,31,42,Rakuten Japan Open Tennis Championships,Tokyo,Outdoor,Hard,2022-10-06,1.25,4.0,1
Van De Zandschulp B.,44,117,63,54,11,11,52,43,Djokovic N.,2,1207,1012,195,146,42,866,153,Astana Open,Nur-Sultan,Indoor,Hard,2022-10-06,8.0,1.08,0
Ruusuvuori E.,55,158,79,79,16,18,63,61,Medvedev D.,3,406,289,117,69,27,220,90,Astana Open,Nur-Sultan,Indoor,Hard,2022-10-06,5.0,1.16,0
Moriya H.,253,14,3,11,1,2,2,9,Fritz T.,9,356,205,151,26,22,179,129,Rakuten Japan Open Tennis Championships,Tokyo,Outdoor,Hard,2022-10-06,9.0,1.07,0
Noguchi R.,291,2,1,1,0,0,1,1,Shapovalov D.,29,298,166,132,30,27,136,105,Rakuten Japan Open Tennis Championships,Tokyo,Outdoor,Hard,2022-10-06,8.0,1.08,0
Coric B.,15,343,185,158,28,28,157,130,Nakashima B.,70,106,57,49,6,5,51,44,Rakuten Japan Open Tennis Championships,Tokyo,Outdoor,Hard,2022-10-06,1.9,1.9,1
Majchrzak K.,121,50,19,31,3,4,16,27,Kyrgios N.,25,303,195,108,11,7,184,101,Rakuten Japan Open Tennis Championships,Tokyo,Outdoor,Hard,2022-10-06,9.0,1.07,0
Hurkacz H.,17,238,137,101,27,24,110,77,Bublik A.,25,219,110,109,39,30,71,79,Astana Open,Nur-Sultan,Indoor,Hard,2022-10-06,1.57,2.37,1
Khachanov K.,11,378,217,161,44,38,173,123,Cilic M.,100,853,543,310,119,65,424,245,Astana Open,Nur-Sultan,Indoor,Hard,2022-10-06,1.8,2.0,1
Kecmanovic M.,40,210,107,103,12,16,95,87,Tiafoe F.,10,303,158,145,24,23,134,122,Rakuten Japan Open Tennis Championships,Tokyo,Outdoor,Hard,2022-10-07,2.62,1.5,0
Hurkacz H.,17,238,137,101,27,24,110,77,Tsitsipas S.,5,390,264,126,49,32,215,94,Astana Open,Nur-Sultan,Indoor,Hard,2022-10-07,2.1,1.72,0
Bautista Agut R.,25,379,234,145,31,29,203,116,Medvedev D.,3,406,289,117,69,27,220,90,Astana Open,Nur-Sultan,Indoor,Hard,2022-10-07,3.0,1.4,0
Djokovic N.,2,1207,1012,195,146,42,866,153,Khachanov K.,11,378,217,161,44,38,173,123,Astana Open,Nur-Sultan,Indoor,Hard,2022-10-07,1.12,6.0,1
Kwon S.W.,68,108,53,55,12,6,41,49,Martinez P.,135,118,50,68,7,6,43,62,Rakuten Japan Open Tennis Championships,Tokyo,Outdoor,Hard,2022-10-07,1.4,3.0,1
Mannarino A.,27,567,264,303,60,73,204,230,Rublev A.,7,392,255,137,57,34,198,103,Astana Open,Nur-Sultan,Indoor,Hard,2022-10-07,4.33,1.22,0
Shapovalov D.,29,298,166,132,30,27,136,105,Coric B.,15,343,185,158,28,28,157,130,Rakuten Japan Open Tennis Championships,Tokyo,Outdoor,Hard,2022-10-07,2.2,1.66,1
Kyrgios N.,25,303,195,108,11,7,184,101,Fritz T.,9,356,205,151,26,22,179,129,Rakuten Japan Open Tennis Championships,Tokyo,Outdoor,Hard,2022-10-07,1.5,2.62,0
Tiafoe F.,10,303,158,145,24,23,134,122,Kwon S.W.,68,108,53,55,12,6,41,49,Rakuten Japan Open Tennis Championships,Tokyo,Outdoor,Hard,2022-10-08,1.3,3.5,1
Shapovalov D.,29,298,166,132,30,27,136,105,Fritz T.,9,356,205,151,26,22,179,129,Rakuten Japan Open Tennis Championships,Tokyo,Outdoor,Hard,2022-10-08,1.72,2.1,0
Djokovic N.,2,1207,1012,195,146,42,866,153,Medvedev D.,3,406,289,117,69,27,220,90,Astana Open,Nur-Sultan,Indoor,Hard,2022-10-08,1.5,2.62,1
Rublev A.,7,392,255,137,57,34,198,103,Tsitsipas S.,5,390,264,126,49,32,215,94,Astana Open,Nur-Sultan,Indoor,Hard,2022-10-08,2.0,1.8,0
Tiafoe F.,10,303,158,145,24,23,134,122,Fritz T.,9,356,205,151,26,22,179,129,Rakuten Japan Open Tennis Championships,Tokyo,Outdoor,Hard,2022-10-09,2.1,1.72,0
Tsitsipas S.,5,390,264,126,49,32,215,94,Djokovic N.,2,1207,1012,195,146,42,866,153,Astana Open,Nur-Sultan,Indoor,Hard,2022-10-09,4.0,1.25,0
Lestienne C.,109,40,13,27,6,9,7,18,Baez S.,72,95,47,48,6,6,41,42,Gijon Open,Gijon,Indoor,Hard,2022-10-10,1.53,2.5,1
Landaluce M.,720,3,0,3,0,1,0,2,Paul T.,14,204,111,93,19,13,92,80,Gijon Open,Gijon,Indoor,Hard,2022-10-10,11.0,1.05,0
Sousa J.,147,436,189,247,42,44,147,203,Thiem D.,116,517,327,190,53,39,274,151,Gijon Open,Gijon,Indoor,Hard,2022-10-10,4.0,1.25,0
Rinderknech A.,67,96,46,50,16,12,30,38,Taberner C.,181,37,13,24,4,6,9,18,Gijon Open,Gijon,Indoor,Hard,2022-10-10,1.25,4.0,1
Monteiro T.,121,171,69,102,9,11,60,91,Bonzi B.,107,83,37,46,10,13,27,33,Gijon Open,Gijon,Indoor,Hard,2022-10-10,3.2,1.36,1
Galan D.E.,76,78,33,45,3,5,30,40,Carballes Baena R.,64,207,91,116,11,10,80,106,Firenze Open,Florence,Indoor,Hard,2022-10-10,1.61,2.3,0
Moutet C.,80,118,50,68,5,11,45,57,Cobolli F.,148,14,5,9,0,1,5,8,Firenze Open,Florence,Indoor,Hard,2022-10-10,1.44,2.75,1
Wolf J.J.,45,75,39,36,8,6,31,30,Maestrelli F.,186,1,0,1,0,1,0,0,Firenze Open,Florence,Indoor,Hard,2022-10-10,1.36,3.2,1
Griekspoor T.,37,97,47,50,7,14,40,36,Karatsev A.,75,136,66,70,10,22,56,48,Firenze Open,Florence,Indoor,Hard,2022-10-10,1.57,2.37,0
Celikbilek A.,230,9,4,5,3,3,1,2,Zeppieri G.,129,13,4,9,0,1,4,8,Firenze Open,Florence,Indoor,Hard,2022-10-10,1.72,2.1,1
Guinard M.,148,9,4,5,2,2,2,3,Fognini F.,128,742,383,359,39,48,344,311,Gijon Open,Gijon,Indoor,Hard,2022-10-11,2.75,1.44,1
Alvarez Varona N.,231,3,1,2,1,1,0,1,Trungelliti M.,240,33,13,20,2,2,11,18,Gijon Open,Gijon,Indoor,Hard,2022-10-11,2.3,1.61,1
Ramos-Vinolas A.,82,437,204,233,17,31,187,202,Giron M.,69,150,68,82,20,14,48,68,Gijon Open,Gijon,Indoor,Hard,2022-10-11,2.5,1.53,0
Murray A.,44,932,687,245,132,47,555,198,Davidovich Fokina A.,39,168,84,84,17,20,67,64,Gijon Open,Gijon,Indoor,Hard,2022-10-11,1.72,2.1,1
Lopez F.,634,863,441,422,71,82,370,340,Ivashka I.,113,159,78,81,19,18,59,63,Gijon Open,Gijon,Indoor,Hard,2022-10-11,6.5,1.11,0
Garin C.,101,190,103,87,15,13,88,74,Bublik A.,25,219,110,109,39,30,71,79,Firenze Open,Florence,Indoor,Hard,2022-10-11,4.0,1.25,0
Passaro F.,126,10,3,7,1,1,2,6,Zhang Zh.,53,44,20,24,1,2,19,22,Firenze Open,Florence,Indoor,Hard,2022-10-11,2.5,1.53,1
Gasquet R.,48,948,581,367,133,82,448,285,Nakashima B.,70,106,57,49,6,5,51,44,Firenze Open,Florence,Indoor,Hard,2022-10-11,2.75,1.44,0
Zapata Miralles B.,54,80,32,48,1,6,31,42,Sonego L.,43,221,107,114,19,17,88,97,Firenze Open,Florence,Indoor,Hard,2022-10-11,3.75,1.28,1
Fucsovics M.,67,249,121,128,26,24,95,104,Otte O.,233,78,33,45,6,14,27,31,Firenze Open,Florence,Indoor,Hard,2022-10-11,2.1,1.72,0
Van Rijthoven T.,110,19,10,9,0,4,10,5,Ymer M.,59,130,58,72,18,23,40,49,Firenze Open,Florence,Indoor,Hard,2022-10-11,2.1,1.72,0
Vatutin A.,295,8,2,6,0,2,2,4,Cachin P.,54,52,23,29,1,3,22,26,Gijon Open,Gijon,Indoor,Hard,2022-10-12,2.5,1.53,0
Paul T.,14,204,111,93,19,13,92,80,Alvarez Varona N.,231,3,1,2,1,1,0,1,Gijon Open,Gijon,Indoor,Hard,2022-10-12,1.08,8.0,1
Monteiro T.,121,171,69,102,9,11,60,91,Carreno Busta P.,16,352,214,138,33,25,181,113,Gijon Open,Gijon,Indoor,Hard,2022-10-12,6.0,1.12,0
Giron M.,69,150,68,82,20,14,48,68,Thiem D.,116,517,327,190,53,39,274,151,Gijon Open,Gijon,Indoor,Hard,2022-10-12,3.0,1.4,0
Lestienne C.,109,40,13,27,6,9,7,18,Rinderknech A.,67,96,46,50,16,12,30,38,Gijon Open,Gijon,Indoor,Hard,2022-10-12,2.0,1.8,0
Korda S.,26,126,75,51,15,9,60,42,Munar J.,104,178,75,103,7,12,68,91,Gijon Open,Gijon,Indoor,Hard,2022-10-12,1.44,2.75,1
Bublik A.,25,219,110,109,39,30,71,79,Moutet C.,80,118,50,68,5,11,45,57,Firenze Open,Florence,Indoor,Hard,2022-10-12,1.4,3.0,1
Mcdonald M.,60,190,87,103,11,15,76,88,Brooksby J.,39,79,46,33,6,5,40,28,Firenze Open,Florence,Indoor,Hard,2022-10-12,2.75,1.44,1
Ymer M.,59,130,58,72,18,23,40,49,Karatsev A.,75,136,66,70,10,22,56,48,Firenze Open,Florence,Indoor,Hard,2022-10-12,1.53,2.5,1
Carballes Baena R.,64,207,91,116,11,10,80,106,Berrettini M.,38,217,142,75,14,11,128,64,Firenze Open,Florence,Indoor,Hard,2022-10-12,8.0,1.08,1
Cressy M.,96,96,42,54,10,11,32,43,Wolf J.J.,45,75,39,36,8,6,31,30,Firenze Open,Florence,Indoor,Hard,2022-10-12,1.61,2.3,0
Bautista Agut R.,25,379,234,145,31,29,203,116,Korda S.,26,126,75,51,15,9,60,42,Gijon Open,Gijon,Indoor,Hard,2022-10-13,1.8,2.0,0
Rublev A.,7,392,255,137,57,34,198,103,Ivashka I.,113,159,78,81,19,18,59,63,Gijon Open,Gijon,Indoor,Hard,2022-10-13,1.3,3.5,1
Murray A.,44,932,687,245,132,47,555,198,Cachin P.,54,52,23,29,1,3,22,26,Gijon Open,Gijon,Indoor,Hard,2022-10-13,1.22,4.33,1
Cerundolo F.,21,104,58,46,3,7,55,39,Guinard M.,148,9,4,5,2,2,2,3,Gijon Open,Gijon,Indoor,Hard,2022-10-13,1.44,2.75,1
Otte O.,233,78,33,45,6,14,27,31,Auger-Aliassime F.,12,268,163,105,48,22,115,83,Firenze Open,Florence,Indoor,Hard,2022-10-13,4.5,1.2,0
Zapata Miralles B.,54,80,32,48,1,6,31,42,Musetti L.,18,143,79,64,12,12,67,52,Firenze Open,Florence,Indoor,Hard,2022-10-13,2.75,1.44,0
Celikbilek A.,230,9,4,5,3,3,1,2,Nakashima B.,70,106,57,49,6,5,51,44,Firenze Open,Florence,Indoor,Hard,2022-10-13,5.5,1.14,0
Passaro F.,126,10,3,7,1,1,2,6,Mcdonald M.,60,190,87,103,11,15,76,88,Firenze Open,Florence,Indoor,Hard,2022-10-13,3.5,1.3,0
Thiem D.,116,517,327,190,53,39,274,151,Cerundolo F.,21,104,58,46,3,7,55,39,Gijon Open,Gijon,Indoor,Hard,2022-10-14,1.4,3.0,1
Carreno Busta P.,16,352,214,138,33,25,181,113,Rinderknech A.,67,96,46,50,16,12,30,38,Gijon Open,Gijon,Indoor,Hard,2022-10-14,1.33,3.4,0
Carballes Baena R.,64,207,91,116,11,10,80,106,Ymer M.,59,130,58,72,18,23,40,49,Firenze Open,Florence,Indoor,Hard,2022-10-14,2.62,1.5,0
Wolf J.J.,45,75,39,36,8,6,31,30,Bublik A.,25,219,110,109,39,30,71,79,Firenze Open,Florence,Indoor,Hard,2022-10-14,2.62,1.5,1
Musetti L.,18,143,79,64,12,12,67,52,Mcdonald M.,60,190,87,103,11,15,76,88,Firenze Open,Florence,Indoor,Hard,2022-10-14,1.44,2.75,1
Nakashima B.,70,106,57,49,6,5,51,44,Auger-Aliassime F.,12,268,163,105,48,22,115,83,Firenze Open,Florence,Indoor,Hard,2022-10-14,2.5,1.53,0
Paul T.,14,204,111,93,19,13,92,80,Rublev A.,7,392,255,137,57,34,198,103,Gijon Open,Gijon,Indoor,Hard,2022-10-14,2.75,1.44,0
Murray A.,44,932,687,245,132,47,555,198,Korda S.,26,126,75,51,15,9,60,42,Gijon Open,Gijon,Indoor,Hard,2022-10-14,2.5,1.53,0
Rublev A.,7,392,255,137,57,34,198,103,Thiem D.,116,517,327,190,53,39,274,151,Gijon Open,Gijon,Indoor,Hard,2022-10-15,1.3,3.5,1
Korda S.,26,126,75,51,15,9,60,42,Rinderknech A.,67,96,46,50,16,12,30,38,Gijon Open,Gijon,Indoor,Hard,2022-10-15,1.4,3.0,1
Musetti L.,18,143,79,64,12,12,67,52,Auger-Aliassime F.,12,268,163,105,48,22,115,83,Firenze Open,Florence,Indoor,Hard,2022-10-15,2.75,1.44,0
Wolf J.J.,45,75,39,36,8,6,31,30,Ymer M.,59,130,58,72,18,23,40,49,Firenze Open,Florence,Indoor,Hard,2022-10-15,2.37,1.57,1
Korda S.,26,126,75,51,15,9,60,42,Rublev A.,7,392,255,137,57,34,198,103,Gijon Open,Gijon,Indoor,Hard,2022-10-16,3.0,1.4,0
Auger-Aliassime F.,12,268,163,105,48,22,115,83,Wolf J.J.,45,75,39,36,8,6,31,30,Firenze Open,Florence,Indoor,Hard,2022-10-16,1.2,4.5,1
Draper J.,55,51,29,22,2,3,27,19,Brooksby J.,39,79,46,33,6,5,40,28,European Open,Antwerp,Indoor,Hard,2022-10-17,2.0,1.8,1
Griekspoor T.,37,97,47,50,7,14,40,36,Evans D.,30,251,124,127,18,16,106,111,European Open,Antwerp,Indoor,Hard,2022-10-17,3.2,1.36,0
Wawrinka S.,72,854,535,319,84,69,451,250,Gasquet R.,48,948,581,367,133,82,448,285,European Open,Antwerp,Indoor,Hard,2022-10-17,1.53,2.5,0
Cressy M.,96,96,42,54,10,11,32,43,Ivashka I.,113,159,78,81,19,18,59,63,Stockholm Open,Stockholm,Indoor,Hard,2022-10-17,2.5,1.53,1
Garin C.,101,190,103,87,15,13,88,74,Kubler J.,77,53,24,29,0,1,24,28,Stockholm Open,Stockholm,Indoor,Hard,2022-10-17,2.37,1.57,1
Karatsev A.,75,136,66,70,10,22,56,48,Rosol L.,226,259,110,149,22,34,88,115,Stockholm Open,Stockholm,Indoor,Hard,2022-10-17,1.44,2.75,1
Monteiro T.,121,171,69,102,9,11,60,91,Rune H.,6,131,83,48,28,9,55,39,Stockholm Open,Stockholm,Indoor,Hard,2022-10-17,3.75,1.28,0
Mannarino A.,27,567,264,303,60,73,204,230,Cachin P.,54,52,23,29,1,3,22,26,Napoli Cup,Napoli,Outdoor,Hard,2022-10-18,1.4,3.0,0
Zapata Miralles B.,54,80,32,48,1,6,31,42,Galan D.E.,76,78,33,45,3,5,30,40,Napoli Cup,Napoli,Outdoor,Hard,2022-10-18,1.8,2.0,0
Ramos-Vinolas A.,82,437,204,233,17,31,187,202,Borges N.,69,28,10,18,1,1,9,17,Napoli Cup,Napoli,Outdoor,Hard,2022-10-18,1.8,2.0,0
Cobolli F.,148,14,5,9,0,1,5,8,Kecmanovic M.,40,210,107,103,12,16,95,87,Napoli Cup,Napoli,Outdoor,Hard,2022-10-18,4.0,1.25,0
De Minaur A.,19,272,161,111,30,19,131,92,Bonzi B.,107,83,37,46,10,13,27,33,Stockholm Open,Stockholm,Indoor,Hard,2022-10-18,1.36,3.2,1
Ruusuvuori E.,55,158,79,79,16,18,63,61,Sousa J.,147,436,189,247,42,44,147,203,Stockholm Open,Stockholm,Indoor,Hard,2022-10-18,1.2,4.5,1
Lehecka J.,33,61,30,31,4,4,26,27,Dimitrov G.,20,651,389,262,79,50,310,212,Stockholm Open,Stockholm,Indoor,Hard,2022-10-18,3.75,1.28,1
Halys Q.,79,72,23,49,3,10,20,39,Ymer M.,59,130,58,72,18,23,40,49,Stockholm Open,Stockholm,Indoor,Hard,2022-10-18,3.2,1.36,0
Borg L.,437,4,1,3,0,2,1,1,Paul T.,14,204,111,93,19,13,92,80,Stockholm Open,Stockholm,Indoor,Hard,2022-10-18,29.0,1.005,0
Bellier A.,190,9,4,5,1,2,3,3,Shevchenko A.,93,20,8,12,0,2,8,10,Stockholm Open,Stockholm,Indoor,Hard,2022-10-18,2.37,1.57,1
Martinez P.,135,118,50,68,7,6,43,62,Daniel T.,111,178,67,111,3,10,64,101,Napoli Cup,Napoli,Outdoor,Hard,2022-10-18,2.1,1.72,0
Munar J.,104,178,75,103,7,12,68,91,Van Rijthoven T.,110,19,10,9,0,4,10,5,European Open,Antwerp,Indoor,Hard,2022-10-18,2.2,1.66,1
Nishioka Y.,31,215,99,116,15,15,84,101,Van Assche L.,68,20,7,13,0,3,7,10,European Open,Antwerp,Indoor,Hard,2022-10-18,1.2,4.5,1
Cerundolo F.,21,104,58,46,3,7,55,39,Huesler M.A.,88,58,21,37,8,8,13,29,European Open,Antwerp,Indoor,Hard,2022-10-18,2.2,1.66,1
Bailly G.,1185,1,0,1,0,1,0,0,Goffin D.,123,522,296,226,66,52,230,174,European Open,Antwerp,Indoor,Hard,2022-10-18,11.0,1.05,0
Stricker D.,106,20,10,10,2,2,8,8,Van De Zandschulp B.,44,117,63,54,11,11,52,43,European Open,Antwerp,Indoor,Hard,2022-10-18,3.5,1.3,1
Lestienne C.,109,40,13,27,6,9,7,18,De Jong J.,180,3,0,3,0,1,0,2,European Open,Antwerp,Indoor,Hard,2022-10-18,1.4,3.0,1
Cressy M.,96,96,42,54,10,11,32,43,Tsitsipas S.,5,390,264,126,49,32,215,94,Stockholm Open,Stockholm,Indoor,Hard,2022-10-19,3.75,1.28,0
Rune H.,6,131,83,48,28,9,55,39,Garin C.,101,190,103,87,15,13,88,74,Stockholm Open,Stockholm,Indoor,Hard,2022-10-19,1.33,3.4,1
Shapovalov D.,29,298,166,132,30,27,136,105,Bellier A.,190,9,4,5,1,2,3,3,Stockholm Open,Stockholm,Indoor,Hard,2022-10-19,1.11,6.5,1
Karatsev A.,75,136,66,70,10,22,56,48,Norrie C.,13,287,172,115,15,18,157,97,Stockholm Open,Stockholm,Indoor,Hard,2022-10-19,3.2,1.36,0
Nardi L.,151,11,2,9,1,3,1,6,Moutet C.,80,118,50,68,5,11,45,57,Napoli Cup,Napoli,Outdoor,Hard,2022-10-19,2.1,1.72,0
Sonego L.,43,221,107,114,19,17,88,97,Baez S.,72,95,47,48,6,6,41,42,Napoli Cup,Napoli,Outdoor,Hard,2022-10-19,1.3,3.5,0
Jarry N.,28,141,73,68,9,6,64,62,Carballes Baena R.,64,207,91,116,11,10,80,106,Napoli Cup,Napoli,Outdoor,Hard,2022-10-19,2.0,1.8,0
Munar J.,104,178,75,103,7,12,68,91,Nishioka Y.,31,215,99,116,15,15,84,101,European Open,Antwerp,Indoor,Hard,2022-10-19,2.37,1.57,0
Draper J.,55,51,29,22,2,3,27,19,Hurkacz H.,17,238,137,101,27,24,110,77,European Open,Antwerp,Indoor,Hard,2022-10-19,2.2,1.66,0
Ymer E.,186,81,24,57,3,11,21,46,Otte O.,233,78,33,45,6,14,27,31,Stockholm Open,Stockholm,Indoor,Hard,2022-10-19,2.5,1.53,1
Wolf J.J.,45,75,39,36,8,6,31,30,Molcan A.,120,86,45,41,1,6,44,35,Stockholm Open,Stockholm,Indoor,Hard,2022-10-19,1.61,2.3,1
Lestienne C.,109,40,13,27,6,9,7,18,Evans D.,30,251,124,127,18,16,106,111,European Open,Antwerp,Indoor,Hard,2022-10-19,3.2,1.36,0
Geerts M.,268,1,0,1,0,1,0,0,Thiem D.,116,517,327,190,53,39,274,151,European Open,Antwerp,Indoor,Hard,2022-10-19,6.0,1.12,0
Korda S.,26,126,75,51,15,9,60,42,Giron M.,69,150,68,82,20,14,48,68,European Open,Antwerp,Indoor,Hard,2022-10-19,1.44,2.75,1
Blancaneaux G.,152,6,0,6,0,4,0,2,Guinard M.,148,9,4,5,2,2,2,3,European Open,Antwerp,Indoor,Hard,2022-10-19,1.9,1.9,0
Stricker D.,106,20,10,10,2,2,8,8,Gasquet R.,48,948,581,367,133,82,448,285,European Open,Antwerp,Indoor,Hard,2022-10-19,1.9,1.9,0
Kecmanovic M.,40,210,107,103,12,16,95,87,Moutet C.,80,118,50,68,5,11,45,57,Napoli Cup,Napoli,Outdoor,Hard,2022-10-20,1.36,3.2,1
De Minaur A.,19,272,161,111,30,19,131,92,Wolf J.J.,45,75,39,36,8,6,31,30,Stockholm Open,Stockholm,Indoor,Hard,2022-10-20,1.4,3.0,1
Musetti L.,18,143,79,64,12,12,67,52,Djere L.,38,243,120,123,10,22,110,101,Napoli Cup,Napoli,Outdoor,Hard,2022-10-20,1.5,2.62,1
Auger-Aliassime F.,12,268,163,105,48,22,115,83,Guinard M.,148,9,4,5,2,2,2,3,European Open,Antwerp,Indoor,Hard,2022-10-20,1.11,6.5,1
Bautista Agut R.,25,379,234,145,31,29,203,116,Mcdonald M.,60,190,87,103,11,15,76,88,Napoli Cup,Napoli,Outdoor,Hard,2022-10-20,1.4,3.0,0
Schwartzman D.,95,428,233,195,32,27,201,168,Goffin D.,123,522,296,226,66,52,230,174,European Open,Antwerp,Indoor,Hard,2022-10-20,1.9,1.9,0
Tiafoe F.,10,303,158,145,24,23,134,122,Ymer E.,186,81,24,57,3,11,21,46,Stockholm Open,Stockholm,Indoor,Hard,2022-10-20,1.22,4.33,1
Paul T.,14,204,111,93,19,13,92,80,Ymer M.,59,130,58,72,18,23,40,49,Stockholm Open,Stockholm,Indoor,Hard,2022-10-20,1.8,2.0,0
Ruusuvuori E.,55,158,79,79,16,18,63,61,Lehecka J.,33,61,30,31,4,4,26,27,Stockholm Open,Stockholm,Indoor,Hard,2022-10-20,1.33,3.4,1
Galan D.E.,76,78,33,45,3,5,30,40,Borges N.,69,28,10,18,1,1,9,17,Napoli Cup,Napoli,Outdoor,Hard,2022-10-20,2.0,1.8,1
Khachanov K.,11,378,217,161,44,38,173,123,Korda S.,26,126,75,51,15,9,60,42,European Open,Antwerp,Indoor,Hard,2022-10-20,1.72,2.1,0
Cerundolo F.,21,104,58,46,3,7,55,39,Thiem D.,116,517,327,190,53,39,274,151,European Open,Antwerp,Indoor,Hard,2022-10-20,3.2,1.36,0
Zhang Zh.,53,44,20,24,1,2,19,22,Fucsovics M.,67,249,121,128,26,24,95,104,Napoli Cup,Napoli,Outdoor,Hard,2022-10-20,2.0,1.8,1
Grenier H.,122,16,5,11,1,2,4,9,Fognini F.,128,742,383,359,39,48,344,311,Napoli Cup,Napoli,Outdoor,Hard,2022-10-20,1.9,1.9,0
Gojo B.,115,14,3,11,0,1,3,10,Djere L.,38,243,120,123,10,22,110,101,Napoli Cup,Napoli,Outdoor,Hard,2022-10-20,2.2,1.66,0
Cachin P.,54,52,23,29,1,3,22,26,Daniel T.,111,178,67,111,3,10,64,101,Napoli Cup,Napoli,Outdoor,Hard,2022-10-20,2.2,1.66,0
Carballes Baena R.,64,207,91,116,11,10,80,106,Berrettini M.,38,217,142,75,14,11,128,64,Napoli Cup,Napoli,Outdoor,Hard,2022-10-20,5.5,1.14,0
Mcdonald M.,60,190,87,103,11,15,76,88,Passaro F.,126,10,3,7,1,1,2,6,Napoli Cup,Napoli,Outdoor,Hard,2022-10-20,1.3,3.5,1
Baez S.,72,95,47,48,6,6,41,42,Zhang Zh.,53,44,20,24,1,2,19,22,Napoli Cup,Napoli,Outdoor,Hard,2022-10-20,1.72,2.1,0
Shapovalov D.,29,298,166,132,30,27,136,105,De Minaur A.,19,272,161,111,30,19,131,92,Stockholm Open,Stockholm,Indoor,Hard,2022-10-21,1.9,1.9,0
Tsitsipas S.,5,390,264,126,49,32,215,94,Ymer M.,59,130,58,72,18,23,40,49,Stockholm Open,Stockholm,Indoor,Hard,2022-10-21,1.25,4.0,1
Ruusuvuori E.,55,158,79,79,16,18,63,61,Tiafoe F.,10,303,158,145,24,23,134,122,Stockholm Open,Stockholm,Indoor,Hard,2022-10-21,2.0,1.8,1
Rune H.,6,131,83,48,28,9,55,39,Norrie C.,13,287,172,115,15,18,157,97,Stockholm Open,Stockholm,Indoor,Hard,2022-10-21,2.2,1.66,1
Carreno Busta P.,16,352,214,138,33,25,181,113,Kecmanovic M.,40,210,107,103,12,16,95,87,Napoli Cup,Napoli,Outdoor,Hard,2022-10-21,1.57,2.37,0
Mcdonald M.,60,190,87,103,11,15,76,88,Zhang Zh.,53,44,20,24,1,2,19,22,Napoli Cup,Napoli,Outdoor,Hard,2022-10-21,1.53,2.5,1
Galan D.E.,76,78,33,45,3,5,30,40,Musetti L.,18,143,79,64,12,12,67,52,Napoli Cup,Napoli,Outdoor,Hard,2022-10-21,3.5,1.3,0
Berrettini M.,38,217,142,75,14,11,128,64,Daniel T.,111,178,67,111,3,10,64,101,Napoli Cup,Napoli,Outdoor,Hard,2022-10-21,1.12,6.0,1
Fognini F.,128,742,383,359,39,48,344,311,Carreno Busta P.,16,352,214,138,33,25,181,113,Napoli Cup,Napoli,Outdoor,Hard,2022-10-21,3.5,1.3,0
Auger-Aliassime F.,12,268,163,105,48,22,115,83,Evans D.,30,251,124,127,18,16,106,111,European Open,Antwerp,Indoor,Hard,2022-10-21,1.36,3.2,1
Goffin D.,123,522,296,226,66,52,230,174,Gasquet R.,48,948,581,367,133,82,448,285,European Open,Antwerp,Indoor,Hard,2022-10-21,1.57,2.37,0
Hurkacz H.,17,238,137,101,27,24,110,77,Thiem D.,116,517,327,190,53,39,274,151,European Open,Antwerp,Indoor,Hard,2022-10-21,1.44,2.75,0
Korda S.,26,126,75,51,15,9,60,42,Nishioka Y.,31,215,99,116,15,15,84,101,European Open,Antwerp,Indoor,Hard,2022-10-21,1.44,2.75,1
Korda S.,26,126,75,51,15,9,60,42,Thiem D.,116,517,327,190,53,39,274,151,European Open,Antwerp,Indoor,Hard,2022-10-22,1.61,2.3,1
Musetti L.,18,143,79,64,12,12,67,52,Kecmanovic M.,40,210,107,103,12,16,95,87,Napoli Cup,Napoli,Outdoor,Hard,2022-10-22,1.8,2.0,1
Mcdonald M.,60,190,87,103,11,15,76,88,Berrettini M.,38,217,142,75,14,11,128,64,Napoli Cup,Napoli,Outdoor,Hard,2022-10-22,5.0,1.16,0
Gasquet R.,48,948,581,367,133,82,448,285,Auger-Aliassime F.,12,268,163,105,48,22,115,83,European Open,Antwerp,Indoor,Hard,2022-10-22,5.0,1.16,0
Tsitsipas S.,5,390,264,126,49,32,215,94,Ruusuvuori E.,55,158,79,79,16,18,63,61,Stockholm Open,Stockholm,Indoor,Hard,2022-10-22,1.36,3.2,1
Rune H.,6,131,83,48,28,9,55,39,De Minaur A.,19,272,161,111,30,19,131,92,Stockholm Open,Stockholm,Indoor,Hard,2022-10-22,2.2,1.66,1
Rune H.,6,131,83,48,28,9,55,39,Tsitsipas S.,5,390,264,126,49,32,215,94,Stockholm Open,Stockholm,Indoor,Hard,2022-10-23,3.2,1.36,1
Berrettini M.,38,217,142,75,14,11,128,64,Musetti L.,18,143,79,64,12,12,67,52,Napoli Cup,Napoli,Outdoor,Hard,2022-10-23,1.9,1.9,0
Auger-Aliassime F.,12,268,163,105,48,22,115,83,Korda S.,26,126,75,51,15,9,60,42,European Open,Antwerp,Indoor,Hard,2022-10-23,1.53,2.5,1
Fritz T.,9,356,205,151,26,22,179,129,Nishioka Y.,31,215,99,116,15,15,84,101,Vienna Open,Vienna,Indoor,Hard,2022-10-24,1.33,3.4,1
Misolic F.,158,11,6,5,0,1,6,4,Cerundolo F.,21,104,58,46,3,7,55,39,Vienna Open,Vienna,Indoor,Hard,2022-10-24,3.2,1.36,0
Schwartzman D.,95,428,233,195,32,27,201,168,Rublev A.,7,392,255,137,57,34,198,103,Vienna Open,Vienna,Indoor,Hard,2022-10-24,6.0,1.12,0
Halys Q.,79,72,23,49,3,10,20,39,Coric B.,15,343,185,158,28,28,157,130,Vienna Open,Vienna,Indoor,Hard,2022-10-24,2.75,1.44,0
Wolf J.J.,45,75,39,36,8,6,31,30,Khachanov K.,11,378,217,161,44,38,173,123,Vienna Open,Vienna,Indoor,Hard,2022-10-24,2.75,1.44,0
Cilic M.,100,853,543,310,119,65,424,245,Rinderknech A.,67,96,46,50,16,12,30,38,Swiss Indoors,Basel,Indoor,Hard,2022-10-24,1.33,3.4,0
Nakashima B.,70,106,57,49,6,5,51,44,Goffin D.,123,522,296,226,66,52,230,174,Swiss Indoors,Basel,Indoor,Hard,2022-10-24,1.5,2.62,1
Karatsev A.,75,136,66,70,10,22,56,48,Bublik A.,25,219,110,109,39,30,71,79,Swiss Indoors,Basel,Indoor,Hard,2022-10-24,2.75,1.44,0
Alcaraz C.,1,164,130,34,10,5,120,29,Draper J.,55,51,29,22,2,3,27,19,Swiss Indoors,Basel,Indoor,Hard,2022-10-24,1.4,3.0,1
Evans D.,30,251,124,127,18,16,106,111,Otte O.,233,78,33,45,6,14,27,31,Vienna Open,Vienna,Indoor,Hard,2022-10-25,1.44,2.75,1
Monteiro T.,121,171,69,102,9,11,60,91,Dimitrov G.,20,651,389,262,79,50,310,212,Vienna Open,Vienna,Indoor,Hard,2022-10-25,3.2,1.36,0
Sonego L.,43,221,107,114,19,17,88,97,Ruusuvuori E.,55,158,79,79,16,18,63,61,Vienna Open,Vienna,Indoor,Hard,2022-10-25,2.3,1.61,0
Shapovalov D.,29,298,166,132,30,27,136,105,Rodionov J.,118,26,9,17,2,3,7,14,Vienna Open,Vienna,Indoor,Hard,2022-10-25,1.22,4.33,1
Thiem D.,116,517,327,190,53,39,274,151,Paul T.,14,204,111,93,19,13,92,80,Vienna Open,Vienna,Indoor,Hard,2022-10-25,1.57,2.37,1
Cachin P.,54,52,23,29,1,3,22,26,Norrie C.,13,287,172,115,15,18,157,97,Vienna Open,Vienna,Indoor,Hard,2022-10-25,5.5,1.14,0
Hurkacz H.,17,238,137,101,27,24,110,77,Tiafoe F.,10,303,158,145,24,23,134,122,Vienna Open,Vienna,Indoor,Hard,2022-10-25,1.57,2.37,1
Baez S.,72,95,47,48,6,6,41,42,Carreno Busta P.,16,352,214,138,33,25,181,113,Swiss Indoors,Basel,Indoor,Hard,2022-10-25,4.5,1.2,0
Molcan A.,120,86,45,41,1,6,44,35,Mcdonald M.,60,190,87,103,11,15,76,88,Swiss Indoors,Basel,Indoor,Hard,2022-10-25,2.3,1.61,1
Davidovich Fokina A.,39,168,84,84,17,20,67,64,Kecmanovic M.,40,210,107,103,12,16,95,87,Swiss Indoors,Basel,Indoor,Hard,2022-10-25,2.5,1.53,0
Bautista Agut R.,25,379,234,145,31,29,203,116,Djere L.,38,243,120,123,10,22,110,101,Swiss Indoors,Basel,Indoor,Hard,2022-10-25,1.33,3.4,1
Wawrinka S.,72,854,535,319,84,69,451,250,Ruud C.,4,275,176,99,19,16,157,83,Swiss Indoors,Basel,Indoor,Hard,2022-10-25,2.75,1.44,1
Cressy M.,96,96,42,54,10,11,32,43,Stricker D.,106,20,10,10,2,2,8,8,Swiss Indoors,Basel,Indoor,Hard,2022-10-25,1.57,2.37,0
Van De Zandschulp B.,44,117,63,54,11,11,52,43,Mannarino A.,27,567,264,303,60,73,204,230,Swiss Indoors,Basel,Indoor,Hard,2022-10-25,1.57,2.37,1
Safiullin R.,92,42,20,22,7,7,13,15,Murray A.,44,932,687,245,132,47,555,198,Swiss Indoors,Basel,Indoor,Hard,2022-10-25,2.2,1.66,0
Novak D.,166,58,15,43,6,16,9,27,Tsitsipas S.,5,390,264,126,49,32,215,94,Vienna Open,Vienna,Indoor,Hard,2022-10-26,8.0,1.08,0
Basilashvili N.,118,301,138,163,26,34,112,129,Medvedev D.,3,406,289,117,69,27,220,90,Vienna Open,Vienna,Indoor,Hard,2022-10-26,15.0,1.03,0
Evans D.,30,251,124,127,18,16,106,111,Khachanov K.,11,378,217,161,44,38,173,123,Vienna Open,Vienna,Indoor,Hard,2022-10-26,2.1,1.72,1
Shapovalov D.,29,298,166,132,30,27,136,105,Fritz T.,9,356,205,151,26,22,179,129,Vienna Open,Vienna,Indoor,Hard,2022-10-26,2.2,1.66,1
Garin C.,101,190,103,87,15,13,88,74,Sinner J.,8,224,153,71,42,19,111,52,Vienna Open,Vienna,Indoor,Hard,2022-10-26,6.0,1.12,0
Griekspoor T.,37,97,47,50,7,14,40,36,Giron M.,69,150,68,82,20,14,48,68,Vienna Open,Vienna,Indoor,Hard,2022-10-26,2.37,1.57,0
Rinderknech A.,67,96,46,50,16,12,30,38,Molcan A.,120,86,45,41,1,6,44,35,Swiss Indoors,Basel,Indoor,Hard,2022-10-26,1.57,2.37,1
Brooksby J.,39,79,46,33,6,5,40,28,Humbert U.,36,170,80,90,23,21,57,69,Swiss Indoors,Basel,Indoor,Hard,2022-10-26,2.0,1.8,0
De Minaur A.,19,272,161,111,30,19,131,92,Rune H.,6,131,83,48,28,9,55,39,Swiss Indoors,Basel,Indoor,Hard,2022-10-26,1.66,2.2,0
Musetti L.,18,143,79,64,12,12,67,52,Ramos-Vinolas A.,82,437,204,233,17,31,187,202,Swiss Indoors,Basel,Indoor,Hard,2022-10-26,1.22,4.33,0
Huesler M.A.,88,58,21,37,8,8,13,29,Auger-Aliassime F.,12,268,163,105,48,22,115,83,Swiss Indoors,Basel,Indoor,Hard,2022-10-26,4.5,1.2,0
Alcaraz C.,1,164,130,34,10,5,120,29,Van De Zandschulp B.,44,117,63,54,11,11,52,43,Swiss Indoors,Basel,Indoor,Hard,2022-10-26,1.2,4.5,1
Carreno Busta P.,16,352,214,138,33,25,181,113,Stricker D.,106,20,10,10,2,2,8,8,Swiss Indoors,Basel,Indoor,Hard,2022-10-26,1.3,3.5,1
Cerundolo F.,21,104,58,46,3,7,55,39,Sinner J.,8,224,153,71,42,19,111,52,Vienna Open,Vienna,Indoor,Hard,2022-10-27,5.5,1.14,0
Norrie C.,13,287,172,115,15,18,157,97,Giron M.,69,150,68,82,20,14,48,68,Vienna Open,Vienna,Indoor,Hard,2022-10-27,1.4,3.0,0
Rublev A.,7,392,255,137,57,34,198,103,Dimitrov G.,20,651,389,262,79,50,310,212,Vienna Open,Vienna,Indoor,Hard,2022-10-27,1.2,4.5,0
Medvedev D.,3,406,289,117,69,27,220,90,Thiem D.,116,517,327,190,53,39,274,151,Vienna Open,Vienna,Indoor,Hard,2022-10-27,1.28,3.75,1
Ramos-Vinolas A.,82,437,204,233,17,31,187,202,Bublik A.,25,219,110,109,39,30,71,79,Swiss Indoors,Basel,Indoor,Hard,2022-10-27,4.0,1.25,0
Kecmanovic M.,40,210,107,103,12,16,95,87,Auger-Aliassime F.,12,268,163,105,48,22,115,83,Swiss Indoors,Basel,Indoor,Hard,2022-10-27,3.2,1.36,0
Nakashima B.,70,106,57,49,6,5,51,44,Wawrinka S.,72,854,535,319,84,69,451,250,Swiss Indoors,Basel,Indoor,Hard,2022-10-27,1.72,2.1,0
Rune H.,6,131,83,48,28,9,55,39,Humbert U.,36,170,80,90,23,21,57,69,Swiss Indoors,Basel,Indoor,Hard,2022-10-27,1.44,2.75,1
Tsitsipas S.,5,390,264,126,49,32,215,94,Coric B.,15,343,185,158,28,28,157,130,Vienna Open,Vienna,Indoor,Hard,2022-10-27,1.44,2.75,0
Murray A.,44,932,687,245,132,47,555,198,Bautista Agut R.,25,379,234,145,31,29,203,116,Swiss Indoors,Basel,Indoor,Hard,2022-10-27,2.5,1.53,0
Ruusuvuori E.,55,158,79,79,16,18,63,61,Hurkacz H.,17,238,137,101,27,24,110,77,Vienna Open,Vienna,Indoor,Hard,2022-10-27,2.5,1.53,0
Hurkacz H.,17,238,137,101,27,24,110,77,Coric B.,15,343,185,158,28,28,157,130,Vienna Open,Vienna,Indoor,Hard,2022-10-28,1.61,2.3,0
Sinner J.,8,224,153,71,42,19,111,52,Medvedev D.,3,406,289,117,69,27,220,90,Vienna Open,Vienna,Indoor,Hard,2022-10-28,3.0,1.4,0
Giron M.,69,150,68,82,20,14,48,68,Dimitrov G.,20,651,389,262,79,50,310,212,Vienna Open,Vienna,Indoor,Hard,2022-10-28,3.0,1.4,0
Shapovalov D.,29,298,166,132,30,27,136,105,Evans D.,30,251,124,127,18,16,106,111,Vienna Open,Vienna,Indoor,Hard,2022-10-28,1.72,2.1,1
Rinderknech A.,67,96,46,50,16,12,30,38,Rune H.,6,131,83,48,28,9,55,39,Swiss Indoors,Basel,Indoor,Hard,2022-10-28,3.5,1.3,0
Bautista Agut R.,25,379,234,145,31,29,203,116,Wawrinka S.,72,854,535,319,84,69,451,250,Swiss Indoors,Basel,Indoor,Hard,2022-10-28,1.61,2.3,1
Alcaraz C.,1,164,130,34,10,5,120,29,Carreno Busta P.,16,352,214,138,33,25,181,113,Swiss Indoors,Basel,Indoor,Hard,2022-10-28,1.25,4.0,1
Auger-Aliassime F.,12,268,163,105,48,22,115,83,Bublik A.,25,219,110,109,39,30,71,79,Swiss Indoors,Basel,Indoor,Hard,2022-10-28,1.25,4.0,1
Rune H.,6,131,83,48,28,9,55,39,Bautista Agut R.,25,379,234,145,31,29,203,116,Swiss Indoors,Basel,Indoor,Hard,2022-10-29,1.53,2.5,1
Alcaraz C.,1,164,130,34,10,5,120,29,Auger-Aliassime F.,12,268,163,105,48,22,115,83,Swiss Indoors,Basel,Indoor,Hard,2022-10-29,1.72,2.1,0
Dimitrov G.,20,651,389,262,79,50,310,212,Medvedev D.,3,406,289,117,69,27,220,90,Vienna Open,Vienna,Indoor,Hard,2022-10-29,5.0,1.16,0
Coric B.,15,343,185,158,28,28,157,130,Shapovalov D.,29,298,166,132,30,27,136,105,Vienna Open,Vienna,Indoor,Hard,2022-10-29,2.1,1.72,0
Auger-Aliassime F.,12,268,163,105,48,22,115,83,Rune H.,6,131,83,48,28,9,55,39,Swiss Indoors,Basel,Indoor,Hard,2022-10-30,1.33,3.4,1
Medvedev D.,3,406,289,117,69,27,220,90,Shapovalov D.,29,298,166,132,30,27,136,105,Vienna Open,Vienna,Indoor,Hard,2022-10-30,1.22,4.33,1
Korda S.,26,126,75,51,15,9,60,42,De Minaur A.,19,272,161,111,30,19,131,92,BNP Paribas Masters,Paris,Indoor,Hard,2022-10-31,1.66,2.2,0
Murray A.,44,932,687,245,132,47,555,198,Simon G.,188,869,491,378,135,94,356,284,BNP Paribas Masters,Paris,Indoor,Hard,2022-10-31,1.25,4.0,0
Bublik A.,25,219,110,109,39,30,71,79,Ymer M.,59,130,58,72,18,23,40,49,BNP Paribas Masters,Paris,Indoor,Hard,2022-10-31,1.72,2.1,0
Sonego L.,43,221,107,114,19,17,88,97,Tiafoe F.,10,303,158,145,24,23,134,122,BNP Paribas Masters,Paris,Indoor,Hard,2022-10-31,2.75,1.44,0
Huesler M.A.,88,58,21,37,8,8,13,29,Sinner J.,8,224,153,71,42,19,111,52,BNP Paribas Masters,Paris,Indoor,Hard,2022-10-31,4.5,1.2,1
Cressy M.,96,96,42,54,10,11,32,43,Schwartzman D.,95,428,233,195,32,27,201,168,BNP Paribas Masters,Paris,Indoor,Hard,2022-10-31,1.61,2.3,1
Gasquet R.,48,948,581,367,133,82,448,285,Molcan A.,120,86,45,41,1,6,44,35,BNP Paribas Masters,Paris,Indoor,Hard,2022-10-31,1.5,2.62,1
Khachanov K.,11,378,217,161,44,38,173,123,Baez S.,72,95,47,48,6,6,41,42,BNP Paribas Masters,Paris,Indoor,Hard,2022-10-31,1.12,6.0,1
Basilashvili N.,118,301,138,163,26,34,112,129,Halys Q.,79,72,23,49,3,10,20,39,BNP Paribas Masters,Paris,Indoor,Hard,2022-10-31,4.33,1.22,1
Davidovich Fokina A.,39,168,84,84,17,20,67,64,Fritz T.,9,356,205,151,26,22,179,129,BNP Paribas Masters,Paris,Indoor,Hard,2022-10-31,4.33,1.22,0
Karatsev A.,75,136,66,70,10,22,56,48,Nishioka Y.,31,215,99,116,15,15,84,101,BNP Paribas Masters,Paris,Indoor,Hard,2022-10-31,3.0,1.4,0
Kecmanovic M.,40,210,107,103,12,16,95,87,Norrie C.,13,287,172,115,15,18,157,97,BNP Paribas Masters,Paris,Indoor,Hard,2022-10-31,2.3,1.61,0
Otte O.,233,78,33,45,6,14,27,31,Isner J.,114,755,465,290,53,45,412,245,BNP Paribas Masters,Paris,Indoor,Hard,2022-10-31,1.8,2.0,0
Musetti L.,18,143,79,64,12,12,67,52,Cilic M.,100,853,543,310,119,65,424,245,BNP Paribas Masters,Paris,Indoor,Hard,2022-10-31,2.5,1.53,1
Rune H.,6,131,83,48,28,9,55,39,Wawrinka S.,72,854,535,319,84,69,451,250,BNP Paribas Masters,Paris,Indoor,Hard,2022-11-01,1.44,2.75,1
Huesler M.A.,88,58,21,37,8,8,13,29,Khachanov K.,11,378,217,161,44,38,173,123,BNP Paribas Masters,Paris,Indoor,Hard,2022-11-01,2.62,1.5,0
Gasquet R.,48,948,581,367,133,82,448,285,Ruud C.,4,275,176,99,19,16,157,83,BNP Paribas Masters,Paris,Indoor,Hard,2022-11-01,2.62,1.5,0
Cressy M.,96,96,42,54,10,11,32,43,Djokovic N.,2,1207,1012,195,146,42,866,153,BNP Paribas Masters,Paris,Indoor,Hard,2022-11-01,10.0,1.06,0
Rublev A.,7,392,255,137,57,34,198,103,Isner J.,114,755,465,290,53,45,412,245,BNP Paribas Masters,Paris,Indoor,Hard,2022-11-01,1.33,3.4,1
Shapovalov D.,29,298,166,132,30,27,136,105,Cerundolo F.,21,104,58,46,3,7,55,39,BNP Paribas Masters,Paris,Indoor,Hard,2022-11-01,1.22,4.33,1
Dimitrov G.,20,651,389,262,79,50,310,212,Van De Zandschulp B.,44,117,63,54,11,11,52,43,BNP Paribas Masters,Paris,Indoor,Hard,2022-11-01,1.61,2.3,1
Hurkacz H.,17,238,137,101,27,24,110,77,Mannarino A.,27,567,264,303,60,73,204,230,BNP Paribas Masters,Paris,Indoor,Hard,2022-11-01,1.22,4.33,1
Fils A.,71,24,15,9,6,3,9,6,Fognini F.,128,742,383,359,39,48,344,311,BNP Paribas Masters,Paris,Indoor,Hard,2022-11-01,2.1,1.72,0
Carreno Busta P.,16,352,214,138,33,25,181,113,Ramos-Vinolas A.,82,437,204,233,17,31,187,202,BNP Paribas Masters,Paris,Indoor,Hard,2022-11-01,1.2,4.5,1
Draper J.,55,51,29,22,2,3,27,19,Rinderknech A.,67,96,46,50,16,12,30,38,BNP Paribas Masters,Paris,Indoor,Hard,2022-11-01,1.57,2.37,1
Coric B.,15,343,185,158,28,28,157,130,Moutet C.,80,118,50,68,5,11,45,57,BNP Paribas Masters,Paris,Indoor,Hard,2022-11-01,1.4,3.0,0
Evans D.,30,251,124,127,18,16,106,111,Nakashima B.,70,106,57,49,6,5,51,44,BNP Paribas Masters,Paris,Indoor,Hard,2022-11-01,1.8,2.0,1
Bautista Agut R.,25,379,234,145,31,29,203,116,Paul T.,14,204,111,93,19,13,92,80,BNP Paribas Masters,Paris,Indoor,Hard,2022-11-01,1.66,2.2,0
Hurkacz H.,17,238,137,101,27,24,110,77,Rune H.,6,131,83,48,28,9,55,39,BNP Paribas Masters,Paris,Indoor,Hard,2022-11-02,1.53,2.5,0
Moutet C.,80,118,50,68,5,11,45,57,Norrie C.,13,287,172,115,15,18,157,97,BNP Paribas Masters,Paris,Indoor,Hard,2022-11-02,3.0,1.4,1
Nadal R.,2,1223,1017,206,76,40,941,166,Paul T.,14,204,111,93,19,13,92,80,BNP Paribas Masters,Paris,Indoor,Hard,2022-11-02,1.44,2.75,0
Carreno Busta P.,16,352,214,138,33,25,181,113,Shapovalov D.,29,298,166,132,30,27,136,105,BNP Paribas Masters,Paris,Indoor,Hard,2022-11-02,2.0,1.8,1
Simon G.,188,869,491,378,135,94,356,284,Fritz T.,9,356,205,151,26,22,179,129,BNP Paribas Masters,Paris,Indoor,Hard,2022-11-02,6.0,1.12,1
Dimitrov G.,20,651,389,262,79,50,310,212,Fognini F.,128,742,383,359,39,48,344,311,BNP Paribas Masters,Paris,Indoor,Hard,2022-11-02,1.22,4.33,1
Ymer M.,59,130,58,72,18,23,40,49,Auger-Aliassime F.,12,268,163,105,48,22,115,83,BNP Paribas Masters,Paris,Indoor,Hard,2022-11-02,4.5,1.2,0
De Minaur A.,19,272,161,111,30,19,131,92,Medvedev D.,3,406,289,117,69,27,220,90,BNP Paribas Masters,Paris,Indoor,Hard,2022-11-02,4.5,1.2,1
Draper J.,55,51,29,22,2,3,27,19,Tiafoe F.,10,303,158,145,24,23,134,122,BNP Paribas Masters,Paris,Indoor,Hard,2022-11-02,1.9,1.9,0
Evans D.,30,251,124,127,18,16,106,111,Tsitsipas S.,5,390,264,126,49,32,215,94,BNP Paribas Masters,Paris,Indoor,Hard,2022-11-02,3.5,1.3,0
Basilashvili N.,118,301,138,163,26,34,112,129,Musetti L.,18,143,79,64,12,12,67,52,BNP Paribas Masters,Paris,Indoor,Hard,2022-11-02,4.5,1.2,0
Alcaraz C.,1,164,130,34,10,5,120,29,Nishioka Y.,31,215,99,116,15,15,84,101,BNP Paribas Masters,Paris,Indoor,Hard,2022-11-02,1.2,4.5,1
Carreno Busta P.,16,352,214,138,33,25,181,113,Paul T.,14,204,111,93,19,13,92,80,BNP Paribas Masters,Paris,Indoor,Hard,2022-11-03,1.72,2.1,0
Ruud C.,4,275,176,99,19,16,157,83,Musetti L.,18,143,79,64,12,12,67,52,BNP Paribas Masters,Paris,Indoor,Hard,2022-11-03,1.66,2.2,0
De Minaur A.,19,272,161,111,30,19,131,92,Tiafoe F.,10,303,158,145,24,23,134,122,BNP Paribas Masters,Paris,Indoor,Hard,2022-11-03,1.72,2.1,0
Dimitrov G.,20,651,389,262,79,50,310,212,Alcaraz C.,1,164,130,34,10,5,120,29,BNP Paribas Masters,Paris,Indoor,Hard,2022-11-03,3.5,1.3,0
Rublev A.,7,392,255,137,57,34,198,103,Rune H.,6,131,83,48,28,9,55,39,BNP Paribas Masters,Paris,Indoor,Hard,2022-11-03,1.61,2.3,0
Simon G.,188,869,491,378,135,94,356,284,Auger-Aliassime F.,12,268,163,105,48,22,115,83,BNP Paribas Masters,Paris,Indoor,Hard,2022-11-03,7.0,1.1,0
Djokovic N.,2,1207,1012,195,146,42,866,153,Khachanov K.,11,378,217,161,44,38,173,123,BNP Paribas Masters,Paris,Indoor,Hard,2022-11-03,1.08,8.0,1
Tsitsipas S.,5,390,264,126,49,32,215,94,Moutet C.,80,118,50,68,5,11,45,57,BNP Paribas Masters,Paris,Indoor,Hard,2022-11-03,1.16,5.0,1
Musetti L.,18,143,79,64,12,12,67,52,Djokovic N.,2,1207,1012,195,146,42,866,153,BNP Paribas Masters,Paris,Indoor,Hard,2022-11-04,6.5,1.11,0
Tsitsipas S.,5,390,264,126,49,32,215,94,Paul T.,14,204,111,93,19,13,92,80,BNP Paribas Masters,Paris,Indoor,Hard,2022-11-04,1.4,3.0,1
Tiafoe F.,10,303,158,145,24,23,134,122,Auger-Aliassime F.,12,268,163,105,48,22,115,83,BNP Paribas Masters,Paris,Indoor,Hard,2022-11-04,2.75,1.44,0
Rune H.,6,131,83,48,28,9,55,39,Alcaraz C.,1,164,130,34,10,5,120,29,BNP Paribas Masters,Paris,Indoor,Hard,2022-11-04,2.75,1.44,1
Tsitsipas S.,5,390,264,126,49,32,215,94,Djokovic N.,2,1207,1012,195,146,42,866,153,BNP Paribas Masters,Paris,Indoor,Hard,2022-11-05,4.5,1.2,0
Rune H.,6,131,83,48,28,9,55,39,Auger-Aliassime F.,12,268,163,105,48,22,115,83,BNP Paribas Masters,Paris,Indoor,Hard,2022-11-05,2.75,1.44,1
Rune H.,6,131,83,48,28,9,55,39,Djokovic N.,2,1207,1012,195,146,42,866,153,BNP Paribas Masters,Paris,Indoor,Hard,2022-11-06,4.0,1.25,1
Auger-Aliassime F.,12,268,163,105,48,22,115,83,Ruud C.,4,275,176,99,19,16,157,83,Masters Cup,Turin,Indoor,Hard,2022-11-13,1.36,3.2,0
Nadal R.,2,1223,1017,206,76,40,941,166,Fritz T.,9,356,205,151,26,22,179,129,Masters Cup,Turin,Indoor,Hard,2022-11-13,1.57,2.37,0
Medvedev D.,3,406,289,117,69,27,220,90,Rublev A.,7,392,255,137,57,34,198,103,Masters Cup,Turin,Indoor,Hard,2022-11-14,1.33,3.4,0
Djokovic N.,2,1207,1012,195,146,42,866,153,Tsitsipas S.,5,390,264,126,49,32,215,94,Masters Cup,Turin,Indoor,Hard,2022-11-14,1.33,3.4,1
Auger-Aliassime F.,12,268,163,105,48,22,115,83,Nadal R.,2,1223,1017,206,76,40,941,166,Masters Cup,Turin,Indoor,Hard,2022-11-15,1.61,2.3,1
Fritz T.,9,356,205,151,26,22,179,129,Ruud C.,4,275,176,99,19,16,157,83,Masters Cup,Turin,Indoor,Hard,2022-11-15,1.8,2.0,0
Djokovic N.,2,1207,1012,195,146,42,866,153,Rublev A.,7,392,255,137,57,34,198,103,Masters Cup,Turin,Indoor,Hard,2022-11-16,1.3,3.5,1
Tsitsipas S.,5,390,264,126,49,32,215,94,Medvedev D.,3,406,289,117,69,27,220,90,Masters Cup,Turin,Indoor,Hard,2022-11-16,2.62,1.5,1
Ruud C.,4,275,176,99,19,16,157,83,Nadal R.,2,1223,1017,206,76,40,941,166,Masters Cup,Turin,Indoor,Hard,2022-11-17,1.53,2.5,0
Fritz T.,9,356,205,151,26,22,179,129,Auger-Aliassime F.,12,268,163,105,48,22,115,83,Masters Cup,Turin,Indoor,Hard,2022-11-17,2.5,1.53,1
Djokovic N.,2,1207,1012,195,146,42,866,153,Medvedev D.,3,406,289,117,69,27,220,90,Masters Cup,Turin,Indoor,Hard,2022-11-18,1.33,3.4,1
Tsitsipas S.,5,390,264,126,49,32,215,94,Rublev A.,7,392,255,137,57,34,198,103,Masters Cup,Turin,Indoor,Hard,2022-11-18,1.57,2.37,0
Djokovic N.,2,1207,1012,195,146,42,866,153,Fritz T.,9,356,205,151,26,22,179,129,Masters Cup,Turin,Indoor,Hard,2022-11-19,1.22,4.33,1
Ruud C.,4,275,176,99,19,16,157,83,Rublev A.,7,392,255,137,57,34,198,103,Masters Cup,Turin,Indoor,Hard,2022-11-19,2.2,1.66,1
Djokovic N.,2,1207,1012,195,146,42,866,153,Ruud C.,4,275,176,99,19,16,157,83,Masters Cup,Turin,Indoor,Hard,2022-11-20,1.22,4.33,1
Galan D.E.,76,78,33,45,3,5,30,40,Mcdonald M.,60,190,87,103,11,15,76,88,Adelaide International 1,Adelaide,Outdoor,Hard,2023-01-01,3.2,1.36,0
Gasquet R.,48,948,581,367,133,82,448,285,Giron M.,69,150,68,82,20,14,48,68,Adelaide International 1,Adelaide,Outdoor,Hard,2023-01-01,1.91,1.91,0
Carballes Baena R.,64,207,91,116,11,10,80,106,Zapata Miralles B.,54,80,32,48,1,6,31,42,Maharashtra Open,Pune,Outdoor,Hard,2023-01-02,2.0,1.8,1
Dhamne M.,0,1,0,1,0,0,0,1,Mmoh M.,112,55,20,35,0,3,20,32,Maharashtra Open,Pune,Outdoor,Hard,2023-01-02,41.0,1.002,0
Griekspoor T.,37,97,47,50,7,14,40,36,Munar J.,104,178,75,103,7,12,68,91,Maharashtra Open,Pune,Outdoor,Hard,2023-01-02,1.8,2.0,1
Molcan A.,120,86,45,41,1,6,44,35,Djere L.,38,243,120,123,10,22,110,101,Maharashtra Open,Pune,Outdoor,Hard,2023-01-02,1.91,1.91,0
Cecchinato M.,108,204,79,125,2,14,77,111,Basilashvili N.,118,301,138,163,26,34,112,129,Maharashtra Open,Pune,Outdoor,Hard,2023-01-02,2.75,1.44,1
Krajinovic F.,93,240,115,125,38,34,77,91,Nagal S.,503,17,3,14,0,1,3,13,Maharashtra Open,Pune,Outdoor,Hard,2023-01-02,1.25,4.0,1
Tseng C.H.,145,9,1,8,0,0,1,8,Bonzi B.,107,83,37,46,10,13,27,33,Maharashtra Open,Pune,Outdoor,Hard,2023-01-02,3.0,1.4,0
Draper J.,55,51,29,22,2,3,27,19,Kwon S.W.,68,108,53,55,12,6,41,49,Adelaide International 1,Adelaide,Outdoor,Hard,2023-01-02,1.67,2.2,1
Ymer M.,59,130,58,72,18,23,40,49,Safiullin R.,92,42,20,22,7,7,13,15,Adelaide International 1,Adelaide,Outdoor,Hard,2023-01-02,1.67,2.2,0
Halys Q.,79,72,23,49,3,10,20,39,Thompson J.,71,221,96,125,10,10,86,115,Adelaide International 1,Adelaide,Outdoor,Hard,2023-01-02,2.1,1.73,1
Popyrin A.,90,140,59,81,9,13,50,68,Auger-Aliassime F.,12,268,163,105,48,22,115,83,Adelaide International 1,Adelaide,Outdoor,Hard,2023-01-02,6.5,1.11,1
Nishioka Y.,31,215,99,116,15,15,84,101,Rune H.,6,131,83,48,28,9,55,39,Adelaide International 1,Adelaide,Outdoor,Hard,2023-01-02,3.75,1.29,1
Kecmanovic M.,40,210,107,103,12,16,95,87,O Connell C.,74,65,26,39,0,0,26,39,Adelaide International 1,Adelaide,Outdoor,Hard,2023-01-02,1.57,2.38,1
Kokkinakis T.,86,124,55,69,0,4,55,65,Cressy M.,96,96,42,54,10,11,32,43,Adelaide International 1,Adelaide,Outdoor,Hard,2023-01-02,1.91,1.91,1
Andujar P.,323,404,164,240,12,30,152,210,Karatsev A.,75,136,66,70,10,22,56,48,Maharashtra Open,Pune,Outdoor,Hard,2023-01-03,3.5,1.3,0
Ymer E.,186,81,24,57,3,11,21,46,Marterer M.,144,91,31,60,2,8,29,52,Maharashtra Open,Pune,Outdoor,Hard,2023-01-03,1.73,2.1,0
Van Rijthoven T.,110,19,10,9,0,4,10,5,Albot R.,97,215,86,129,26,26,60,103,Maharashtra Open,Pune,Outdoor,Hard,2023-01-03,1.8,2.0,1
Martinez P.,135,118,50,68,7,6,43,62,Ramanathan R.,435,40,14,26,0,4,14,22,Maharashtra Open,Pune,Outdoor,Hard,2023-01-03,1.57,2.38,1
Hijikata R.,110,16,7,9,0,0,7,9,Shapovalov D.,29,298,166,132,30,27,136,105,Adelaide International 1,Adelaide,Outdoor,Hard,2023-01-03,4.0,1.25,0
Medvedev D.,3,406,289,117,69,27,220,90,Sonego L.,43,221,107,114,19,17,88,97,Adelaide International 1,Adelaide,Outdoor,Hard,2023-01-03,1.11,6.5,1
Cachin P.,54,52,23,29,1,3,22,26,Khachanov K.,11,378,217,161,44,38,173,123,Adelaide International 1,Adelaide,Outdoor,Hard,2023-01-03,5.0,1.17,0
Djokovic N.,2,1207,1012,195,146,42,866,153,Lestienne C.,109,40,13,27,6,9,7,18,Adelaide International 1,Adelaide,Outdoor,Hard,2023-01-03,1.03,17.0,1
Sinner J.,8,224,153,71,42,19,111,52,Edmund K.,473,233,113,120,19,10,94,110,Adelaide International 1,Adelaide,Outdoor,Hard,2023-01-03,1.13,6.0,1
Cobolli F.,148,14,5,9,0,1,5,8,Mukund S.,356,3,0,3,0,0,0,3,Maharashtra Open,Pune,Outdoor,Hard,2023-01-03,1.33,3.4,1
Bautista Agut R.,25,379,234,145,31,29,203,116,Rublev A.,7,392,255,137,57,34,198,103,Adelaide International 1,Adelaide,Outdoor,Hard,2023-01-03,3.0,1.4,1
Korda S.,26,126,75,51,15,9,60,42,Murray A.,44,932,687,245,132,47,555,198,Adelaide International 1,Adelaide,Outdoor,Hard,2023-01-03,1.57,2.38,1
Medvedev D.,3,406,289,117,69,27,220,90,Kecmanovic M.,40,210,107,103,12,16,95,87,Adelaide International 1,Adelaide,Outdoor,Hard,2023-01-04,1.14,5.5,1
Khachanov K.,11,378,217,161,44,38,173,123,Draper J.,55,51,29,22,2,3,27,19,Adelaide International 1,Adelaide,Outdoor,Hard,2023-01-04,2.3,1.62,1
Mcdonald M.,60,190,87,103,11,15,76,88,Nishioka Y.,31,215,99,116,15,15,84,101,Adelaide International 1,Adelaide,Outdoor,Hard,2023-01-04,2.3,1.62,0
Djere L.,38,243,120,123,10,22,110,101,Marterer M.,144,91,31,60,2,8,29,52,Maharashtra Open,Pune,Outdoor,Hard,2023-01-04,1.57,2.38,0
Karatsev A.,75,136,66,70,10,22,56,48,Van Rijthoven T.,110,19,10,9,0,4,10,5,Maharashtra Open,Pune,Outdoor,Hard,2023-01-04,1.57,2.38,1
Martinez P.,135,118,50,68,7,6,43,62,Baez S.,72,95,47,48,6,6,41,42,Maharashtra Open,Pune,Outdoor,Hard,2023-01-04,1.91,1.91,1
Cecchinato M.,108,204,79,125,2,14,77,111,Griekspoor T.,37,97,47,50,7,14,40,36,Maharashtra Open,Pune,Outdoor,Hard,2023-01-04,3.4,1.33,0
Van De Zandschulp B.,44,117,63,54,11,11,52,43,Cobolli F.,148,14,5,9,0,1,5,8,Maharashtra Open,Pune,Outdoor,Hard,2023-01-04,1.29,3.75,1
Bonzi B.,107,83,37,46,10,13,27,33,Ruusuvuori E.,55,158,79,79,16,18,63,61,Maharashtra Open,Pune,Outdoor,Hard,2023-01-04,2.3,1.62,1
Krajinovic F.,93,240,115,125,38,34,77,91,Mmoh M.,112,55,20,35,0,3,20,32,Maharashtra Open,Pune,Outdoor,Hard,2023-01-04,1.8,2.0,1
Carballes Baena R.,64,207,91,116,11,10,80,106,Cilic M.,100,853,543,310,119,65,424,245,Maharashtra Open,Pune,Outdoor,Hard,2023-01-04,4.33,1.22,0
Giron M.,69,150,68,82,20,14,48,68,Popyrin A.,90,140,59,81,9,13,50,68,Adelaide International 1,Adelaide,Outdoor,Hard,2023-01-04,2.1,1.73,0
Marterer M.,144,91,31,60,2,8,29,52,Van De Zandschulp B.,44,117,63,54,11,11,52,43,Maharashtra Open,Pune,Outdoor,Hard,2023-01-05,3.0,1.4,0
Krajinovic F.,93,240,115,125,38,34,77,91,Bonzi B.,107,83,37,46,10,13,27,33,Maharashtra Open,Pune,Outdoor,Hard,2023-01-05,2.63,1.5,0
Karatsev A.,75,136,66,70,10,22,56,48,Martinez P.,135,118,50,68,7,6,43,62,Maharashtra Open,Pune,Outdoor,Hard,2023-01-05,1.5,2.63,1
Cilic M.,100,853,543,310,119,65,424,245,Griekspoor T.,37,97,47,50,7,14,40,36,Maharashtra Open,Pune,Outdoor,Hard,2023-01-05,1.44,2.75,0
Sinner J.,8,224,153,71,42,19,111,52,Kokkinakis T.,86,124,55,69,0,4,55,65,Adelaide International 1,Adelaide,Outdoor,Hard,2023-01-05,1.25,4.0,1
Korda S.,26,126,75,51,15,9,60,42,Bautista Agut R.,25,379,234,145,31,29,203,116,Adelaide International 1,Adelaide,Outdoor,Hard,2023-01-05,1.8,2.0,1
Djokovic N.,2,1207,1012,195,146,42,866,153,Halys Q.,79,72,23,49,3,10,20,39,Adelaide International 1,Adelaide,Outdoor,Hard,2023-01-05,1.03,15.0,1
Shapovalov D.,29,298,166,132,30,27,136,105,Safiullin R.,92,42,20,22,7,7,13,15,Adelaide International 1,Adelaide,Outdoor,Hard,2023-01-05,1.4,3.0,1
Shapovalov D.,29,298,166,132,30,27,136,105,Djokovic N.,2,1207,1012,195,146,42,866,153,Adelaide International 1,Adelaide,Outdoor,Hard,2023-01-06,5.5,1.14,0
Medvedev D.,3,406,289,117,69,27,220,90,Khachanov K.,11,378,217,161,44,38,173,123,Adelaide International 1,Adelaide,Outdoor,Hard,2023-01-06,1.25,4.0,1
Sinner J.,8,224,153,71,42,19,111,52,Korda S.,26,126,75,51,15,9,60,42,Adelaide International 1,Adelaide,Outdoor,Hard,2023-01-06,1.53,2.5,0
Nishioka Y.,31,215,99,116,15,15,84,101,Popyrin A.,90,140,59,81,9,13,50,68,Adelaide International 1,Adelaide,Outdoor,Hard,2023-01-06,1.73,2.1,1
Karatsev A.,75,136,66,70,10,22,56,48,Griekspoor T.,37,97,47,50,7,14,40,36,Maharashtra Open,Pune,Outdoor,Hard,2023-01-06,1.5,2.63,0
Bonzi B.,107,83,37,46,10,13,27,33,Van De Zandschulp B.,44,117,63,54,11,11,52,43,Maharashtra Open,Pune,Outdoor,Hard,2023-01-06,2.3,1.62,1
Djokovic N.,2,1207,1012,195,146,42,866,153,Medvedev D.,3,406,289,117,69,27,220,90,Adelaide International 1,Adelaide,Outdoor,Hard,2023-01-07,1.53,2.5,1
Nishioka Y.,31,215,99,116,15,15,84,101,Korda S.,26,126,75,51,15,9,60,42,Adelaide International 1,Adelaide,Outdoor,Hard,2023-01-07,3.4,1.33,0
Griekspoor T.,37,97,47,50,7,14,40,36,Bonzi B.,107,83,37,46,10,13,27,33,Maharashtra Open,Pune,Outdoor,Hard,2023-01-07,2.3,1.62,1
Korda S.,26,126,75,51,15,9,60,42,Djokovic N.,2,1207,1012,195,146,42,866,153,Adelaide International 1,Adelaide,Outdoor,Hard,2023-01-08,5.5,1.14,0
Cachin P.,54,52,23,29,1,3,22,26,Lestienne C.,109,40,13,27,6,9,7,18,ASB Classic,Auckland,Outdoor,Hard,2023-01-08,2.3,1.62,0
Sonego L.,43,221,107,114,19,17,88,97,Draper J.,55,51,29,22,2,3,27,19,Adelaide International 2,Adelaide,Outdoor,Hard,2023-01-09,2.75,1.44,0
Pannu K.,717,2,0,2,0,0,0,2,Gasquet R.,48,948,581,367,133,82,448,285,ASB Classic,Auckland,Outdoor,Hard,2023-01-09,10.0,1.06,0
Mannarino A.,27,567,264,303,60,73,204,230,Wolf J.J.,45,75,39,36,8,6,31,30,ASB Classic,Auckland,Outdoor,Hard,2023-01-09,1.8,2.0,0
Isner J.,114,755,465,290,53,45,412,245,Barrere G.,59,79,31,48,11,16,20,32,ASB Classic,Auckland,Outdoor,Hard,2023-01-09,1.53,2.5,0
Coria F.,108,99,43,56,2,6,41,50,Giron M.,69,150,68,82,20,14,48,68,ASB Classic,Auckland,Outdoor,Hard,2023-01-09,5.5,1.14,0
Mcdonald M.,60,190,87,103,11,15,76,88,Evans D.,30,251,124,127,18,16,106,111,Adelaide International 2,Adelaide,Outdoor,Hard,2023-01-09,2.5,1.53,1
Brooksby J.,39,79,46,33,6,5,40,28,Fognini F.,128,742,383,359,39,48,344,311,ASB Classic,Auckland,Outdoor,Hard,2023-01-09,1.4,3.0,1
Goffin D.,123,522,296,226,66,52,230,174,Bublik A.,25,219,110,109,39,30,71,79,ASB Classic,Auckland,Outdoor,Hard,2023-01-09,2.1,1.73,1
Popyrin A.,90,140,59,81,9,13,50,68,Kokkinakis T.,86,124,55,69,0,4,55,65,Adelaide International 2,Adelaide,Outdoor,Hard,2023-01-09,2.1,1.73,0
Nakashima B.,70,106,57,49,6,5,51,44,Davidovich Fokina A.,39,168,84,84,17,20,67,64,Adelaide International 2,Adelaide,Outdoor,Hard,2023-01-09,1.44,2.75,0
Kecmanovic M.,40,210,107,103,12,16,95,87,Edmund K.,473,233,113,120,19,10,94,110,Adelaide International 2,Adelaide,Outdoor,Hard,2023-01-09,1.17,5.0,1
Djere L.,38,243,120,123,10,22,110,101,Munar J.,104,178,75,103,7,12,68,91,ASB Classic,Auckland,Outdoor,Hard,2023-01-10,1.73,2.1,1
Molcan A.,120,86,45,41,1,6,44,35,Halys Q.,79,72,23,49,3,10,20,39,ASB Classic,Auckland,Outdoor,Hard,2023-01-10,3.2,1.36,0
Giron M.,69,150,68,82,20,14,48,68,Wolf J.J.,45,75,39,36,8,6,31,30,ASB Classic,Auckland,Outdoor,Hard,2023-01-10,2.2,1.67,1
Brooksby J.,39,79,46,33,6,5,40,28,Schwartzman D.,95,428,233,195,32,27,201,168,ASB Classic,Auckland,Outdoor,Hard,2023-01-10,1.53,2.5,1
Baez S.,72,95,47,48,6,6,41,42,Shelton B.,43,34,13,21,0,0,13,21,ASB Classic,Auckland,Outdoor,Hard,2023-01-10,3.0,1.4,0
Lehecka J.,33,61,30,31,4,4,26,27,Monteiro T.,121,171,69,102,9,11,60,91,ASB Classic,Auckland,Outdoor,Hard,2023-01-10,1.57,2.38,1
Eubanks C.,29,64,28,36,1,3,27,33,Humbert U.,36,170,80,90,23,21,57,69,ASB Classic,Auckland,Outdoor,Hard,2023-01-10,2.1,1.73,1
O Connell C.,74,65,26,39,0,0,26,39,Paul T.,14,204,111,93,19,13,92,80,Adelaide International 2,Adelaide,Outdoor,Hard,2023-01-10,2.75,1.44,0
Millman J.,140,256,113,143,21,22,92,121,Ramos-Vinolas A.,82,437,204,233,17,31,187,202,Adelaide International 2,Adelaide,Outdoor,Hard,2023-01-10,1.57,2.38,1
Haase R.,257,458,202,256,35,54,167,202,Bonzi B.,107,83,37,46,10,13,27,33,Adelaide International 2,Adelaide,Outdoor,Hard,2023-01-10,,,1
Huesler M.A.,88,58,21,37,8,8,13,29,Rinderknech A.,67,96,46,50,16,12,30,38,Adelaide International 2,Adelaide,Outdoor,Hard,2023-01-10,2.3,1.62,1
Kwon S.W.,68,108,53,55,12,6,41,49,Machac T.,108,18,6,12,1,1,5,11,Adelaide International 2,Adelaide,Outdoor,Hard,2023-01-10,1.8,2.0,1
Ymer M.,59,130,58,72,18,23,40,49,Ruusuvuori E.,55,158,79,79,16,18,63,61,Adelaide International 2,Adelaide,Outdoor,Hard,2023-01-10,1.8,2.0,1
Kubler J.,77,53,24,29,0,1,24,28,Etcheverry T.,34,60,26,34,5,3,21,31,Adelaide International 2,Adelaide,Outdoor,Hard,2023-01-10,1.44,2.75,1
Rublev A.,7,392,255,137,57,34,198,103,Kokkinakis T.,86,124,55,69,0,4,55,65,Adelaide International 2,Adelaide,Outdoor,Hard,2023-01-11,1.33,3.4,0
Ruud C.,4,275,176,99,19,16,157,83,Djere L.,38,243,120,123,10,22,110,101,ASB Classic,Auckland,Outdoor,Hard,2023-01-11,1.17,5.0,0
Barrere G.,59,79,31,48,11,16,20,32,Lestienne C.,109,40,13,27,6,9,7,18,ASB Classic,Auckland,Outdoor,Hard,2023-01-11,1.91,1.91,0
Goffin D.,123,522,296,226,66,52,230,174,Eubanks C.,29,64,28,36,1,3,27,33,ASB Classic,Auckland,Outdoor,Hard,2023-01-11,1.57,2.38,1
Kubler J.,77,53,24,29,0,1,24,28,Kecmanovic M.,40,210,107,103,12,16,95,87,Adelaide International 2,Adelaide,Outdoor,Hard,2023-01-11,2.5,1.53,0
Sousa J.,147,436,189,247,42,44,147,203,Gasquet R.,48,948,581,367,133,82,448,285,ASB Classic,Auckland,Outdoor,Hard,2023-01-11,3.2,1.36,0
Norrie C.,13,287,172,115,15,18,157,97,Lehecka J.,33,61,30,31,4,4,26,27,ASB Classic,Auckland,Outdoor,Hard,2023-01-11,1.25,4.0,1
Halys Q.,79,72,23,49,3,10,20,39,Shelton B.,43,34,13,21,0,0,13,21,ASB Classic,Auckland,Outdoor,Hard,2023-01-11,1.8,2.0,1
Paul T.,14,204,111,93,19,13,92,80,Draper J.,55,51,29,22,2,3,27,19,Adelaide International 2,Adelaide,Outdoor,Hard,2023-01-11,2.0,1.8,0
Huesler M.A.,88,58,21,37,8,8,13,29,Khachanov K.,11,378,217,161,44,38,173,123,Adelaide International 2,Adelaide,Outdoor,Hard,2023-01-11,3.4,1.33,0
Mcdonald M.,60,190,87,103,11,15,76,88,Ymer M.,59,130,58,72,18,23,40,49,Adelaide International 2,Adelaide,Outdoor,Hard,2023-01-11,2.1,1.73,0
Carreno Busta P.,16,352,214,138,33,25,181,113,Kwon S.W.,68,108,53,55,12,6,41,49,Adelaide International 2,Adelaide,Outdoor,Hard,2023-01-11,1.5,2.63,0
Bautista Agut R.,25,379,234,145,31,29,203,116,Haase R.,257,458,202,256,35,54,167,202,Adelaide International 2,Adelaide,Outdoor,Hard,2023-01-11,1.11,6.5,1
Millman J.,140,256,113,143,21,22,92,121,Davidovich Fokina A.,39,168,84,84,17,20,67,64,Adelaide International 2,Adelaide,Outdoor,Hard,2023-01-11,3.0,1.4,0
Djere L.,38,243,120,123,10,22,110,101,Lestienne C.,109,40,13,27,6,9,7,18,ASB Classic,Auckland,Outdoor,Hard,2023-01-12,1.67,2.2,0
Goffin D.,123,522,296,226,66,52,230,174,Gasquet R.,48,948,581,367,133,82,448,285,ASB Classic,Auckland,Outdoor,Hard,2023-01-12,1.62,2.3,0
Kecmanovic M.,40,210,107,103,12,16,95,87,Kokkinakis T.,86,124,55,69,0,4,55,65,Adelaide International 2,Adelaide,Outdoor,Hard,2023-01-12,2.3,1.62,0
Davidovich Fokina A.,39,168,84,84,17,20,67,64,Bautista Agut R.,25,379,234,145,31,29,203,116,Adelaide International 2,Adelaide,Outdoor,Hard,2023-01-12,2.3,1.62,0
Kwon S.W.,68,108,53,55,12,6,41,49,Ymer M.,59,130,58,72,18,23,40,49,Adelaide International 2,Adelaide,Outdoor,Hard,2023-01-12,2.2,1.67,1
Draper J.,55,51,29,22,2,3,27,19,Khachanov K.,11,378,217,161,44,38,173,123,Adelaide International 2,Adelaide,Outdoor,Hard,2023-01-12,2.0,1.8,1
Giron M.,69,150,68,82,20,14,48,68,Norrie C.,13,287,172,115,15,18,157,97,ASB Classic,Auckland,Outdoor,Hard,2023-01-12,3.75,1.29,0
Brooksby J.,39,79,46,33,6,5,40,28,Halys Q.,79,72,23,49,3,10,20,39,ASB Classic,Auckland,Outdoor,Hard,2023-01-12,1.91,1.91,1
Gasquet R.,48,948,581,367,133,82,448,285,Lestienne C.,109,40,13,27,6,9,7,18,ASB Classic,Auckland,Outdoor,Hard,2023-01-13,1.5,2.63,1
Norrie C.,13,287,172,115,15,18,157,97,Brooksby J.,39,79,46,33,6,5,40,28,ASB Classic,Auckland,Outdoor,Hard,2023-01-13,1.36,3.2,1
Bautista Agut R.,25,379,234,145,31,29,203,116,Kokkinakis T.,86,124,55,69,0,4,55,65,Adelaide International 2,Adelaide,Outdoor,Hard,2023-01-13,1.8,2.0,1
Kwon S.W.,68,108,53,55,12,6,41,49,Draper J.,55,51,29,22,2,3,27,19,Adelaide International 2,Adelaide,Outdoor,Hard,2023-01-13,3.2,1.36,1
Kwon S.W.,68,108,53,55,12,6,41,49,Bautista Agut R.,25,379,234,145,31,29,203,116,Adelaide International 2,Adelaide,Outdoor,Hard,2023-01-14,2.75,1.44,1
Norrie C.,13,287,172,115,15,18,157,97,Gasquet R.,48,948,581,367,133,82,448,285,ASB Classic,Auckland,Outdoor,Hard,2023-01-14,1.29,3.75,0
Lehecka J.,33,61,30,31,4,4,26,27,Coric B.,15,343,185,158,28,28,157,130,Australian Open,Melbourne,Outdoor,Hard,2023-01-16,3.2,1.36,1
Baez S.,72,95,47,48,6,6,41,42,Kubler J.,77,53,24,29,0,1,24,28,Australian Open,Melbourne,Outdoor,Hard,2023-01-16,3.4,1.33,0
Munar J.,104,178,75,103,7,12,68,91,Svrcina D.,216,2,1,1,0,0,1,1,Australian Open,Melbourne,Outdoor,Hard,2023-01-16,1.44,2.75,0
Huesler M.A.,88,58,21,37,8,8,13,29,Millman J.,140,256,113,143,21,22,92,121,Australian Open,Melbourne,Outdoor,Hard,2023-01-16,1.67,2.2,0
Kwon S.W.,68,108,53,55,12,6,41,49,Eubanks C.,29,64,28,36,1,3,27,33,Australian Open,Melbourne,Outdoor,Hard,2023-01-16,1.57,2.38,0
Coria F.,108,99,43,56,2,6,41,50,Fucsovics M.,67,249,121,128,26,24,95,104,Australian Open,Melbourne,Outdoor,Hard,2023-01-16,5.5,1.14,0
Hijikata R.,110,16,7,9,0,0,7,9,Hanfmann Y.,50,99,50,49,5,4,45,45,Australian Open,Melbourne,Outdoor,Hard,2023-01-16,2.0,1.8,1
Norrie C.,13,287,172,115,15,18,157,97,Van Assche L.,68,20,7,13,0,3,7,10,Australian Open,Melbourne,Outdoor,Hard,2023-01-16,1.06,10.0,1
Medvedev D.,3,406,289,117,69,27,220,90,Giron M.,69,150,68,82,20,14,48,68,Australian Open,Melbourne,Outdoor,Hard,2023-01-16,1.03,17.0,1
Halys Q.,79,72,23,49,3,10,20,39,Tsitsipas S.,5,390,264,126,49,32,215,94,Australian Open,Melbourne,Outdoor,Hard,2023-01-16,5.5,1.14,0
Monteiro T.,121,171,69,102,9,11,60,91,Lestienne C.,109,40,13,27,6,9,7,18,Australian Open,Melbourne,Outdoor,Hard,2023-01-16,1.73,2.1,0
Musetti L.,18,143,79,64,12,12,67,52,Harris L.,186,129,59,70,7,8,52,62,Australian Open,Melbourne,Outdoor,Hard,2023-01-16,1.33,3.4,0
Sonego L.,43,221,107,114,19,17,88,97,Borges N.,69,28,10,18,1,1,9,17,Australian Open,Melbourne,Outdoor,Hard,2023-01-16,1.3,3.5,1
Wawrinka S.,72,854,535,319,84,69,451,250,Molcan A.,120,86,45,41,1,6,44,35,Australian Open,Melbourne,Outdoor,Hard,2023-01-16,1.29,3.75,0
Daniel T.,111,178,67,111,3,10,64,101,Escobedo E.,377,57,20,37,2,2,18,35,Australian Open,Melbourne,Outdoor,Hard,2023-01-16,1.57,2.38,1
Pospisil V.,99,280,122,158,39,34,83,124,Auger-Aliassime F.,12,268,163,105,48,22,115,83,Australian Open,Melbourne,Outdoor,Hard,2023-01-16,9.0,1.07,0
Altmaier D.,51,79,28,51,1,5,27,46,Tiafoe F.,10,303,158,145,24,23,134,122,Australian Open,Melbourne,Outdoor,Hard,2023-01-16,7.0,1.1,0
Draper J.,55,51,29,22,2,3,27,19,Nadal R.,2,1223,1017,206,76,40,941,166,Australian Open,Melbourne,Outdoor,Hard,2023-01-16,3.2,1.36,0
Moutet C.,80,118,50,68,5,11,45,57,Wu Y.,90,36,15,21,5,0,10,21,Australian Open,Melbourne,Outdoor,Hard,2023-01-16,2.38,1.57,1
Ivashka I.,113,159,78,81,19,18,59,63,Van De Zandschulp B.,44,117,63,54,11,11,52,43,Australian Open,Melbourne,Outdoor,Hard,2023-01-16,3.2,1.36,0
Barrere G.,59,79,31,48,11,16,20,32,Etcheverry T.,34,60,26,34,5,3,21,31,Australian Open,Melbourne,Outdoor,Hard,2023-01-16,1.62,2.3,0
Edmund K.,473,233,113,120,19,10,94,110,Sinner J.,8,224,153,71,42,19,111,52,Australian Open,Melbourne,Outdoor,Hard,2023-01-16,10.0,1.06,0
Cerundolo F.,21,104,58,46,3,7,55,39,Pella G.,199,260,118,142,14,16,104,126,Australian Open,Melbourne,Outdoor,Hard,2023-01-16,1.13,6.0,1
Shang J.,149,12,4,8,0,0,4,8,Otte O.,233,78,33,45,6,14,27,31,Australian Open,Melbourne,Outdoor,Hard,2023-01-16,2.75,1.44,1
Rinderknech A.,67,96,46,50,16,12,30,38,Watanuki Y.,99,25,11,14,0,0,11,14,Australian Open,Melbourne,Outdoor,Hard,2023-01-16,1.62,2.3,0
Korda S.,26,126,75,51,15,9,60,42,Garin C.,101,190,103,87,15,13,88,74,Australian Open,Melbourne,Outdoor,Hard,2023-01-16,1.08,8.0,1
Nishioka Y.,31,215,99,116,15,15,84,101,Ymer M.,59,130,58,72,18,23,40,49,Australian Open,Melbourne,Outdoor,Hard,2023-01-16,1.91,1.91,1
Lajovic D.,66,378,163,215,21,36,142,179,Shapovalov D.,29,298,166,132,30,27,136,105,Australian Open,Melbourne,Outdoor,Hard,2023-01-16,8.0,1.08,0
Kotov P.,89,25,10,15,1,4,9,11,Griekspoor T.,37,97,47,50,7,14,40,36,Australian Open,Melbourne,Outdoor,Hard,2023-01-16,3.2,1.36,0
Nakashima B.,70,106,57,49,6,5,51,44,Mcdonald M.,60,190,87,103,11,15,76,88,Australian Open,Melbourne,Outdoor,Hard,2023-01-16,1.53,2.5,0
Khachanov K.,11,378,217,161,44,38,173,123,Zapata Miralles B.,54,80,32,48,1,6,31,42,Australian Open,Melbourne,Outdoor,Hard,2023-01-16,1.07,9.0,1
Hurkacz H.,17,238,137,101,27,24,110,77,Martinez P.,135,118,50,68,7,6,43,62,Australian Open,Melbourne,Outdoor,Hard,2023-01-16,1.06,10.0,1
Shelton B.,43,34,13,21,0,0,13,21,Zhang Zh.,53,44,20,24,1,2,19,22,Australian Open,Melbourne,Outdoor,Hard,2023-01-17,1.4,3.0,1
Murray A.,44,932,687,245,132,47,555,198,Berrettini M.,38,217,142,75,14,11,128,64,Australian Open,Melbourne,Outdoor,Hard,2023-01-17,4.0,1.25,1
Zverev A.,19,500,346,154,60,31,286,123,Varillas J. P.,1345,20,9,11,2,1,7,10,Australian Open,Melbourne,Outdoor,Hard,2023-01-17,1.06,10.0,1
Paul T.,14,204,111,93,19,13,92,80,Struff J.L.,21,369,170,199,43,42,127,157,Australian Open,Melbourne,Outdoor,Hard,2023-01-17,1.4,3.0,1
Ruud C.,4,275,176,99,19,16,157,83,Machac T.,108,18,6,12,1,1,5,11,Australian Open,Melbourne,Outdoor,Hard,2023-01-17,1.17,5.0,1
De Minaur A.,19,272,161,111,30,19,131,92,Hsu Y.,209,1,0,1,0,0,0,1,Australian Open,Melbourne,Outdoor,Hard,2023-01-17,1.04,13.0,1
Popyrin A.,90,140,59,81,9,13,50,68,Tseng C. H.,108,8,2,6,0,1,2,5,Australian Open,Melbourne,Outdoor,Hard,2023-01-17,1.17,5.0,1
Carballes Baena R.,64,207,91,116,11,10,80,106,Djokovic N.,2,1207,1012,195,146,42,866,153,Australian Open,Melbourne,Outdoor,Hard,2023-01-17,29.0,1.01,0
Rune H.,6,131,83,48,28,9,55,39,Krajinovic F.,93,240,115,125,38,34,77,91,Australian Open,Melbourne,Outdoor,Hard,2023-01-17,1.14,5.5,1
O Connell C.,74,65,26,39,0,0,26,39,Brooksby J.,39,79,46,33,6,5,40,28,Australian Open,Melbourne,Outdoor,Hard,2023-01-17,2.75,1.44,0
Basilashvili N.,118,301,138,163,26,34,112,129,Fritz T.,9,356,205,151,26,22,179,129,Australian Open,Melbourne,Outdoor,Hard,2023-01-17,17.0,1.03,0
Davidovich Fokina A.,39,168,84,84,17,20,67,64,Bublik A.,25,219,110,109,39,30,71,79,Australian Open,Melbourne,Outdoor,Hard,2023-01-17,1.73,2.1,1
Carreno Busta P.,16,352,214,138,33,25,181,113,Cachin P.,54,52,23,29,1,3,22,26,Australian Open,Melbourne,Outdoor,Hard,2023-01-17,1.08,8.0,1
Jarry N.,28,141,73,68,9,6,64,62,Kecmanovic M.,40,210,107,103,12,16,95,87,Australian Open,Melbourne,Outdoor,Hard,2023-01-17,3.5,1.3,1
Krutykh O.,180,3,0,3,0,0,0,3,Schwartzman D.,95,428,233,195,32,27,201,168,Australian Open,Melbourne,Outdoor,Hard,2023-01-17,2.63,1.5,0
Bergs Z.,175,15,4,11,1,5,3,6,Djere L.,38,243,120,123,10,22,110,101,Australian Open,Melbourne,Outdoor,Hard,2023-01-17,2.75,1.44,0
Dimitrov G.,20,651,389,262,79,50,310,212,Karatsev A.,75,136,66,70,10,22,56,48,Australian Open,Melbourne,Outdoor,Hard,2023-01-17,1.4,3.0,1
Bellucci M.,152,1,0,1,0,0,0,1,Bonzi B.,107,83,37,46,10,13,27,33,Australian Open,Melbourne,Outdoor,Hard,2023-01-17,3.0,1.4,0
Evans D.,30,251,124,127,18,16,106,111,Bagnis F.,135,121,39,82,9,8,30,74,Australian Open,Melbourne,Outdoor,Hard,2023-01-17,1.11,6.5,1
Galan D.E.,76,78,33,45,3,5,30,40,Chardy J.,542,591,289,302,44,48,245,254,Australian Open,Melbourne,Outdoor,Hard,2023-01-17,1.36,3.2,0
Thiem D.,116,517,327,190,53,39,274,151,Rublev A.,7,392,255,137,57,34,198,103,Australian Open,Melbourne,Outdoor,Hard,2023-01-17,4.0,1.25,0
Wolf J.J.,45,75,39,36,8,6,31,30,Thompson J.,71,221,96,125,10,10,86,115,Australian Open,Melbourne,Outdoor,Hard,2023-01-17,1.57,2.38,1
Millman J.,140,256,113,143,21,22,92,121,Medvedev D.,3,406,289,117,69,27,220,90,Australian Open,Melbourne,Outdoor,Hard,2023-01-18,19.0,1.02,0
Svrcina D.,216,2,1,1,0,0,1,1,Nishioka Y.,31,215,99,116,15,15,84,101,Australian Open,Melbourne,Outdoor,Hard,2023-01-18,4.0,1.25,0
Cerundolo F.,21,104,58,46,3,7,55,39,Moutet C.,80,118,50,68,5,11,45,57,Australian Open,Melbourne,Outdoor,Hard,2023-01-18,1.91,1.91,1
Daniel T.,111,178,67,111,3,10,64,101,Shapovalov D.,29,298,166,132,30,27,136,105,Australian Open,Melbourne,Outdoor,Hard,2023-01-18,5.0,1.17,0
Hurkacz H.,17,238,137,101,27,24,110,77,Sonego L.,43,221,107,114,19,17,88,97,Australian Open,Melbourne,Outdoor,Hard,2023-01-18,1.25,4.0,1
Norrie C.,13,287,172,115,15,18,157,97,Lestienne C.,109,40,13,27,6,9,7,18,Australian Open,Melbourne,Outdoor,Hard,2023-01-18,1.1,7.0,1
Watanuki Y.,99,25,11,14,0,0,11,14,Korda S.,26,126,75,51,15,9,60,42,Australian Open,Melbourne,Outdoor,Hard,2023-01-18,4.33,1.22,0
Griekspoor T.,37,97,47,50,7,14,40,36,Van De Zandschulp B.,44,117,63,54,11,11,52,43,Australian Open,Melbourne,Outdoor,Hard,2023-01-18,2.1,1.73,1
Eubanks C.,29,64,28,36,1,3,27,33,Lehecka J.,33,61,30,31,4,4,26,27,Australian Open,Melbourne,Outdoor,Hard,2023-01-18,2.75,1.44,0
Khachanov K.,11,378,217,161,44,38,173,123,Kubler J.,77,53,24,29,0,1,24,28,Australian Open,Melbourne,Outdoor,Hard,2023-01-18,1.29,3.75,1
Tsitsipas S.,5,390,264,126,49,32,215,94,Hijikata R.,110,16,7,9,0,0,7,9,Australian Open,Melbourne,Outdoor,Hard,2023-01-18,1.05,11.0,1
Tiafoe F.,10,303,158,145,24,23,134,122,Shang J.,149,12,4,8,0,0,4,8,Australian Open,Melbourne,Outdoor,Hard,2023-01-18,1.14,5.5,1
Fucsovics M.,67,249,121,128,26,24,95,104,Harris L.,186,129,59,70,7,8,52,62,Australian Open,Melbourne,Outdoor,Hard,2023-01-18,1.8,2.0,1
Molcan A.,120,86,45,41,1,6,44,35,Auger-Aliassime F.,12,268,163,105,48,22,115,83,Australian Open,Melbourne,Outdoor,Hard,2023-01-18,11.0,1.05,0
Mcdonald M.,60,190,87,103,11,15,76,88,Nadal R.,2,1223,1017,206,76,40,941,166,Australian Open,Melbourne,Outdoor,Hard,2023-01-18,9.0,1.07,1
Ruusuvuori E.,55,158,79,79,16,18,63,61,Purcell M.,78,28,9,19,0,0,9,19,Australian Open,Melbourne,Outdoor,Hard,2023-01-18,1.36,3.2,1
Gasquet R.,48,948,581,367,133,82,448,285,Humbert U.,36,170,80,90,23,21,57,69,Australian Open,Melbourne,Outdoor,Hard,2023-01-18,1.73,2.1,0
Kudla D.,137,198,70,128,5,14,65,114,Safiullin R.,92,42,20,22,7,7,13,15,Australian Open,Melbourne,Outdoor,Hard,2023-01-18,3.2,1.36,1
Isner J.,114,755,465,290,53,45,412,245,Mannarino A.,27,567,264,303,60,73,204,230,Australian Open,Melbourne,Outdoor,Hard,2023-01-18,1.8,2.0,0
Holt B.,193,7,2,5,0,1,2,4,Vukic A.,62,36,15,21,2,1,13,20,Australian Open,Melbourne,Outdoor,Hard,2023-01-18,2.38,1.57,1
Lokoli L.,199,8,0,8,0,3,0,5,Mmoh M.,112,55,20,35,0,3,20,32,Australian Open,Melbourne,Outdoor,Hard,2023-01-18,2.5,1.53,0
Couacaud E.,158,9,2,7,0,1,2,6,Dellien H.,164,70,22,48,5,5,17,43,Australian Open,Melbourne,Outdoor,Hard,2023-01-18,1.11,6.5,1
Ramos-Vinolas A.,82,437,204,233,17,31,187,202,Cressy M.,96,96,42,54,10,11,32,43,Australian Open,Melbourne,Outdoor,Hard,2023-01-18,3.2,1.36,0
Fognini F.,128,742,383,359,39,48,344,311,Kokkinakis T.,86,124,55,69,0,4,55,65,Australian Open,Melbourne,Outdoor,Hard,2023-01-18,5.0,1.17,0
Etcheverry T.,34,60,26,34,5,3,21,31,Sinner J.,8,224,153,71,42,19,111,52,Australian Open,Melbourne,Outdoor,Hard,2023-01-18,11.0,1.05,0
Bautista Agut R.,25,379,234,145,31,29,203,116,Sousa J.,147,436,189,247,42,44,147,203,Australian Open,Melbourne,Outdoor,Hard,2023-01-18,1.08,8.0,1
Djere L.,38,243,120,123,10,22,110,101,Dimitrov G.,20,651,389,262,79,50,310,212,Australian Open,Melbourne,Outdoor,Hard,2023-01-19,3.75,1.29,0
Kokkinakis T.,86,124,55,69,0,4,55,65,Murray A.,44,932,687,245,132,47,555,198,Australian Open,Melbourne,Outdoor,Hard,2023-01-19,1.57,2.38,0
Mannarino A.,27,567,264,303,60,73,204,230,De Minaur A.,19,272,161,111,30,19,131,92,Australian Open,Melbourne,Outdoor,Hard,2023-01-19,5.0,1.17,0
Bonzi B.,107,83,37,46,10,13,27,33,Carreno Busta P.,16,352,214,138,33,25,181,113,Australian Open,Melbourne,Outdoor,Hard,2023-01-19,3.2,1.36,1
Holt B.,193,7,2,5,0,1,2,4,Bautista Agut R.,25,379,234,145,31,29,203,116,Australian Open,Melbourne,Outdoor,Hard,2023-01-19,7.0,1.1,0
Cressy M.,96,96,42,54,10,11,32,43,Rune H.,6,131,83,48,28,9,55,39,Australian Open,Melbourne,Outdoor,Hard,2023-01-19,5.0,1.17,0
Zverev A.,19,500,346,154,60,31,286,123,Mmoh M.,112,55,20,35,0,3,20,32,Australian Open,Melbourne,Outdoor,Hard,2023-01-19,1.2,4.5,0
Djokovic N.,2,1207,1012,195,146,42,866,153,Couacaud E.,158,9,2,7,0,1,2,6,Australian Open,Melbourne,Outdoor,Hard,2023-01-19,1.01,29.0,1
Popyrin A.,90,140,59,81,9,13,50,68,Fritz T.,9,356,205,151,26,22,179,129,Australian Open,Melbourne,Outdoor,Hard,2023-01-19,6.5,1.11,1
Wolf J.J.,45,75,39,36,8,6,31,30,Schwartzman D.,95,428,233,195,32,27,201,168,Australian Open,Melbourne,Outdoor,Hard,2023-01-19,1.53,2.5,1
Jarry N.,28,141,73,68,9,6,64,62,Shelton B.,43,34,13,21,0,0,13,21,Australian Open,Melbourne,Outdoor,Hard,2023-01-19,2.0,1.8,0
Rublev A.,7,392,255,137,57,34,198,103,Ruusuvuori E.,55,158,79,79,16,18,63,61,Australian Open,Melbourne,Outdoor,Hard,2023-01-19,1.22,4.33,1
Brooksby J.,39,79,46,33,6,5,40,28,Ruud C.,4,275,176,99,19,16,157,83,Australian Open,Melbourne,Outdoor,Hard,2023-01-19,3.4,1.33,1
Paul T.,14,204,111,93,19,13,92,80,Davidovich Fokina A.,39,168,84,84,17,20,67,64,Australian Open,Melbourne,Outdoor,Hard,2023-01-19,1.5,2.63,1
Evans D.,30,251,124,127,18,16,106,111,Chardy J.,542,591,289,302,44,48,245,254,Australian Open,Melbourne,Outdoor,Hard,2023-01-19,1.13,6.0,1
Humbert U.,36,170,80,90,23,21,57,69,Kudla D.,137,198,70,128,5,14,65,114,Australian Open,Melbourne,Outdoor,Hard,2023-01-19,1.44,2.75,1
Korda S.,26,126,75,51,15,9,60,42,Medvedev D.,3,406,289,117,69,27,220,90,Australian Open,Melbourne,Outdoor,Hard,2023-01-20,4.5,1.2,1
Tiafoe F.,10,303,158,145,24,23,134,122,Khachanov K.,11,378,217,161,44,38,173,123,Australian Open,Melbourne,Outdoor,Hard,2023-01-20,1.8,2.0,0
Shapovalov D.,29,298,166,132,30,27,136,105,Hurkacz H.,17,238,137,101,27,24,110,77,Australian Open,Melbourne,Outdoor,Hard,2023-01-20,1.91,1.91,0
Lehecka J.,33,61,30,31,4,4,26,27,Norrie C.,13,287,172,115,15,18,157,97,Australian Open,Melbourne,Outdoor,Hard,2023-01-20,3.4,1.33,1
Tsitsipas S.,5,390,264,126,49,32,215,94,Griekspoor T.,37,97,47,50,7,14,40,36,Australian Open,Melbourne,Outdoor,Hard,2023-01-20,1.1,7.0,1
Mcdonald M.,60,190,87,103,11,15,76,88,Nishioka Y.,31,215,99,116,15,15,84,101,Australian Open,Melbourne,Outdoor,Hard,2023-01-20,2.38,1.57,0
Fucsovics M.,67,249,121,128,26,24,95,104,Sinner J.,8,224,153,71,42,19,111,52,Australian Open,Melbourne,Outdoor,Hard,2023-01-20,7.0,1.1,0
Cerundolo F.,21,104,58,46,3,7,55,39,Auger-Aliassime F.,12,268,163,105,48,22,115,83,Australian Open,Melbourne,Outdoor,Hard,2023-01-20,6.5,1.11,0
Shelton B.,43,34,13,21,0,0,13,21,Popyrin A.,90,140,59,81,9,13,50,68,Australian Open,Melbourne,Outdoor,Hard,2023-01-21,2.3,1.62,1
Dimitrov G.,20,651,389,262,79,50,310,212,Djokovic N.,2,1207,1012,195,146,42,866,153,Australian Open,Melbourne,Outdoor,Hard,2023-01-21,4.5,1.2,0
Bautista Agut R.,25,379,234,145,31,29,203,116,Murray A.,44,932,687,245,132,47,555,198,Australian Open,Melbourne,Outdoor,Hard,2023-01-21,1.33,3.4,1
Wolf J.J.,45,75,39,36,8,6,31,30,Mmoh M.,112,55,20,35,0,3,20,32,Australian Open,Melbourne,Outdoor,Hard,2023-01-21,1.33,3.4,1
Evans D.,30,251,124,127,18,16,106,111,Rublev A.,7,392,255,137,57,34,198,103,Australian Open,Melbourne,Outdoor,Hard,2023-01-21,3.5,1.3,0
Bonzi B.,107,83,37,46,10,13,27,33,De Minaur A.,19,272,161,111,30,19,131,92,Australian Open,Melbourne,Outdoor,Hard,2023-01-21,4.33,1.22,0
Rune H.,6,131,83,48,28,9,55,39,Humbert U.,36,170,80,90,23,21,57,69,Australian Open,Melbourne,Outdoor,Hard,2023-01-21,1.17,5.0,1
Paul T.,14,204,111,93,19,13,92,80,Brooksby J.,39,79,46,33,6,5,40,28,Australian Open,Melbourne,Outdoor,Hard,2023-01-21,1.67,2.2,1
Hurkacz H.,17,238,137,101,27,24,110,77,Korda S.,26,126,75,51,15,9,60,42,Australian Open,Melbourne,Outdoor,Hard,2023-01-22,2.5,1.53,0
Khachanov K.,11,378,217,161,44,38,173,123,Nishioka Y.,31,215,99,116,15,15,84,101,Australian Open,Melbourne,Outdoor,Hard,2023-01-22,1.4,3.0,1
Lehecka J.,33,61,30,31,4,4,26,27,Auger-Aliassime F.,12,268,163,105,48,22,115,83,Australian Open,Melbourne,Outdoor,Hard,2023-01-22,4.5,1.2,1
Tsitsipas S.,5,390,264,126,49,32,215,94,Sinner J.,8,224,153,71,42,19,111,52,Australian Open,Melbourne,Outdoor,Hard,2023-01-22,1.44,2.75,1
Wolf J.J.,45,75,39,36,8,6,31,30,Shelton B.,43,34,13,21,0,0,13,21,Australian Open,Melbourne,Outdoor,Hard,2023-01-23,1.91,1.91,0
Rublev A.,7,392,255,137,57,34,198,103,Rune H.,6,131,83,48,28,9,55,39,Australian Open,Melbourne,Outdoor,Hard,2023-01-23,2.1,1.73,1
Bautista Agut R.,25,379,234,145,31,29,203,116,Paul T.,14,204,111,93,19,13,92,80,Australian Open,Melbourne,Outdoor,Hard,2023-01-23,2.1,1.73,0
Djokovic N.,2,1207,1012,195,146,42,866,153,De Minaur A.,19,272,161,111,30,19,131,92,Australian Open,Melbourne,Outdoor,Hard,2023-01-23,1.2,4.5,1
Korda S.,26,126,75,51,15,9,60,42,Khachanov K.,11,378,217,161,44,38,173,123,Australian Open,Melbourne,Outdoor,Hard,2023-01-24,1.8,2.0,0
Lehecka J.,33,61,30,31,4,4,26,27,Tsitsipas S.,5,390,264,126,49,32,215,94,Australian Open,Melbourne,Outdoor,Hard,2023-01-24,5.5,1.14,0
Rublev A.,7,392,255,137,57,34,198,103,Djokovic N.,2,1207,1012,195,146,42,866,153,Australian Open,Melbourne,Outdoor,Hard,2023-01-25,6.5,1.11,0
Paul T.,14,204,111,93,19,13,92,80,Shelton B.,43,34,13,21,0,0,13,21,Australian Open,Melbourne,Outdoor,Hard,2023-01-25,1.33,3.4,1
Khachanov K.,11,378,217,161,44,38,173,123,Tsitsipas S.,5,390,264,126,49,32,215,94,Australian Open,Melbourne,Outdoor,Hard,2023-01-27,3.5,1.3,0
Djokovic N.,2,1207,1012,195,146,42,866,153,Paul T.,14,204,111,93,19,13,92,80,Australian Open,Melbourne,Outdoor,Hard,2023-01-27,1.05,11.0,1
Tsitsipas S.,5,390,264,126,49,32,215,94,Djokovic N.,2,1207,1012,195,146,42,866,153,Australian Open,Melbourne,Outdoor,Hard,2023-01-29,4.8,1.2,0
Fils A.,71,24,15,9,6,3,9,6,Gasquet R.,48,948,581,367,133,82,448,285,Open Sud de France,Montpellier,Indoor,Hard,2023-02-06,2.63,1.5,1
Lestienne C.,109,40,13,27,6,9,7,18,Basilashvili N.,118,301,138,163,26,34,112,129,Open Sud de France,Montpellier,Indoor,Hard,2023-02-06,1.4,3.0,0
Carballes Baena R.,64,207,91,116,11,10,80,106,Zapata Miralles B.,54,80,32,48,1,6,31,42,Cordoba Open,Cordoba,Outdoor,Clay,2023-02-06,1.5,2.63,0
Varillas J. P.,1345,20,9,11,2,1,7,10,Lajovic D.,66,378,163,215,21,36,142,179,Cordoba Open,Cordoba,Outdoor,Clay,2023-02-06,1.67,2.2,0
Karatsev A.,75,136,66,70,10,22,56,48,Krajinovic F.,93,240,115,125,38,34,77,91,Open Sud de France,Montpellier,Indoor,Hard,2023-02-07,2.0,1.8,0
Halys Q.,79,72,23,49,3,10,20,39,Chidekh C.,434,1,0,1,0,1,0,0,Open Sud de France,Montpellier,Indoor,Hard,2023-02-07,1.33,3.4,1
Cressy M.,96,96,42,54,10,11,32,43,Bellier A.,190,9,4,5,1,2,3,3,Open Sud de France,Montpellier,Indoor,Hard,2023-02-07,1.22,4.33,1
Wolf J.J.,45,75,39,36,8,6,31,30,Holt B.,193,7,2,5,0,1,2,4,Dallas Open,Dallas,Indoor,Hard,2023-02-07,1.33,3.4,1
Van Assche L.,68,20,7,13,0,3,7,10,Huesler M.A.,88,58,21,37,8,8,13,29,Open Sud de France,Montpellier,Indoor,Hard,2023-02-07,2.75,1.44,0
Bonzi B.,107,83,37,46,10,13,27,33,Sonego L.,43,221,107,114,19,17,88,97,Open Sud de France,Montpellier,Indoor,Hard,2023-02-07,1.8,2.0,0
Rinderknech A.,67,96,46,50,16,12,30,38,Nardi L.,151,11,2,9,1,3,1,6,Open Sud de France,Montpellier,Indoor,Hard,2023-02-07,1.57,2.38,1
Mcdonald M.,60,190,87,103,11,15,76,88,Verdasco F.,244,962,537,425,79,79,458,346,Dallas Open,Dallas,Indoor,Hard,2023-02-07,1.25,4.0,1
Thompson J.,71,221,96,125,10,10,86,115,Kudla D.,137,198,70,128,5,14,65,114,Dallas Open,Dallas,Indoor,Hard,2023-02-07,1.73,2.1,1
Mannarino A.,27,567,264,303,60,73,204,230,Johnson S.,197,395,196,199,16,23,180,176,Dallas Open,Dallas,Indoor,Hard,2023-02-07,1.57,2.38,1
Blancaneaux G.,152,6,0,6,0,4,0,2,Fucsovics M.,67,249,121,128,26,24,95,104,Open Sud de France,Montpellier,Indoor,Hard,2023-02-07,3.75,1.29,0
Rybakov A.,378,1,0,1,0,1,0,0,Giron M.,69,150,68,82,20,14,48,68,Dallas Open,Dallas,Indoor,Hard,2023-02-07,5.5,1.14,0
Sock J.,166,324,177,147,38,24,139,123,Ivashka I.,113,159,78,81,19,18,59,63,Dallas Open,Dallas,Indoor,Hard,2023-02-07,3.0,1.4,1
Tabilo A.,122,44,21,23,5,4,16,19,Delbonis F.,131,340,152,188,19,23,133,165,Cordoba Open,Cordoba,Outdoor,Clay,2023-02-07,1.8,2.0,0
Martinez P.,135,118,50,68,7,6,43,62,Garin C.,101,190,103,87,15,13,88,74,Cordoba Open,Cordoba,Outdoor,Clay,2023-02-07,2.0,1.8,0
Galan D.E.,76,78,33,45,3,5,30,40,Barrios M.,121,10,3,7,0,0,3,7,Cordoba Open,Cordoba,Outdoor,Clay,2023-02-07,2.0,1.8,0
Monteiro T.,121,171,69,102,9,11,60,91,Coria F.,108,99,43,56,2,6,41,50,Cordoba Open,Cordoba,Outdoor,Clay,2023-02-07,2.3,1.62,0
Darderi L.,184,3,1,2,0,0,1,2,Gaston H.,109,58,24,34,5,9,19,25,Cordoba Open,Cordoba,Outdoor,Clay,2023-02-07,1.73,2.1,1
Cerundolo J.M.,106,29,12,17,2,3,10,14,Andujar P.,323,404,164,240,12,30,152,210,Cordoba Open,Cordoba,Outdoor,Clay,2023-02-07,1.2,4.5,1
Tseng C. H.,108,8,2,6,0,1,2,5,Isner J.,114,755,465,290,53,45,412,245,Dallas Open,Dallas,Indoor,Hard,2023-02-08,4.0,1.25,0
Svajda Z.,233,8,2,6,0,1,2,5,Altmaier D.,51,79,28,51,1,5,27,46,Dallas Open,Dallas,Indoor,Hard,2023-02-08,1.91,1.91,0
Otte O.,233,78,33,45,6,14,27,31,Eubanks C.,29,64,28,36,1,3,27,33,Dallas Open,Dallas,Indoor,Hard,2023-02-08,2.3,1.62,1
Albot R.,97,215,86,129,26,26,60,103,Wolf J.J.,45,75,39,36,8,6,31,30,Dallas Open,Dallas,Indoor,Hard,2023-02-08,5.5,1.14,0
Mmoh M.,112,55,20,35,0,3,20,32,Wu Y.,90,36,15,21,5,0,10,21,Dallas Open,Dallas,Indoor,Hard,2023-02-08,2.2,1.67,0
Diallo G.,140,3,0,3,0,1,0,2,Gomez E.,155,26,7,19,2,2,5,17,Dallas Open,Dallas,Indoor,Hard,2023-02-08,2.1,1.73,0
Krall L.,0,1,0,1,0,1,0,0,Albot R.,97,215,86,129,26,26,60,103,Dallas Open,Dallas,Indoor,Hard,2023-02-08,11.0,1.05,0
Davidovich Fokina A.,39,168,84,84,17,20,67,64,Humbert U.,36,170,80,90,23,21,57,69,Open Sud de France,Montpellier,Indoor,Hard,2023-02-08,2.2,1.67,1
Barrere G.,59,79,31,48,11,16,20,32,Bublik A.,25,219,110,109,39,30,71,79,Open Sud de France,Montpellier,Indoor,Hard,2023-02-08,1.8,2.0,1
Sinner J.,8,224,153,71,42,19,111,52,Fucsovics M.,67,249,121,128,26,24,95,104,Open Sud de France,Montpellier,Indoor,Hard,2023-02-08,1.14,5.5,1
Bautista Agut R.,25,379,234,145,31,29,203,116,Fils A.,71,24,15,9,6,3,9,6,Open Sud de France,Montpellier,Indoor,Hard,2023-02-08,1.29,3.75,0
Barrios M.,121,10,3,7,0,0,3,7,Zapata Miralles B.,54,80,32,48,1,6,31,42,Cordoba Open,Cordoba,Outdoor,Clay,2023-02-08,2.38,1.57,1
Cachin P.,54,52,23,29,1,3,22,26,Dellien H.,164,70,22,48,5,5,17,43,Cordoba Open,Cordoba,Outdoor,Clay,2023-02-08,2.3,1.62,0
Bagnis F.,135,121,39,82,9,8,30,74,Cecchinato M.,108,204,79,125,2,14,77,111,Cordoba Open,Cordoba,Outdoor,Clay,2023-02-08,1.73,2.1,0
Sousa J.,147,436,189,247,42,44,147,203,Etcheverry T.,34,60,26,34,5,3,21,31,Cordoba Open,Cordoba,Outdoor,Clay,2023-02-08,3.75,1.29,1
Pella G.,199,260,118,142,14,16,104,126,Vavassori A.,128,12,5,7,1,1,4,6,Cordoba Open,Cordoba,Outdoor,Clay,2023-02-08,2.5,1.53,1
Ruusuvuori E.,55,158,79,79,16,18,63,61,Ymer M.,59,130,58,72,18,23,40,49,Open Sud de France,Montpellier,Indoor,Hard,2023-02-08,2.0,1.8,1
Cressy M.,96,96,42,54,10,11,32,43,Ruusuvuori E.,55,158,79,79,16,18,63,61,Open Sud de France,Montpellier,Indoor,Hard,2023-02-09,2.75,1.44,1
Halys Q.,79,72,23,49,3,10,20,39,Davidovich Fokina A.,39,168,84,84,17,20,67,64,Open Sud de France,Montpellier,Indoor,Hard,2023-02-09,2.1,1.73,1
Huesler M.A.,88,58,21,37,8,8,13,29,Rune H.,6,131,83,48,28,9,55,39,Open Sud de France,Montpellier,Indoor,Hard,2023-02-09,3.5,1.3,0
Barrere G.,59,79,31,48,11,16,20,32,Basilashvili N.,118,301,138,163,26,34,112,129,Open Sud de France,Montpellier,Indoor,Hard,2023-02-09,1.53,2.5,1
Wu Y.,90,36,15,21,5,0,10,21,Shapovalov D.,29,298,166,132,30,27,136,105,Dallas Open,Dallas,Indoor,Hard,2023-02-09,3.2,1.36,1
Rinderknech A.,67,96,46,50,16,12,30,38,Coric B.,15,343,185,158,28,28,157,130,Open Sud de France,Montpellier,Indoor,Hard,2023-02-09,3.0,1.4,0
Darderi L.,184,3,1,2,0,0,1,2,Baez S.,72,95,47,48,6,6,41,42,Cordoba Open,Cordoba,Outdoor,Clay,2023-02-09,2.75,1.44,0
Garin C.,101,190,103,87,15,13,88,74,Sousa J.,147,436,189,247,42,44,147,203,Cordoba Open,Cordoba,Outdoor,Clay,2023-02-09,1.25,4.0,0
Coria F.,108,99,43,56,2,6,41,50,Cecchinato M.,108,204,79,125,2,14,77,111,Cordoba Open,Cordoba,Outdoor,Clay,2023-02-09,1.57,2.38,1
Pella G.,199,260,118,142,14,16,104,126,Dellien H.,164,70,22,48,5,5,17,43,Cordoba Open,Cordoba,Outdoor,Clay,2023-02-09,2.75,1.44,0
Thompson J.,71,221,96,125,10,10,86,115,Mannarino A.,27,567,264,303,60,73,204,230,Dallas Open,Dallas,Indoor,Hard,2023-02-09,2.5,1.53,0
Ramos-Vinolas A.,82,437,204,233,17,31,187,202,Lajovic D.,66,378,163,215,21,36,142,179,Cordoba Open,Cordoba,Outdoor,Clay,2023-02-09,1.73,2.1,1
Gomez E.,155,26,7,19,2,2,5,17,Kecmanovic M.,40,210,107,103,12,16,95,87,Dallas Open,Dallas,Indoor,Hard,2023-02-09,3.75,1.29,1
Cerundolo F.,21,104,58,46,3,7,55,39,Delbonis F.,131,340,152,188,19,23,133,165,Cordoba Open,Cordoba,Outdoor,Clay,2023-02-09,1.53,2.5,1
Tiafoe F.,10,303,158,145,24,23,134,122,Mcdonald M.,60,190,87,103,11,15,76,88,Dallas Open,Dallas,Indoor,Hard,2023-02-09,1.5,2.63,1
Krajinovic F.,93,240,115,125,38,34,77,91,Sonego L.,43,221,107,114,19,17,88,97,Open Sud de France,Montpellier,Indoor,Hard,2023-02-09,2.5,1.53,0
Isner J.,114,755,465,290,53,45,412,245,Altmaier D.,51,79,28,51,1,5,27,46,Dallas Open,Dallas,Indoor,Hard,2023-02-09,1.44,2.75,1
Cerundolo J.M.,106,29,12,17,2,3,10,14,Schwartzman D.,95,428,233,195,32,27,201,168,Cordoba Open,Cordoba,Outdoor,Clay,2023-02-10,2.1,1.73,1
Ramos-Vinolas A.,82,437,204,233,17,31,187,202,Sousa J.,147,436,189,247,42,44,147,203,Cordoba Open,Cordoba,Outdoor,Clay,2023-02-10,1.36,3.2,1
Cerundolo F.,21,104,58,46,3,7,55,39,Coria F.,108,99,43,56,2,6,41,50,Cordoba Open,Cordoba,Outdoor,Clay,2023-02-10,2.2,1.67,0
Sock J.,166,324,177,147,38,24,139,123,Fritz T.,9,356,205,151,26,22,179,129,Dallas Open,Dallas,Indoor,Hard,2023-02-10,6.5,1.11,0
Dellien H.,164,70,22,48,5,5,17,43,Cerundolo J.M.,106,29,12,17,2,3,10,14,Cordoba Open,Cordoba,Outdoor,Clay,2023-02-10,2.3,1.62,1
Coric B.,15,343,185,158,28,28,157,130,Cressy M.,96,96,42,54,10,11,32,43,Open Sud de France,Montpellier,Indoor,Hard,2023-02-10,1.36,3.2,0
Rune H.,6,131,83,48,28,9,55,39,Barrere G.,59,79,31,48,11,16,20,32,Open Sud de France,Montpellier,Indoor,Hard,2023-02-10,1.2,4.5,1
Halys Q.,79,72,23,49,3,10,20,39,Fils A.,71,24,15,9,6,3,9,6,Open Sud de France,Montpellier,Indoor,Hard,2023-02-10,1.8,2.0,0
Sonego L.,43,221,107,114,19,17,88,97,Sinner J.,8,224,153,71,42,19,111,52,Open Sud de France,Montpellier,Indoor,Hard,2023-02-10,3.5,1.3,0
Gomez E.,155,26,7,19,2,2,5,17,Isner J.,114,755,465,290,53,45,412,245,Dallas Open,Dallas,Indoor,Hard,2023-02-10,4.0,1.25,0
Wolf J.J.,45,75,39,36,8,6,31,30,Tiafoe F.,10,303,158,145,24,23,134,122,Dallas Open,Dallas,Indoor,Hard,2023-02-10,2.75,1.44,1
Giron M.,69,150,68,82,20,14,48,68,Otte O.,233,78,33,45,6,14,27,31,Dallas Open,Dallas,Indoor,Hard,2023-02-10,1.5,2.63,1
Baez S.,72,95,47,48,6,6,41,42,Barrios M.,121,10,3,7,0,0,3,7,Cordoba Open,Cordoba,Outdoor,Clay,2023-02-10,1.36,3.2,1
Fils A.,71,24,15,9,6,3,9,6,Sinner J.,8,224,153,71,42,19,111,52,Open Sud de France,Montpellier,Indoor,Hard,2023-02-11,4.0,1.25,0
Rune H.,6,131,83,48,28,9,55,39,Cressy M.,96,96,42,54,10,11,32,43,Open Sud de France,Montpellier,Indoor,Hard,2023-02-11,1.25,4.0,0
Mannarino A.,27,567,264,303,60,73,204,230,Wu Y.,90,36,15,21,5,0,10,21,Dallas Open,Dallas,Indoor,Hard,2023-02-11,1.8,2.0,0
Wu Y.,90,36,15,21,5,0,10,21,Fritz T.,9,356,205,151,26,22,179,129,Dallas Open,Dallas,Indoor,Hard,2023-02-11,3.75,1.29,1
Wolf J.J.,45,75,39,36,8,6,31,30,Isner J.,114,755,465,290,53,45,412,245,Dallas Open,Dallas,Indoor,Hard,2023-02-11,1.73,2.1,0
Giron M.,69,150,68,82,20,14,48,68,Fritz T.,9,356,205,151,26,22,179,129,Dallas Open,Dallas,Indoor,Hard,2023-02-11,4.33,1.22,0
Baez S.,72,95,47,48,6,6,41,42,Dellien H.,164,70,22,48,5,5,17,43,Cordoba Open,Cordoba,Outdoor,Clay,2023-02-11,1.44,2.75,1
Coria F.,108,99,43,56,2,6,41,50,Ramos-Vinolas A.,82,437,204,233,17,31,187,202,Cordoba Open,Cordoba,Outdoor,Clay,2023-02-11,1.73,2.1,1
Baez S.,72,95,47,48,6,6,41,42,Coria F.,108,99,43,56,2,6,41,50,Cordoba Open,Cordoba,Outdoor,Clay,2023-02-12,1.53,2.5,1
Sinner J.,8,224,153,71,42,19,111,52,Cressy M.,96,96,42,54,10,11,32,43,Open Sud de France,Montpellier,Indoor,Hard,2023-02-12,1.3,3.5,1
Isner J.,114,755,465,290,53,45,412,245,Wu Y.,90,36,15,21,5,0,10,21,Dallas Open,Dallas,Indoor,Hard,2023-02-12,2.0,1.8,0
Bublik A.,25,219,110,109,39,30,71,79,Wawrinka S.,72,854,535,319,84,69,451,250,ABN AMRO World Tennis Tournament,Rotterdam,Indoor,Hard,2023-02-13,2.0,1.8,0
Borges N.,69,28,10,18,1,1,9,17,Johnson S.,197,395,196,199,16,23,180,176,Delray Beach Open,Delray Beach,Outdoor,Hard,2023-02-13,1.36,3.2,1
Otte O.,233,78,33,45,6,14,27,31,Nishioka Y.,31,215,99,116,15,15,84,101,Delray Beach Open,Delray Beach,Outdoor,Hard,2023-02-13,3.5,1.3,0
Carreno Busta P.,16,352,214,138,33,25,181,113,Gasquet R.,48,948,581,367,133,82,448,285,ABN AMRO World Tennis Tournament,Rotterdam,Indoor,Hard,2023-02-13,1.44,2.75,0
Karatsev A.,75,136,66,70,10,22,56,48,Dimitrov G.,20,651,389,262,79,50,310,212,ABN AMRO World Tennis Tournament,Rotterdam,Indoor,Hard,2023-02-13,3.0,1.4,0
Barrere G.,59,79,31,48,11,16,20,32,Goffin D.,123,522,296,226,66,52,230,174,ABN AMRO World Tennis Tournament,Rotterdam,Indoor,Hard,2023-02-13,2.2,1.67,1
Gomez E.,155,26,7,19,2,2,5,17,Wu T.L.,175,6,1,5,0,0,1,5,Delray Beach Open,Delray Beach,Outdoor,Hard,2023-02-13,1.91,1.91,1
Thompson J.,71,221,96,125,10,10,86,115,Kudla D.,137,198,70,128,5,14,65,114,Delray Beach Open,Delray Beach,Outdoor,Hard,2023-02-13,2.3,1.62,0
Martinez P.,135,118,50,68,7,6,43,62,Zapata Miralles B.,54,80,32,48,1,6,31,42,Argentina Open,Buenos Aires,Outdoor,Clay,2023-02-13,1.91,1.91,0
Cachin P.,54,52,23,29,1,3,22,26,Monteiro T.,121,171,69,102,9,11,60,91,Argentina Open,Buenos Aires,Outdoor,Clay,2023-02-13,2.2,1.67,1
Djere L.,38,243,120,123,10,22,110,101,Fognini F.,128,742,383,359,39,48,344,311,Argentina Open,Buenos Aires,Outdoor,Clay,2023-02-13,1.36,3.2,1
Kovacevic A.,129,14,6,8,0,0,6,8,Mmoh M.,112,55,20,35,0,3,20,32,Delray Beach Open,Delray Beach,Outdoor,Hard,2023-02-14,2.1,1.73,0
Wolf J.J.,45,75,39,36,8,6,31,30,Ivashka I.,113,159,78,81,19,18,59,63,Delray Beach Open,Delray Beach,Outdoor,Hard,2023-02-14,1.36,3.2,1
Daniel T.,111,178,67,111,3,10,64,101,Mcdonald M.,60,190,87,103,11,15,76,88,Delray Beach Open,Delray Beach,Outdoor,Hard,2023-02-14,3.2,1.36,0
Vukic A.,62,36,15,21,2,1,13,20,Eubanks C.,29,64,28,36,1,3,27,33,Delray Beach Open,Delray Beach,Outdoor,Hard,2023-02-14,2.38,1.57,1
Ymer M.,59,130,58,72,18,23,40,49,Griekspoor T.,37,97,47,50,7,14,40,36,ABN AMRO World Tennis Tournament,Rotterdam,Indoor,Hard,2023-02-14,2.0,1.8,0
Sock J.,166,324,177,147,38,24,139,123,Pecotic M.,784,2,1,1,0,0,1,1,Delray Beach Open,Delray Beach,Outdoor,Hard,2023-02-14,1.25,4.0,0
Davidovich Fokina A.,39,168,84,84,17,20,67,64,Medvedev D.,3,406,289,117,69,27,220,90,ABN AMRO World Tennis Tournament,Rotterdam,Indoor,Hard,2023-02-14,5.0,1.17,0
Ruusuvuori E.,55,158,79,79,16,18,63,61,Tsitsipas S.,5,390,264,126,49,32,215,94,ABN AMRO World Tennis Tournament,Rotterdam,Indoor,Hard,2023-02-14,5.5,1.14,0
Auger-Aliassime F.,12,268,163,105,48,22,115,83,Sonego L.,43,221,107,114,19,17,88,97,ABN AMRO World Tennis Tournament,Rotterdam,Indoor,Hard,2023-02-14,1.29,3.75,1
Brouwer G.,144,21,11,10,3,2,8,8,Huesler M.A.,88,58,21,37,8,8,13,29,ABN AMRO World Tennis Tournament,Rotterdam,Indoor,Hard,2023-02-14,3.75,1.29,1
Bautista Agut R.,25,379,234,145,31,29,203,116,Hurkacz H.,17,238,137,101,27,24,110,77,ABN AMRO World Tennis Tournament,Rotterdam,Indoor,Hard,2023-02-14,2.3,1.62,0
Zverev A.,19,500,346,154,60,31,286,123,Kwon S.W.,68,108,53,55,12,6,41,49,ABN AMRO World Tennis Tournament,Rotterdam,Indoor,Hard,2023-02-14,1.53,2.5,1
Verdasco F.,244,962,537,425,79,79,458,346,Albot R.,97,215,86,129,26,26,60,103,Delray Beach Open,Delray Beach,Outdoor,Hard,2023-02-14,2.38,1.57,0
Mannarino A.,27,567,264,303,60,73,204,230,Altmaier D.,51,79,28,51,1,5,27,46,Delray Beach Open,Delray Beach,Outdoor,Hard,2023-02-14,1.4,3.0,1
Lajovic D.,66,378,163,215,21,36,142,179,Baez S.,72,95,47,48,6,6,41,42,Argentina Open,Buenos Aires,Outdoor,Clay,2023-02-14,2.75,1.44,1
Sousa J.,147,436,189,247,42,44,147,203,Varillas J. P.,1345,20,9,11,2,1,7,10,Argentina Open,Buenos Aires,Outdoor,Clay,2023-02-14,2.75,1.44,0
Coria F.,108,99,43,56,2,6,41,50,Diaz Acosta F.,137,5,1,4,0,0,1,4,Argentina Open,Buenos Aires,Outdoor,Clay,2023-02-14,1.57,2.38,0
Hanfmann Y.,50,99,50,49,5,4,45,45,Cerundolo F.,21,104,58,46,3,7,55,39,Argentina Open,Buenos Aires,Outdoor,Clay,2023-02-14,2.38,1.57,0
Galan D.E.,76,78,33,45,3,5,30,40,Ugo Carabelli C.,122,5,2,3,0,1,2,2,Argentina Open,Buenos Aires,Outdoor,Clay,2023-02-14,2.38,1.57,0
Dellien H.,164,70,22,48,5,5,17,43,Etcheverry T.,34,60,26,34,5,3,21,31,Argentina Open,Buenos Aires,Outdoor,Clay,2023-02-14,1.73,2.1,0
Pella G.,199,260,118,142,14,16,104,126,Munar J.,104,178,75,103,7,12,68,91,Argentina Open,Buenos Aires,Outdoor,Clay,2023-02-14,2.75,1.44,0
Ramos-Vinolas A.,82,437,204,233,17,31,187,202,Carballes Baena R.,64,207,91,116,11,10,80,106,Argentina Open,Buenos Aires,Outdoor,Clay,2023-02-14,1.67,2.2,0
Carballes Baena R.,64,207,91,116,11,10,80,106,Etcheverry T.,34,60,26,34,5,3,21,31,Argentina Open,Buenos Aires,Outdoor,Clay,2023-02-15,1.91,1.91,0
Thiem D.,116,517,327,190,53,39,274,151,Molcan A.,120,86,45,41,1,6,44,35,Argentina Open,Buenos Aires,Outdoor,Clay,2023-02-15,1.67,2.2,1
Giron M.,69,150,68,82,20,14,48,68,Pecotic M.,784,2,1,1,0,0,1,1,Delray Beach Open,Delray Beach,Outdoor,Hard,2023-02-15,1.13,6.0,1
Mcdonald M.,60,190,87,103,11,15,76,88,Nishioka Y.,31,215,99,116,15,15,84,101,Delray Beach Open,Delray Beach,Outdoor,Hard,2023-02-15,2.1,1.73,1
Borges N.,69,28,10,18,1,1,9,17,Kecmanovic M.,40,210,107,103,12,16,95,87,Delray Beach Open,Delray Beach,Outdoor,Hard,2023-02-15,2.75,1.44,0
Giron M.,69,150,68,82,20,14,48,68,Shelton B.,43,34,13,21,0,0,13,21,Delray Beach Open,Delray Beach,Outdoor,Hard,2023-02-15,2.2,1.67,1
Ugo Carabelli C.,122,5,2,3,0,1,2,2,Lajovic D.,66,378,163,215,21,36,142,179,Argentina Open,Buenos Aires,Outdoor,Clay,2023-02-15,2.5,1.53,0
Cressy M.,96,96,42,54,10,11,32,43,Van Rijthoven T.,110,19,10,9,0,4,10,5,ABN AMRO World Tennis Tournament,Rotterdam,Indoor,Hard,2023-02-15,1.5,2.63,1
Bonzi B.,107,83,37,46,10,13,27,33,Sinner J.,8,224,153,71,42,19,111,52,ABN AMRO World Tennis Tournament,Rotterdam,Indoor,Hard,2023-02-15,5.0,1.17,0
Lestienne C.,109,40,13,27,6,9,7,18,Rune H.,6,131,83,48,28,9,55,39,ABN AMRO World Tennis Tournament,Rotterdam,Indoor,Hard,2023-02-15,5.5,1.14,0
Van De Zandschulp B.,44,117,63,54,11,11,52,43,Halys Q.,79,72,23,49,3,10,20,39,ABN AMRO World Tennis Tournament,Rotterdam,Indoor,Hard,2023-02-15,1.67,2.2,1
Rublev A.,7,392,255,137,57,34,198,103,De Minaur A.,19,272,161,111,30,19,131,92,ABN AMRO World Tennis Tournament,Rotterdam,Indoor,Hard,2023-02-15,1.5,2.63,0
Wawrinka S.,72,854,535,319,84,69,451,250,Gasquet R.,48,948,581,367,133,82,448,285,ABN AMRO World Tennis Tournament,Rotterdam,Indoor,Hard,2023-02-15,1.67,2.2,1
Dimitrov G.,20,651,389,262,79,50,310,212,Hurkacz H.,17,238,137,101,27,24,110,77,ABN AMRO World Tennis Tournament,Rotterdam,Indoor,Hard,2023-02-15,2.0,1.8,1
Griekspoor T.,37,97,47,50,7,14,40,36,Zverev A.,19,500,346,154,60,31,286,123,ABN AMRO World Tennis Tournament,Rotterdam,Indoor,Hard,2023-02-15,3.0,1.4,1
Diaz Acosta F.,137,5,1,4,0,0,1,4,Norrie C.,13,287,172,115,15,18,157,97,Argentina Open,Buenos Aires,Outdoor,Clay,2023-02-15,3.75,1.29,0
Sinner J.,8,224,153,71,42,19,111,52,Tsitsipas S.,5,390,264,126,49,32,215,94,ABN AMRO World Tennis Tournament,Rotterdam,Indoor,Hard,2023-02-16,2.2,1.67,1
Auger-Aliassime F.,12,268,163,105,48,22,115,83,Barrere G.,59,79,31,48,11,16,20,32,ABN AMRO World Tennis Tournament,Rotterdam,Indoor,Hard,2023-02-16,1.2,4.5,1
Brouwer G.,144,21,11,10,3,2,8,8,Rune H.,6,131,83,48,28,9,55,39,ABN AMRO World Tennis Tournament,Rotterdam,Indoor,Hard,2023-02-16,8.0,1.08,1
De Minaur A.,19,272,161,111,30,19,131,92,Cressy M.,96,96,42,54,10,11,32,43,ABN AMRO World Tennis Tournament,Rotterdam,Indoor,Hard,2023-02-16,1.4,3.0,1
Thiem D.,116,517,327,190,53,39,274,151,Varillas J. P.,1345,20,9,11,2,1,7,10,Argentina Open,Buenos Aires,Outdoor,Clay,2023-02-16,1.36,3.2,0
Medvedev D.,3,406,289,117,69,27,220,90,Van De Zandschulp B.,44,117,63,54,11,11,52,43,ABN AMRO World Tennis Tournament,Rotterdam,Indoor,Hard,2023-02-16,1.13,6.0,1
Schwartzman D.,95,428,233,195,32,27,201,168,Zapata Miralles B.,54,80,32,48,1,6,31,42,Argentina Open,Buenos Aires,Outdoor,Clay,2023-02-16,1.57,2.38,0
Wolf J.J.,45,75,39,36,8,6,31,30,Mannarino A.,27,567,264,303,60,73,204,230,Delray Beach Open,Delray Beach,Outdoor,Hard,2023-02-16,1.57,2.38,0
Kudla D.,137,198,70,128,5,14,65,114,Paul T.,14,204,111,93,19,13,92,80,Delray Beach Open,Delray Beach,Outdoor,Hard,2023-02-16,5.0,1.17,0
Vukic A.,62,36,15,21,2,1,13,20,Albot R.,97,215,86,129,26,26,60,103,Delray Beach Open,Delray Beach,Outdoor,Hard,2023-02-16,1.73,2.1,0
Mmoh M.,112,55,20,35,0,3,20,32,Shapovalov D.,29,298,166,132,30,27,136,105,Delray Beach Open,Delray Beach,Outdoor,Hard,2023-02-16,3.75,1.29,1
Djere L.,38,243,120,123,10,22,110,101,Alcaraz C.,1,164,130,34,10,5,120,29,Argentina Open,Buenos Aires,Outdoor,Clay,2023-02-16,4.0,1.25,0
Musetti L.,18,143,79,64,12,12,67,52,Cachin P.,54,52,23,29,1,3,22,26,Argentina Open,Buenos Aires,Outdoor,Clay,2023-02-16,1.33,3.4,1
Cerundolo F.,21,104,58,46,3,7,55,39,Munar J.,104,178,75,103,7,12,68,91,Argentina Open,Buenos Aires,Outdoor,Clay,2023-02-16,1.62,2.3,1
Alcaraz C.,1,164,130,34,10,5,120,29,Lajovic D.,66,378,163,215,21,36,142,179,Argentina Open,Buenos Aires,Outdoor,Clay,2023-02-17,1.14,5.5,1
Musetti L.,18,143,79,64,12,12,67,52,Varillas J. P.,1345,20,9,11,2,1,7,10,Argentina Open,Buenos Aires,Outdoor,Clay,2023-02-17,1.3,3.5,0
Etcheverry T.,34,60,26,34,5,3,21,31,Norrie C.,13,287,172,115,15,18,157,97,Argentina Open,Buenos Aires,Outdoor,Clay,2023-02-17,2.38,1.57,0
Medvedev D.,3,406,289,117,69,27,220,90,Auger-Aliassime F.,12,268,163,105,48,22,115,83,ABN AMRO World Tennis Tournament,Rotterdam,Indoor,Hard,2023-02-17,1.67,2.2,1
Fritz T.,9,356,205,151,26,22,179,129,Gomez E.,155,26,7,19,2,2,5,17,Delray Beach Open,Delray Beach,Outdoor,Hard,2023-02-17,1.07,9.0,1
Kecmanovic M.,40,210,107,103,12,16,95,87,Giron M.,69,150,68,82,20,14,48,68,Delray Beach Open,Delray Beach,Outdoor,Hard,2023-02-17,1.91,1.91,1
Paul T.,14,204,111,93,19,13,92,80,Albot R.,97,215,86,129,26,26,60,103,Delray Beach Open,Delray Beach,Outdoor,Hard,2023-02-17,1.14,5.5,0
Brouwer G.,144,21,11,10,3,2,8,8,Griekspoor T.,37,97,47,50,7,14,40,36,ABN AMRO World Tennis Tournament,Rotterdam,Indoor,Hard,2023-02-17,3.4,1.33,0
Dimitrov G.,20,651,389,262,79,50,310,212,De Minaur A.,19,272,161,111,30,19,131,92,ABN AMRO World Tennis Tournament,Rotterdam,Indoor,Hard,2023-02-17,2.0,1.8,1
Sinner J.,8,224,153,71,42,19,111,52,Wawrinka S.,72,854,535,319,84,69,451,250,ABN AMRO World Tennis Tournament,Rotterdam,Indoor,Hard,2023-02-17,1.22,4.33,1
Medvedev D.,3,406,289,117,69,27,220,90,Dimitrov G.,20,651,389,262,79,50,310,212,ABN AMRO World Tennis Tournament,Rotterdam,Indoor,Hard,2023-02-18,1.2,4.5,1
Griekspoor T.,37,97,47,50,7,14,40,36,Sinner J.,8,224,153,71,42,19,111,52,ABN AMRO World Tennis Tournament,Rotterdam,Indoor,Hard,2023-02-18,5.5,1.14,0
Norrie C.,13,287,172,115,15,18,157,97,Varillas J. P.,1345,20,9,11,2,1,7,10,Argentina Open,Buenos Aires,Outdoor,Clay,2023-02-18,1.53,2.5,1
Zapata Miralles B.,54,80,32,48,1,6,31,42,Alcaraz C.,1,164,130,34,10,5,120,29,Argentina Open,Buenos Aires,Outdoor,Clay,2023-02-18,6.5,1.11,0
Kecmanovic M.,40,210,107,103,12,16,95,87,Albot R.,97,215,86,129,26,26,60,103,Delray Beach Open,Delray Beach,Outdoor,Hard,2023-02-18,1.33,3.4,1
Fritz T.,9,356,205,151,26,22,179,129,Mannarino A.,27,567,264,303,60,73,204,230,Delray Beach Open,Delray Beach,Outdoor,Hard,2023-02-18,1.22,4.33,1
Mcdonald M.,60,190,87,103,11,15,76,88,Mmoh M.,112,55,20,35,0,3,20,32,Delray Beach Open,Delray Beach,Outdoor,Hard,2023-02-18,1.53,2.5,1
Cerundolo F.,21,104,58,46,3,7,55,39,Zapata Miralles B.,54,80,32,48,1,6,31,42,Argentina Open,Buenos Aires,Outdoor,Clay,2023-02-18,1.5,2.63,0
Kecmanovic M.,40,210,107,103,12,16,95,87,Fritz T.,9,356,205,151,26,22,179,129,Delray Beach Open,Delray Beach,Outdoor,Hard,2023-02-19,3.75,1.29,0
Fritz T.,9,356,205,151,26,22,179,129,Mcdonald M.,60,190,87,103,11,15,76,88,Delray Beach Open,Delray Beach,Outdoor,Hard,2023-02-19,1.3,3.5,1
Medvedev D.,3,406,289,117,69,27,220,90,Sinner J.,8,224,153,71,42,19,111,52,ABN AMRO World Tennis Tournament,Rotterdam,Indoor,Hard,2023-02-19,1.57,2.38,1
Alcaraz C.,1,164,130,34,10,5,120,29,Norrie C.,13,287,172,115,15,18,157,97,Argentina Open,Buenos Aires,Outdoor,Clay,2023-02-19,1.17,5.0,1
Djere L.,38,243,120,123,10,22,110,101,Bagnis F.,135,121,39,82,9,8,30,74,Rio Open,Rio de Janeiro,Outdoor,Clay,2023-02-20,1.44,2.75,1
Thiem D.,116,517,327,190,53,39,274,151,Monteiro T.,121,171,69,102,9,11,60,91,Rio Open,Rio de Janeiro,Outdoor,Clay,2023-02-20,1.4,3.0,0
Garin C.,101,190,103,87,15,13,88,74,Martinez P.,135,118,50,68,7,6,43,62,Rio Open,Rio de Janeiro,Outdoor,Clay,2023-02-20,1.67,2.2,0
Sousa J.,147,436,189,247,42,44,147,203,Dellien H.,164,70,22,48,5,5,17,43,Rio Open,Rio de Janeiro,Outdoor,Clay,2023-02-20,3.0,1.4,0
Wawrinka S.,72,854,535,319,84,69,451,250,Bergs Z.,175,15,4,11,1,5,3,6,Open 13,Marseille,Indoor,Hard,2023-02-20,1.3,3.5,1
Van Assche L.,68,20,7,13,0,3,7,10,Bonzi B.,107,83,37,46,10,13,27,33,Open 13,Marseille,Indoor,Hard,2023-02-20,2.63,1.5,0
Bublik A.,25,219,110,109,39,30,71,79,Krajinovic F.,93,240,115,125,38,34,77,91,Open 13,Marseille,Indoor,Hard,2023-02-20,1.57,2.38,1
Fonseca J.,827,1,0,1,0,0,0,1,Molcan A.,120,86,45,41,1,6,44,35,Rio Open,Rio de Janeiro,Outdoor,Clay,2023-02-20,9.0,1.07,0
Sonego L.,43,221,107,114,19,17,88,97,Murray A.,44,932,687,245,132,47,555,198,Qatar Exxon Mobil Open,Doha,Outdoor,Hard,2023-02-20,2.2,1.67,0
Karatsev A.,75,136,66,70,10,22,56,48,Kubler J.,77,53,24,29,0,1,24,28,Qatar Exxon Mobil Open,Doha,Outdoor,Hard,2023-02-20,2.1,1.73,0
O Connell C.,74,65,26,39,0,0,26,39,Verdasco F.,244,962,537,425,79,79,458,346,Qatar Exxon Mobil Open,Doha,Outdoor,Hard,2023-02-20,1.36,3.2,1
Krutykh O.,180,3,0,3,0,0,0,3,Broady L.,125,47,18,29,5,3,13,26,Qatar Exxon Mobil Open,Doha,Outdoor,Hard,2023-02-20,3.2,1.36,0
Davidovich Fokina A.,39,168,84,84,17,20,67,64,Lestienne C.,109,40,13,27,6,9,7,18,Qatar Exxon Mobil Open,Doha,Outdoor,Hard,2023-02-20,1.5,2.63,1
Ymer E.,186,81,24,57,3,11,21,46,Brouwer G.,144,21,11,10,3,2,8,8,Open 13,Marseille,Indoor,Hard,2023-02-21,2.5,1.53,0
Huesler M.A.,88,58,21,37,8,8,13,29,Barrere G.,59,79,31,48,11,16,20,32,Open 13,Marseille,Indoor,Hard,2023-02-21,2.2,1.67,0
Blancaneaux G.,152,6,0,6,0,4,0,2,Cressy M.,96,96,42,54,10,11,32,43,Open 13,Marseille,Indoor,Hard,2023-02-21,4.5,1.2,0
Lokoli L.,199,8,0,8,0,3,0,5,Gasquet R.,48,948,581,367,133,82,448,285,Open 13,Marseille,Indoor,Hard,2023-02-21,4.0,1.25,0
Goffin D.,123,522,296,226,66,52,230,174,Klein L.,142,7,2,5,0,1,2,4,Open 13,Marseille,Indoor,Hard,2023-02-21,1.44,2.75,1
Andujar P.,323,404,164,240,12,30,152,210,Ritschard A.,163,9,3,6,1,1,2,5,Open 13,Marseille,Indoor,Hard,2023-02-21,4.0,1.25,0
Basilashvili N.,118,301,138,163,26,34,112,129,Muller A.,81,22,9,13,0,1,9,12,Qatar Exxon Mobil Open,Doha,Outdoor,Hard,2023-02-21,1.67,2.2,0
Musetti L.,18,143,79,64,12,12,67,52,Jarry N.,28,141,73,68,9,6,64,62,Rio Open,Rio de Janeiro,Outdoor,Clay,2023-02-21,1.5,2.63,0
Cachin P.,54,52,23,29,1,3,22,26,Galan D.E.,76,78,33,45,3,5,30,40,Rio Open,Rio de Janeiro,Outdoor,Clay,2023-02-21,1.53,2.5,0
Varillas J.P.,77,22,10,12,1,3,9,9,Gaston H.,109,58,24,34,5,9,19,25,Rio Open,Rio de Janeiro,Outdoor,Clay,2023-02-21,1.53,2.5,1
Cerundolo J.M.,106,29,12,17,2,3,10,14,Norrie C.,13,287,172,115,15,18,157,97,Rio Open,Rio de Janeiro,Outdoor,Clay,2023-02-21,3.2,1.36,0
Evans D.,30,251,124,127,18,16,106,111,Ruusuvuori E.,55,158,79,79,16,18,63,61,Qatar Exxon Mobil Open,Doha,Outdoor,Hard,2023-02-21,2.0,1.8,0
Riedi L.,135,5,1,4,1,1,0,3,Rinderknech A.,67,96,46,50,16,12,30,38,Open 13,Marseille,Indoor,Hard,2023-02-21,2.3,1.62,1
Griekspoor T.,37,97,47,50,7,14,40,36,Halys Q.,79,72,23,49,3,10,20,39,Qatar Exxon Mobil Open,Doha,Outdoor,Hard,2023-02-21,1.62,2.3,1
Cerundolo F.,21,104,58,46,3,7,55,39,Carballes Baena R.,64,207,91,116,11,10,80,106,Rio Open,Rio de Janeiro,Outdoor,Clay,2023-02-21,1.44,2.75,1
Dzumhur D.,202,234,107,127,31,29,76,98,Lehecka J.,33,61,30,31,4,4,26,27,Qatar Exxon Mobil Open,Doha,Outdoor,Hard,2023-02-21,5.0,1.17,0
Fucsovics M.,67,249,121,128,26,24,95,104,Bautista Agut R.,25,379,234,145,31,29,203,116,Qatar Exxon Mobil Open,Doha,Outdoor,Hard,2023-02-21,3.5,1.3,0
Van De Zandschulp B.,44,117,63,54,11,11,52,43,Ivashka I.,113,159,78,81,19,18,59,63,Qatar Exxon Mobil Open,Doha,Outdoor,Hard,2023-02-21,1.57,2.38,1
Shelbayh A.,240,6,1,5,0,0,1,5,Kwon S.W.,68,108,53,55,12,6,41,49,Qatar Exxon Mobil Open,Doha,Outdoor,Hard,2023-02-21,4.0,1.25,0
Dellien H.,164,70,22,48,5,5,17,43,Molcan A.,120,86,45,41,1,6,44,35,Rio Open,Rio de Janeiro,Outdoor,Clay,2023-02-22,1.73,2.1,1
Schwartzman D.,95,428,233,195,32,27,201,168,Lajovic D.,66,378,163,215,21,36,142,179,Rio Open,Rio de Janeiro,Outdoor,Clay,2023-02-22,2.3,1.62,0
Zapata Miralles B.,54,80,32,48,1,6,31,42,Munar J.,104,178,75,103,7,12,68,91,Rio Open,Rio de Janeiro,Outdoor,Clay,2023-02-22,1.73,2.1,1
Kubler J.,77,53,24,29,0,1,24,28,Auger-Aliassime F.,12,268,163,105,48,22,115,83,Qatar Exxon Mobil Open,Doha,Outdoor,Hard,2023-02-22,5.0,1.17,0
Alcaraz C.,1,164,130,34,10,5,120,29,Alves M.,556,1,0,1,0,0,0,1,Rio Open,Rio de Janeiro,Outdoor,Clay,2023-02-22,1.02,21.0,1
Lehecka J.,33,61,30,31,4,4,26,27,Ruusuvuori E.,55,158,79,79,16,18,63,61,Qatar Exxon Mobil Open,Doha,Outdoor,Hard,2023-02-22,1.8,2.0,1
Bellucci T.,915,380,179,201,22,24,157,177,Baez S.,72,95,47,48,6,6,41,42,Rio Open,Rio de Janeiro,Outdoor,Clay,2023-02-22,15.0,1.03,0
Muller A.,81,22,9,13,0,1,9,12,Van De Zandschulp B.,44,117,63,54,11,11,52,43,Qatar Exxon Mobil Open,Doha,Outdoor,Hard,2023-02-22,3.5,1.3,1
Griekspoor T.,37,97,47,50,7,14,40,36,Rublev A.,7,392,255,137,57,34,198,103,Qatar Exxon Mobil Open,Doha,Outdoor,Hard,2023-02-22,3.75,1.29,0
Kwon S.W.,68,108,53,55,12,6,41,49,Davidovich Fokina A.,39,168,84,84,17,20,67,64,Qatar Exxon Mobil Open,Doha,Outdoor,Hard,2023-02-22,2.1,1.73,0
Zverev A.,19,500,346,154,60,31,286,123,Murray A.,44,932,687,245,132,47,555,198,Qatar Exxon Mobil Open,Doha,Outdoor,Hard,2023-02-22,1.67,2.2,0
Ramos-Vinolas A.,82,437,204,233,17,31,187,202,Etcheverry T.,34,60,26,34,5,3,21,31,Rio Open,Rio de Janeiro,Outdoor,Clay,2023-02-22,1.73,2.1,1
Fognini F.,128,742,383,359,39,48,344,311,Barrios M.,121,10,3,7,0,0,3,7,Rio Open,Rio de Janeiro,Outdoor,Clay,2023-02-22,2.2,1.67,1
Fils A.,71,24,15,9,6,3,9,6,Safiullin R.,92,42,20,22,7,7,13,15,Open 13,Marseille,Indoor,Hard,2023-02-22,1.57,2.38,1
Broady L.,125,47,18,29,5,3,13,26,Medvedev D.,3,406,289,117,69,27,220,90,Qatar Exxon Mobil Open,Doha,Outdoor,Hard,2023-02-22,10.0,1.06,0
Bautista Agut R.,25,379,234,145,31,29,203,116,O Connell C.,74,65,26,39,0,0,26,39,Qatar Exxon Mobil Open,Doha,Outdoor,Hard,2023-02-22,1.22,4.33,0
Gasquet R.,48,948,581,367,133,82,448,285,Wawrinka S.,72,854,535,319,84,69,451,250,Open 13,Marseille,Indoor,Hard,2023-02-22,2.75,1.44,0
Bublik A.,25,219,110,109,39,30,71,79,Barrere G.,59,79,31,48,11,16,20,32,Open 13,Marseille,Indoor,Hard,2023-02-22,2.0,1.8,1
Bonzi B.,107,83,37,46,10,13,27,33,Cressy M.,96,96,42,54,10,11,32,43,Open 13,Marseille,Indoor,Hard,2023-02-22,2.3,1.62,1
Albot R.,97,215,86,129,26,26,60,103,Ymer M.,59,130,58,72,18,23,40,49,Open 13,Marseille,Indoor,Hard,2023-02-22,3.5,1.3,0
Alcaraz C.,1,164,130,34,10,5,120,29,Fognini F.,128,742,383,359,39,48,344,311,Rio Open,Rio de Janeiro,Outdoor,Clay,2023-02-23,1.06,10.0,1
Auger-Aliassime F.,12,268,163,105,48,22,115,83,Davidovich Fokina A.,39,168,84,84,17,20,67,64,Qatar Exxon Mobil Open,Doha,Outdoor,Hard,2023-02-23,1.33,3.4,1
Medvedev D.,3,406,289,117,69,27,220,90,O Connell C.,74,65,26,39,0,0,26,39,Qatar Exxon Mobil Open,Doha,Outdoor,Hard,2023-02-23,1.05,11.0,1
Murray A.,44,932,687,245,132,47,555,198,Muller A.,81,22,9,13,0,1,9,12,Qatar Exxon Mobil Open,Doha,Outdoor,Hard,2023-02-23,1.36,3.2,1
Rublev A.,7,392,255,137,57,34,198,103,Lehecka J.,33,61,30,31,4,4,26,27,Qatar Exxon Mobil Open,Doha,Outdoor,Hard,2023-02-23,1.44,2.75,0
Sinner J.,8,224,153,71,42,19,111,52,Fils A.,71,24,15,9,6,3,9,6,Open 13,Marseille,Indoor,Hard,2023-02-23,1.2,4.5,0
Norrie C.,13,287,172,115,15,18,157,97,Monteiro T.,121,171,69,102,9,11,60,91,Rio Open,Rio de Janeiro,Outdoor,Clay,2023-02-23,1.29,3.75,1
Goffin D.,123,522,296,226,66,52,230,174,Ymer M.,59,130,58,72,18,23,40,49,Open 13,Marseille,Indoor,Hard,2023-02-23,1.8,2.0,0
Cerundolo F.,21,104,58,46,3,7,55,39,Zapata Miralles B.,54,80,32,48,1,6,31,42,Rio Open,Rio de Janeiro,Outdoor,Clay,2023-02-23,1.57,2.38,0
Ramos-Vinolas A.,82,437,204,233,17,31,187,202,Galan D.E.,76,78,33,45,3,5,30,40,Rio Open,Rio de Janeiro,Outdoor,Clay,2023-02-23,1.5,2.63,1
Jarry N.,28,141,73,68,9,6,64,62,Martinez P.,135,118,50,68,7,6,43,62,Rio Open,Rio de Janeiro,Outdoor,Clay,2023-02-23,1.36,3.2,1
Riedi L.,135,5,1,4,1,1,0,3,Hurkacz H.,17,238,137,101,27,24,110,77,Open 13,Marseille,Indoor,Hard,2023-02-23,4.0,1.25,0
De Minaur A.,19,272,161,111,30,19,131,92,Ritschard A.,163,9,3,6,1,1,2,5,Open 13,Marseille,Indoor,Hard,2023-02-23,1.07,9.0,1
Brouwer G.,144,21,11,10,3,2,8,8,Dimitrov G.,20,651,389,262,79,50,310,212,Open 13,Marseille,Indoor,Hard,2023-02-23,4.5,1.2,0
Varillas J.P.,77,22,10,12,1,3,9,9,Baez S.,72,95,47,48,6,6,41,42,Rio Open,Rio de Janeiro,Outdoor,Clay,2023-02-23,2.5,1.53,0
Djere L.,38,243,120,123,10,22,110,101,Lajovic D.,66,378,163,215,21,36,142,179,Rio Open,Rio de Janeiro,Outdoor,Clay,2023-02-24,1.62,2.3,0
Norrie C.,13,287,172,115,15,18,157,97,Dellien H.,164,70,22,48,5,5,17,43,Rio Open,Rio de Janeiro,Outdoor,Clay,2023-02-24,1.4,3.0,1
Zapata Miralles B.,54,80,32,48,1,6,31,42,Ramos-Vinolas A.,82,437,204,233,17,31,187,202,Rio Open,Rio de Janeiro,Outdoor,Clay,2023-02-24,1.73,2.1,1
De Minaur A.,19,272,161,111,30,19,131,92,Bonzi B.,107,83,37,46,10,13,27,33,Open 13,Marseille,Indoor,Hard,2023-02-24,1.33,3.4,0
Fils A.,71,24,15,9,6,3,9,6,Wawrinka S.,72,854,535,319,84,69,451,250,Open 13,Marseille,Indoor,Hard,2023-02-24,1.67,2.2,1
Bublik A.,25,219,110,109,39,30,71,79,Dimitrov G.,20,651,389,262,79,50,310,212,Open 13,Marseille,Indoor,Hard,2023-02-24,2.63,1.5,1
Ymer M.,59,130,58,72,18,23,40,49,Hurkacz H.,17,238,137,101,27,24,110,77,Open 13,Marseille,Indoor,Hard,2023-02-24,3.4,1.33,0
Murray A.,44,932,687,245,132,47,555,198,Lehecka J.,33,61,30,31,4,4,26,27,Qatar Exxon Mobil Open,Doha,Outdoor,Hard,2023-02-24,2.63,1.5,1
Medvedev D.,3,406,289,117,69,27,220,90,Auger-Aliassime F.,12,268,163,105,48,22,115,83,Qatar Exxon Mobil Open,Doha,Outdoor,Hard,2023-02-24,1.4,3.0,1
Lajovic D.,66,378,163,215,21,36,142,179,Alcaraz C.,1,164,130,34,10,5,120,29,Rio Open,Rio de Janeiro,Outdoor,Clay,2023-02-24,6.0,1.13,0
Jarry N.,28,141,73,68,9,6,64,62,Baez S.,72,95,47,48,6,6,41,42,Rio Open,Rio de Janeiro,Outdoor,Clay,2023-02-25,1.73,2.1,1
Alcaraz C.,1,164,130,34,10,5,120,29,Jarry N.,28,141,73,68,9,6,64,62,Rio Open,Rio de Janeiro,Outdoor,Clay,2023-02-25,1.2,4.5,1
Zapata Miralles B.,54,80,32,48,1,6,31,42,Norrie C.,13,287,172,115,15,18,157,97,Rio Open,Rio de Janeiro,Outdoor,Clay,2023-02-25,2.75,1.44,0
Murray A.,44,932,687,245,132,47,555,198,Medvedev D.,3,406,289,117,69,27,220,90,Qatar Exxon Mobil Open,Doha,Outdoor,Hard,2023-02-25,5.5,1.14,0
Bonzi B.,107,83,37,46,10,13,27,33,Fils A.,71,24,15,9,6,3,9,6,Open 13,Marseille,Indoor,Hard,2023-02-25,2.2,1.67,1
Hurkacz H.,17,238,137,101,27,24,110,77,Bublik A.,25,219,110,109,39,30,71,79,Open 13,Marseille,Indoor,Hard,2023-02-25,1.62,2.3,1
Bonzi B.,107,83,37,46,10,13,27,33,Hurkacz H.,17,238,137,101,27,24,110,77,Open 13,Marseille,Indoor,Hard,2023-02-26,2.63,1.5,0
Norrie C.,13,287,172,115,15,18,157,97,Alcaraz C.,1,164,130,34,10,5,120,29,Rio Open,Rio de Janeiro,Outdoor,Clay,2023-02-26,4.33,1.22,1
Martinez P.,135,118,50,68,7,6,43,62,Hanfmann Y.,50,99,50,49,5,4,45,45,Chile Open,Santiago,Indoor,Clay,2023-02-27,2.1,1.73,0
Lestienne C.,109,40,13,27,6,9,7,18,Griekspoor T.,37,97,47,50,7,14,40,36,Dubai Tennis Championships,Dubai ,Outdoor,Hard,2023-02-27,3.4,1.33,0
Jaziri M.,444,217,83,134,8,20,75,114,Davidovich Fokina A.,39,168,84,84,17,20,67,64,Dubai Tennis Championships,Dubai ,Outdoor,Hard,2023-02-27,21.0,1.02,0
Popyrin A.,90,140,59,81,9,13,50,68,Kotov P.,89,25,10,15,1,4,9,11,Dubai Tennis Championships,Dubai ,Outdoor,Hard,2023-02-27,1.57,2.38,0
Rublev A.,7,392,255,137,57,34,198,103,Krajinovic F.,93,240,115,125,38,34,77,91,Dubai Tennis Championships,Dubai ,Outdoor,Hard,2023-02-27,1.17,5.0,1
Zverev A.,19,500,346,154,60,31,286,123,Lehecka J.,33,61,30,31,4,4,26,27,Dubai Tennis Championships,Dubai ,Outdoor,Hard,2023-02-27,1.8,2.0,1
Huesler M.A.,88,58,21,37,8,8,13,29,Sonego L.,43,221,107,114,19,17,88,97,Dubai Tennis Championships,Dubai ,Outdoor,Hard,2023-02-27,2.63,1.5,0
Cerundolo J.M.,106,29,12,17,2,3,10,14,Cachin P.,54,52,23,29,1,3,22,26,Chile Open,Santiago,Indoor,Clay,2023-02-27,1.5,2.63,1
Bonadio R.,181,3,1,2,1,1,0,1,Galan D.E.,76,78,33,45,3,5,30,40,Chile Open,Santiago,Indoor,Clay,2023-02-27,2.75,1.44,1
Halys Q.,79,72,23,49,3,10,20,39,Kokkinakis T.,86,124,55,69,0,4,55,65,Dubai Tennis Championships,Dubai ,Outdoor,Hard,2023-02-27,2.38,1.57,0
Munar J.,104,178,75,103,7,12,68,91,Tabilo A.,122,44,21,23,5,4,16,19,Chile Open,Santiago,Indoor,Clay,2023-02-27,2.3,1.62,1
Etcheverry T.,34,60,26,34,5,3,21,31,Fognini F.,128,742,383,359,39,48,344,311,Chile Open,Santiago,Indoor,Clay,2023-02-28,1.62,2.3,1
Varillas J.P.,77,22,10,12,1,3,9,9,Jarry N.,28,141,73,68,9,6,64,62,Chile Open,Santiago,Indoor,Clay,2023-02-28,2.38,1.57,0
Bagnis F.,135,121,39,82,9,8,30,74,Cecchinato M.,108,204,79,125,2,14,77,111,Chile Open,Santiago,Indoor,Clay,2023-02-28,1.67,2.2,0
Sousa J.,147,436,189,247,42,44,147,203,Djere L.,38,243,120,123,10,22,110,101,Chile Open,Santiago,Indoor,Clay,2023-02-28,4.33,1.22,0
Carballes Baena R.,64,207,91,116,11,10,80,106,Taberner C.,181,37,13,24,4,6,9,18,Chile Open,Santiago,Indoor,Clay,2023-02-28,1.36,3.2,1
Lajovic D.,66,378,163,215,21,36,142,179,Ugo Carabelli C.,122,5,2,3,0,1,2,2,Chile Open,Santiago,Indoor,Clay,2023-02-28,1.36,3.2,1
Ruusuvuori E.,55,158,79,79,16,18,63,61,O Connell C.,74,65,26,39,0,0,26,39,Dubai Tennis Championships,Dubai ,Outdoor,Hard,2023-02-28,1.5,2.63,0
Cressy M.,96,96,42,54,10,11,32,43,Auger-Aliassime F.,12,268,163,105,48,22,115,83,Dubai Tennis Championships,Dubai ,Outdoor,Hard,2023-02-28,3.5,1.3,0
Van De Zandschulp B.,44,117,63,54,11,11,52,43,Khachanov K.,11,378,217,161,44,38,173,123,Dubai Tennis Championships,Dubai ,Outdoor,Hard,2023-02-28,3.0,1.4,1
Ymer M.,59,130,58,72,18,23,40,49,Passaro F.,126,10,3,7,1,1,2,6,Dubai Tennis Championships,Dubai ,Outdoor,Hard,2023-02-28,1.25,4.0,1
Bublik A.,25,219,110,109,39,30,71,79,Lazarov A.,301,6,1,5,1,4,0,1,Dubai Tennis Championships,Dubai ,Outdoor,Hard,2023-02-28,1.2,4.5,1
Arnaldi M.,76,18,9,9,0,0,9,9,Medvedev D.,3,406,289,117,69,27,220,90,Dubai Tennis Championships,Dubai ,Outdoor,Hard,2023-02-28,19.0,1.02,0
Djokovic N.,2,1207,1012,195,146,42,866,153,Machac T.,108,18,6,12,1,1,5,11,Dubai Tennis Championships,Dubai ,Outdoor,Hard,2023-02-28,1.05,11.0,1
Shevchenko A.,93,20,8,12,0,2,8,10,Hurkacz H.,17,238,137,101,27,24,110,77,Dubai Tennis Championships,Dubai ,Outdoor,Hard,2023-02-28,7.0,1.1,0
Monteiro T.,121,171,69,102,9,11,60,91,Ramos-Vinolas A.,82,437,204,233,17,31,187,202,Chile Open,Santiago,Indoor,Clay,2023-02-28,2.2,1.67,1
Evans D.,30,251,124,127,18,16,106,111,Coric B.,15,343,185,158,28,28,157,130,Dubai Tennis Championships,Dubai ,Outdoor,Hard,2023-02-28,2.5,1.53,0
Thiem D.,116,517,327,190,53,39,274,151,Garin C.,101,190,103,87,15,13,88,74,Chile Open,Santiago,Indoor,Clay,2023-02-28,1.67,2.2,0
Eubanks C.,29,64,28,36,1,3,27,33,Lopez F.,634,863,441,422,71,82,370,340,Abierto Mexicano,Acapulco,Outdoor,Hard,2023-02-28,1.14,5.5,0
Fritz T.,9,356,205,151,26,22,179,129,Isner J.,114,755,465,290,53,45,412,245,Abierto Mexicano,Acapulco,Outdoor,Hard,2023-02-28,1.29,3.75,1
Andreozzi G.,240,39,12,27,0,0,12,27,Ruud C.,4,275,176,99,19,16,157,83,Abierto Mexicano,Acapulco,Outdoor,Hard,2023-02-28,9.0,1.07,0
Paul T.,14,204,111,93,19,13,92,80,Gomez E.,155,26,7,19,2,2,5,17,Abierto Mexicano,Acapulco,Outdoor,Hard,2023-02-28,1.14,5.5,1
Daniel T.,111,178,67,111,3,10,64,101,Wolf J.J.,45,75,39,36,8,6,31,30,Abierto Mexicano,Acapulco,Outdoor,Hard,2023-02-28,2.75,1.44,1
Nishioka Y.,31,215,99,116,15,15,84,101,Tiafoe F.,10,303,158,145,24,23,134,122,Abierto Mexicano,Acapulco,Outdoor,Hard,2023-02-28,2.63,1.5,0
Rune H.,6,131,83,48,28,9,55,39,Shelton B.,43,34,13,21,0,0,13,21,Abierto Mexicano,Acapulco,Outdoor,Hard,2023-02-28,1.33,3.4,1
Mmoh M.,112,55,20,35,0,3,20,32,Giron M.,69,150,68,82,20,14,48,68,Abierto Mexicano,Acapulco,Outdoor,Hard,2023-02-28,2.5,1.53,1
Shapovalov D.,29,298,166,132,30,27,136,105,Kecmanovic M.,40,210,107,103,12,16,95,87,Abierto Mexicano,Acapulco,Outdoor,Hard,2023-02-28,1.67,2.2,1
Sonego L.,43,221,107,114,19,17,88,97,Auger-Aliassime F.,12,268,163,105,48,22,115,83,Dubai Tennis Championships,Dubai ,Outdoor,Hard,2023-03-01,4.0,1.25,1
Hurkacz H.,17,238,137,101,27,24,110,77,Kotov P.,89,25,10,15,1,4,9,11,Dubai Tennis Championships,Dubai ,Outdoor,Hard,2023-03-01,1.2,4.5,1
Zverev A.,19,500,346,154,60,31,286,123,O Connell C.,74,65,26,39,0,0,26,39,Dubai Tennis Championships,Dubai ,Outdoor,Hard,2023-03-01,1.29,3.75,1
Kokkinakis T.,86,124,55,69,0,4,55,65,Coric B.,15,343,185,158,28,28,157,130,Dubai Tennis Championships,Dubai ,Outdoor,Hard,2023-03-01,2.1,1.73,0
Griekspoor T.,37,97,47,50,7,14,40,36,Djokovic N.,2,1207,1012,195,146,42,866,153,Dubai Tennis Championships,Dubai ,Outdoor,Hard,2023-03-01,10.0,1.06,0
Bublik A.,25,219,110,109,39,30,71,79,Medvedev D.,3,406,289,117,69,27,220,90,Dubai Tennis Championships,Dubai ,Outdoor,Hard,2023-03-01,5.5,1.14,0
Molcan A.,120,86,45,41,1,6,44,35,Berrettini M.,38,217,142,75,14,11,128,64,Abierto Mexicano,Acapulco,Outdoor,Hard,2023-03-01,5.0,1.17,0
Ymer M.,59,130,58,72,18,23,40,49,Van De Zandschulp B.,44,117,63,54,11,11,52,43,Dubai Tennis Championships,Dubai ,Outdoor,Hard,2023-03-01,2.0,1.8,0
Davidovich Fokina A.,39,168,84,84,17,20,67,64,Rublev A.,7,392,255,137,57,34,198,103,Dubai Tennis Championships,Dubai ,Outdoor,Hard,2023-03-01,3.5,1.3,0
Pacheco Mendez R.,817,3,0,3,0,0,0,3,De Minaur A.,19,272,161,111,30,19,131,92,Abierto Mexicano,Acapulco,Outdoor,Hard,2023-03-01,19.0,1.02,0
Berrettini J.,842,2,1,1,0,0,1,1,Otte O.,233,78,33,45,6,14,27,31,Abierto Mexicano,Acapulco,Outdoor,Hard,2023-03-01,5.5,1.14,1
Darderi L.,184,3,1,2,0,0,1,2,Mcdonald M.,60,190,87,103,11,15,76,88,Abierto Mexicano,Acapulco,Outdoor,Hard,2023-03-01,5.5,1.14,0
Borges N.,69,28,10,18,1,1,9,17,Chappell N.,432,2,0,2,0,0,0,2,Abierto Mexicano,Acapulco,Outdoor,Hard,2023-03-01,1.11,6.5,1
Carballes Baena R.,64,207,91,116,11,10,80,106,Hanfmann Y.,50,99,50,49,5,4,45,45,Chile Open,Santiago,Indoor,Clay,2023-03-01,2.5,1.53,0
Musetti L.,18,143,79,64,12,12,67,52,Munar J.,104,178,75,103,7,12,68,91,Chile Open,Santiago,Indoor,Clay,2023-03-01,1.44,2.75,0
Monteiro T.,121,171,69,102,9,11,60,91,Cecchinato M.,108,204,79,125,2,14,77,111,Chile Open,Santiago,Indoor,Clay,2023-03-01,1.57,2.38,1
Jarry N.,28,141,73,68,9,6,64,62,Schwartzman D.,95,428,233,195,32,27,201,168,Chile Open,Santiago,Indoor,Clay,2023-03-01,1.36,3.2,1
Nakashima B.,70,106,57,49,6,5,51,44,Altmaier D.,51,79,28,51,1,5,27,46,Abierto Mexicano,Acapulco,Outdoor,Hard,2023-03-01,1.44,2.75,1
Mannarino A.,27,567,264,303,60,73,204,230,Ymer E.,186,81,24,57,3,11,21,46,Abierto Mexicano,Acapulco,Outdoor,Hard,2023-03-01,1.4,3.0,0
Baez S.,72,95,47,48,6,6,41,42,Garin C.,101,190,103,87,15,13,88,74,Chile Open,Santiago,Indoor,Clay,2023-03-02,1.67,2.2,1
Cerundolo J.M.,106,29,12,17,2,3,10,14,Lajovic D.,66,378,163,215,21,36,142,179,Chile Open,Santiago,Indoor,Clay,2023-03-02,2.63,1.5,0
Djokovic N.,2,1207,1012,195,146,42,866,153,Hurkacz H.,17,238,137,101,27,24,110,77,Dubai Tennis Championships,Dubai ,Outdoor,Hard,2023-03-02,1.1,7.0,1
Paul T.,14,204,111,93,19,13,92,80,Mmoh M.,112,55,20,35,0,3,20,32,Abierto Mexicano,Acapulco,Outdoor,Hard,2023-03-02,1.36,3.2,1
Paul T.,14,204,111,93,19,13,92,80,Mcdonald M.,60,190,87,103,11,15,76,88,Abierto Mexicano,Acapulco,Outdoor,Hard,2023-03-02,1.62,2.3,1
Borges N.,69,28,10,18,1,1,9,17,Rune H.,6,131,83,48,28,9,55,39,Abierto Mexicano,Acapulco,Outdoor,Hard,2023-03-02,4.5,1.2,0
Shapovalov D.,29,298,166,132,30,27,136,105,Fritz T.,9,356,205,151,26,22,179,129,Abierto Mexicano,Acapulco,Outdoor,Hard,2023-03-02,2.3,1.62,0
Berrettini M.,38,217,142,75,14,11,128,64,Ymer E.,186,81,24,57,3,11,21,46,Abierto Mexicano,Acapulco,Outdoor,Hard,2023-03-02,1.08,8.0,1
De Minaur A.,19,272,161,111,30,19,131,92,Berrettini J.,842,2,1,1,0,0,1,1,Abierto Mexicano,Acapulco,Outdoor,Hard,2023-03-02,1.03,15.0,1
Coric B.,15,343,185,158,28,28,157,130,Medvedev D.,3,406,289,117,69,27,220,90,Dubai Tennis Championships,Dubai ,Outdoor,Hard,2023-03-02,4.5,1.2,0
Daniel T.,111,178,67,111,3,10,64,101,Ruud C.,4,275,176,99,19,16,157,83,Abierto Mexicano,Acapulco,Outdoor,Hard,2023-03-02,3.5,1.3,1
Etcheverry T.,34,60,26,34,5,3,21,31,Cerundolo F.,21,104,58,46,3,7,55,39,Chile Open,Santiago,Indoor,Clay,2023-03-02,2.3,1.62,1
Mcdonald M.,60,190,87,103,11,15,76,88,Nakashima B.,70,106,57,49,6,5,51,44,Abierto Mexicano,Acapulco,Outdoor,Hard,2023-03-02,1.91,1.91,1
Djere L.,38,243,120,123,10,22,110,101,Bonadio R.,181,3,1,2,1,1,0,1,Chile Open,Santiago,Indoor,Clay,2023-03-02,1.17,5.0,1
Sonego L.,43,221,107,114,19,17,88,97,Zverev A.,19,500,346,154,60,31,286,123,Dubai Tennis Championships,Dubai ,Outdoor,Hard,2023-03-02,2.75,1.44,0
Rublev A.,7,392,255,137,57,34,198,103,Van De Zandschulp B.,44,117,63,54,11,11,52,43,Dubai Tennis Championships,Dubai ,Outdoor,Hard,2023-03-02,1.4,3.0,1
Tiafoe F.,10,303,158,145,24,23,134,122,Lopez F.,634,863,441,422,71,82,370,340,Abierto Mexicano,Acapulco,Outdoor,Hard,2023-03-02,1.06,10.0,1
Djere L.,38,243,120,123,10,22,110,101,Baez S.,72,95,47,48,6,6,41,42,Chile Open,Santiago,Indoor,Clay,2023-03-03,2.5,1.53,0
Lajovic D.,66,378,163,215,21,36,142,179,Etcheverry T.,34,60,26,34,5,3,21,31,Chile Open,Santiago,Indoor,Clay,2023-03-03,1.8,2.0,0
Djokovic N.,2,1207,1012,195,146,42,866,153,Medvedev D.,3,406,289,117,69,27,220,90,Dubai Tennis Championships,Dubai ,Outdoor,Hard,2023-03-03,1.44,2.75,0
Daniel T.,111,178,67,111,3,10,64,101,De Minaur A.,19,272,161,111,30,19,131,92,Abierto Mexicano,Acapulco,Outdoor,Hard,2023-03-03,4.0,1.25,0
Tiafoe F.,10,303,158,145,24,23,134,122,Fritz T.,9,356,205,151,26,22,179,129,Abierto Mexicano,Acapulco,Outdoor,Hard,2023-03-03,2.75,1.44,0
Rune H.,6,131,83,48,28,9,55,39,Berrettini M.,38,217,142,75,14,11,128,64,Abierto Mexicano,Acapulco,Outdoor,Hard,2023-03-03,1.8,2.0,1
Monteiro T.,121,171,69,102,9,11,60,91,Munar J.,104,178,75,103,7,12,68,91,Chile Open,Santiago,Indoor,Clay,2023-03-03,2.2,1.67,0
Rublev A.,7,392,255,137,57,34,198,103,Zverev A.,19,500,346,154,60,31,286,123,Dubai Tennis Championships,Dubai ,Outdoor,Hard,2023-03-03,2.2,1.67,1
De Minaur A.,19,272,161,111,30,19,131,92,Rune H.,6,131,83,48,28,9,55,39,Abierto Mexicano,Acapulco,Outdoor,Hard,2023-03-04,2.75,1.44,1
Medvedev D.,3,406,289,117,69,27,220,90,Rublev A.,7,392,255,137,57,34,198,103,Dubai Tennis Championships,Dubai ,Outdoor,Hard,2023-03-04,1.22,4.33,1
Paul T.,14,204,111,93,19,13,92,80,Fritz T.,9,356,205,151,26,22,179,129,Abierto Mexicano,Acapulco,Outdoor,Hard,2023-03-04,2.5,1.53,1
Munar J.,104,178,75,103,7,12,68,91,Jarry N.,28,141,73,68,9,6,64,62,Chile Open,Santiago,Indoor,Clay,2023-03-04,2.75,1.44,0
Hanfmann Y.,50,99,50,49,5,4,45,45,Jarry N.,28,141,73,68,9,6,64,62,Chile Open,Santiago,Indoor,Clay,2023-03-04,2.38,1.57,0
Baez S.,72,95,47,48,6,6,41,42,Etcheverry T.,34,60,26,34,5,3,21,31,Chile Open,Santiago,Indoor,Clay,2023-03-04,1.5,2.63,0
Etcheverry T.,34,60,26,34,5,3,21,31,Jarry N.,28,141,73,68,9,6,64,62,Chile Open,Santiago,Indoor,Clay,2023-03-05,1.91,1.91,0
Paul T.,14,204,111,93,19,13,92,80,De Minaur A.,19,272,161,111,30,19,131,92,Abierto Mexicano,Acapulco,Outdoor,Hard,2023-03-05,2.2,1.67,0
Daniel T.,111,178,67,111,3,10,64,101,Carballes Baena R.,64,207,91,116,11,10,80,106,BNP Paribas Open,Indian Wells,Outdoor,Hard,2023-03-08,1.36,3.2,1
Zapata Miralles B.,54,80,32,48,1,6,31,42,Humbert U.,36,170,80,90,23,21,57,69,BNP Paribas Open,Indian Wells,Outdoor,Hard,2023-03-08,2.75,1.44,0
Giron M.,69,150,68,82,20,14,48,68,Kovacevic A.,129,14,6,8,0,0,6,8,BNP Paribas Open,Indian Wells,Outdoor,Hard,2023-03-08,1.62,2.3,1
Ivashka I.,113,159,78,81,19,18,59,63,Safiullin R.,92,42,20,22,7,7,13,15,BNP Paribas Open,Indian Wells,Outdoor,Hard,2023-03-08,2.0,1.8,1
Djere L.,38,243,120,123,10,22,110,101,Otte O.,233,78,33,45,6,14,27,31,BNP Paribas Open,Indian Wells,Outdoor,Hard,2023-03-08,1.57,2.38,0
Sonego L.,43,221,107,114,19,17,88,97,Kubler J.,77,53,24,29,0,1,24,28,BNP Paribas Open,Indian Wells,Outdoor,Hard,2023-03-08,1.44,2.75,0
Isner J.,114,755,465,290,53,45,412,245,Nakashima B.,70,106,57,49,6,5,51,44,BNP Paribas Open,Indian Wells,Outdoor,Hard,2023-03-08,1.91,1.91,0
Cachin P.,54,52,23,29,1,3,22,26,Basilashvili N.,118,301,138,163,26,34,112,129,BNP Paribas Open,Indian Wells,Outdoor,Hard,2023-03-08,2.1,1.73,1
Lestienne C.,109,40,13,27,6,9,7,18,Ruusuvuori E.,55,158,79,79,16,18,63,61,BNP Paribas Open,Indian Wells,Outdoor,Hard,2023-03-08,2.75,1.44,0
Galan D.E.,76,78,33,45,3,5,30,40,Garin C.,101,190,103,87,15,13,88,74,BNP Paribas Open,Indian Wells,Outdoor,Hard,2023-03-08,3.0,1.4,0
Munar J.,104,178,75,103,7,12,68,91,Wu Y.,90,36,15,21,5,0,10,21,BNP Paribas Open,Indian Wells,Outdoor,Hard,2023-03-08,3.2,1.36,0
Lehecka J.,33,61,30,31,4,4,26,27,Rinderknech A.,67,96,46,50,16,12,30,38,BNP Paribas Open,Indian Wells,Outdoor,Hard,2023-03-08,1.25,4.0,1
Holt B.,193,7,2,5,0,1,2,4,Kokkinakis T.,86,124,55,69,0,4,55,65,BNP Paribas Open,Indian Wells,Outdoor,Hard,2023-03-09,4.33,1.22,0
Wolf J.J.,45,75,39,36,8,6,31,30,Fucsovics M.,67,249,121,128,26,24,95,104,BNP Paribas Open,Indian Wells,Outdoor,Hard,2023-03-09,1.62,2.3,0
Etcheverry T.,34,60,26,34,5,3,21,31,Murray A.,44,932,687,245,132,47,555,198,BNP Paribas Open,Indian Wells,Outdoor,Hard,2023-03-09,3.75,1.29,0
Huesler M.A.,88,58,21,37,8,8,13,29,Martinez P.,135,118,50,68,7,6,43,62,BNP Paribas Open,Indian Wells,Outdoor,Hard,2023-03-09,1.44,2.75,0
Monteiro T.,121,171,69,102,9,11,60,91,Pella G.,199,260,118,142,14,16,104,126,BNP Paribas Open,Indian Wells,Outdoor,Hard,2023-03-09,1.5,2.63,0
Molcan A.,120,86,45,41,1,6,44,35,Ramos-Vinolas A.,82,437,204,233,17,31,187,202,BNP Paribas Open,Indian Wells,Outdoor,Hard,2023-03-09,2.2,1.67,1
Wawrinka S.,72,854,535,319,84,69,451,250,Vukic A.,62,36,15,21,2,1,13,20,BNP Paribas Open,Indian Wells,Outdoor,Hard,2023-03-09,1.44,2.75,1
Fognini F.,128,742,383,359,39,48,344,311,Shelton B.,43,34,13,21,0,0,13,21,BNP Paribas Open,Indian Wells,Outdoor,Hard,2023-03-09,4.0,1.25,0
Halys Q.,79,72,23,49,3,10,20,39,Struff J.L.,21,369,170,199,43,42,127,157,BNP Paribas Open,Indian Wells,Outdoor,Hard,2023-03-09,2.2,1.67,0
Mcdonald M.,60,190,87,103,11,15,76,88,Krajinovic F.,93,240,115,125,38,34,77,91,BNP Paribas Open,Indian Wells,Outdoor,Hard,2023-03-09,1.44,2.75,1
Bublik A.,25,219,110,109,39,30,71,79,Wu T.L.,175,6,1,5,0,0,1,5,BNP Paribas Open,Indian Wells,Outdoor,Hard,2023-03-09,1.25,4.0,0
Marterer M.,144,91,31,60,2,8,29,52,Tabilo A.,122,44,21,23,5,4,16,19,BNP Paribas Open,Indian Wells,Outdoor,Hard,2023-03-09,2.0,1.8,0
Thompson J.,71,221,96,125,10,10,86,115,Monfils G.,323,816,510,306,131,65,379,241,BNP Paribas Open,Indian Wells,Outdoor,Hard,2023-03-09,1.57,2.38,1
Schwartzman D.,95,428,233,195,32,27,201,168,Coria F.,108,99,43,56,2,6,41,50,BNP Paribas Open,Indian Wells,Outdoor,Hard,2023-03-09,1.5,2.63,1
Draper J.,55,51,29,22,2,3,27,19,Riedi L.,135,5,1,4,1,1,0,3,BNP Paribas Open,Indian Wells,Outdoor,Hard,2023-03-09,1.44,2.75,1
Humbert U.,36,170,80,90,23,21,57,69,Shapovalov D.,29,298,166,132,30,27,136,105,BNP Paribas Open,Indian Wells,Outdoor,Hard,2023-03-10,2.63,1.5,1
Zverev A.,19,500,346,154,60,31,286,123,Cachin P.,54,52,23,29,1,3,22,26,BNP Paribas Open,Indian Wells,Outdoor,Hard,2023-03-10,1.08,8.0,1
Wu Y.,90,36,15,21,5,0,10,21,Davidovich Fokina A.,39,168,84,84,17,20,67,64,BNP Paribas Open,Indian Wells,Outdoor,Hard,2023-03-10,2.0,1.8,0
Tabilo A.,122,44,21,23,5,4,16,19,Cressy M.,96,96,42,54,10,11,32,43,BNP Paribas Open,Indian Wells,Outdoor,Hard,2023-03-10,2.63,1.5,1
Dimitrov G.,20,651,389,262,79,50,310,212,Kubler J.,77,53,24,29,0,1,24,28,BNP Paribas Open,Indian Wells,Outdoor,Hard,2023-03-10,1.33,3.4,0
Thompson J.,71,221,96,125,10,10,86,115,Tsitsipas S.,5,390,264,126,49,32,215,94,BNP Paribas Open,Indian Wells,Outdoor,Hard,2023-03-10,5.5,1.14,1
Bautista Agut R.,25,379,234,145,31,29,203,116,Ruusuvuori E.,55,158,79,79,16,18,63,61,BNP Paribas Open,Indian Wells,Outdoor,Hard,2023-03-10,1.62,2.3,0
Van De Zandschulp B.,44,117,63,54,11,11,52,43,Ivashka I.,113,159,78,81,19,18,59,63,BNP Paribas Open,Indian Wells,Outdoor,Hard,2023-03-10,1.53,2.5,0
Norrie C.,13,287,172,115,15,18,157,97,Wu T.L.,175,6,1,5,0,0,1,5,BNP Paribas Open,Indian Wells,Outdoor,Hard,2023-03-10,1.1,7.0,1
Garin C.,101,190,103,87,15,13,88,74,Nishioka Y.,31,215,99,116,15,15,84,101,BNP Paribas Open,Indian Wells,Outdoor,Hard,2023-03-10,2.5,1.53,1
Zhang Zh.,53,44,20,24,1,2,19,22,Popyrin A.,90,140,59,81,9,13,50,68,BNP Paribas Open,Indian Wells,Outdoor,Hard,2023-03-10,2.5,1.53,0
Sock J.,166,324,177,147,38,24,139,123,Barrere G.,59,79,31,48,11,16,20,32,BNP Paribas Open,Indian Wells,Outdoor,Hard,2023-03-10,2.3,1.62,1
Thiem D.,116,517,327,190,53,39,274,151,Mannarino A.,27,567,264,303,60,73,204,230,BNP Paribas Open,Indian Wells,Outdoor,Hard,2023-03-10,2.0,1.8,0
Gojo B.,115,14,3,11,0,1,3,10,Gasquet R.,48,948,581,367,133,82,448,285,BNP Paribas Open,Indian Wells,Outdoor,Hard,2023-03-10,1.62,2.3,0
Hijikata R.,110,16,7,9,0,0,7,9,Ymer M.,59,130,58,72,18,23,40,49,BNP Paribas Open,Indian Wells,Outdoor,Hard,2023-03-10,3.75,1.29,1
Ruud C.,4,275,176,99,19,16,157,83,Schwartzman D.,95,428,233,195,32,27,201,168,BNP Paribas Open,Indian Wells,Outdoor,Hard,2023-03-10,1.25,4.0,1
Fucsovics M.,67,249,121,128,26,24,95,104,De Minaur A.,19,272,161,111,30,19,131,92,BNP Paribas Open,Indian Wells,Outdoor,Hard,2023-03-11,3.75,1.29,1
Murray A.,44,932,687,245,132,47,555,198,Albot R.,97,215,86,129,26,26,60,103,BNP Paribas Open,Indian Wells,Outdoor,Hard,2023-03-11,1.29,3.75,1
Cerundolo F.,21,104,58,46,3,7,55,39,Sock J.,166,324,177,147,38,24,139,123,BNP Paribas Open,Indian Wells,Outdoor,Hard,2023-03-11,1.91,1.91,1
Auger-Aliassime F.,12,268,163,105,48,22,115,83,Martinez P.,135,118,50,68,7,6,43,62,BNP Paribas Open,Indian Wells,Outdoor,Hard,2023-03-11,1.08,8.0,1
Shelton B.,43,34,13,21,0,0,13,21,Fritz T.,9,356,205,151,26,22,179,129,BNP Paribas Open,Indian Wells,Outdoor,Hard,2023-03-11,4.0,1.25,0
Musetti L.,18,143,79,64,12,12,67,52,Mannarino A.,27,567,264,303,60,73,204,230,BNP Paribas Open,Indian Wells,Outdoor,Hard,2023-03-11,1.91,1.91,0
Paul T.,14,204,111,93,19,13,92,80,Struff J.L.,21,369,170,199,43,42,127,157,BNP Paribas Open,Indian Wells,Outdoor,Hard,2023-03-11,1.3,3.5,1
Griekspoor T.,37,97,47,50,7,14,40,36,Pella G.,199,260,118,142,14,16,104,126,BNP Paribas Open,Indian Wells,Outdoor,Hard,2023-03-11,1.2,4.5,1
Coric B.,15,343,185,158,28,28,157,130,Molcan A.,120,86,45,41,1,6,44,35,BNP Paribas Open,Indian Wells,Outdoor,Hard,2023-03-11,1.3,3.5,0
Lehecka J.,33,61,30,31,4,4,26,27,Rublev A.,7,392,255,137,57,34,198,103,BNP Paribas Open,Indian Wells,Outdoor,Hard,2023-03-11,2.75,1.44,0
Wawrinka S.,72,854,535,319,84,69,451,250,Kecmanovic M.,40,210,107,103,12,16,95,87,BNP Paribas Open,Indian Wells,Outdoor,Hard,2023-03-11,2.2,1.67,1
Gasquet R.,48,948,581,367,133,82,448,285,Sinner J.,8,224,153,71,42,19,111,52,BNP Paribas Open,Indian Wells,Outdoor,Hard,2023-03-11,6.5,1.11,0
Evans D.,30,251,124,127,18,16,106,111,Draper J.,55,51,29,22,2,3,27,19,BNP Paribas Open,Indian Wells,Outdoor,Hard,2023-03-11,3.2,1.36,0
Giron M.,69,150,68,82,20,14,48,68,Tiafoe F.,10,303,158,145,24,23,134,122,BNP Paribas Open,Indian Wells,Outdoor,Hard,2023-03-11,3.2,1.36,0
Nakashima B.,70,106,57,49,6,5,51,44,Medvedev D.,3,406,289,117,69,27,220,90,BNP Paribas Open,Indian Wells,Outdoor,Hard,2023-03-11,7.0,1.1,0
Otte O.,233,78,33,45,6,14,27,31,Khachanov K.,11,378,217,161,44,38,173,123,BNP Paribas Open,Indian Wells,Outdoor,Hard,2023-03-11,3.75,1.29,0
Daniel T.,111,178,67,111,3,10,64,101,Berrettini M.,38,217,142,75,14,11,128,64,BNP Paribas Open,Indian Wells,Outdoor,Hard,2023-03-11,3.5,1.3,1
Rublev A.,7,392,255,137,57,34,198,103,Humbert U.,36,170,80,90,23,21,57,69,BNP Paribas Open,Indian Wells,Outdoor,Hard,2023-03-12,1.22,4.33,1
Kubler J.,77,53,24,29,0,1,24,28,Tiafoe F.,10,303,158,145,24,23,134,122,BNP Paribas Open,Indian Wells,Outdoor,Hard,2023-03-12,4.5,1.2,0
Davidovich Fokina A.,39,168,84,84,17,20,67,64,Khachanov K.,11,378,217,161,44,38,173,123,BNP Paribas Open,Indian Wells,Outdoor,Hard,2023-03-12,2.3,1.62,1
Ruusuvuori E.,55,158,79,79,16,18,63,61,Zverev A.,19,500,346,154,60,31,286,123,BNP Paribas Open,Indian Wells,Outdoor,Hard,2023-03-12,3.5,1.3,0
Daniel T.,111,178,67,111,3,10,64,101,Norrie C.,13,287,172,115,15,18,157,97,BNP Paribas Open,Indian Wells,Outdoor,Hard,2023-03-12,4.33,1.22,0
Alcaraz C.,1,164,130,34,10,5,120,29,Kokkinakis T.,86,124,55,69,0,4,55,65,BNP Paribas Open,Indian Wells,Outdoor,Hard,2023-03-12,1.33,3.4,1
Rune H.,6,131,83,48,28,9,55,39,Mcdonald M.,60,190,87,103,11,15,76,88,BNP Paribas Open,Indian Wells,Outdoor,Hard,2023-03-12,1.36,3.2,1
Hijikata R.,110,16,7,9,0,0,7,9,Baez S.,72,95,47,48,6,6,41,42,BNP Paribas Open,Indian Wells,Outdoor,Hard,2023-03-12,1.8,2.0,0
Popyrin A.,90,140,59,81,9,13,50,68,Hurkacz H.,17,238,137,101,27,24,110,77,BNP Paribas Open,Indian Wells,Outdoor,Hard,2023-03-12,4.33,1.22,0
Garin C.,101,190,103,87,15,13,88,74,Ruud C.,4,275,176,99,19,16,157,83,BNP Paribas Open,Indian Wells,Outdoor,Hard,2023-03-12,4.33,1.22,1
Molcan A.,120,86,45,41,1,6,44,35,Fucsovics M.,67,249,121,128,26,24,95,104,BNP Paribas Open,Indian Wells,Outdoor,Hard,2023-03-13,2.38,1.57,0
Sinner J.,8,224,153,71,42,19,111,52,Mannarino A.,27,567,264,303,60,73,204,230,BNP Paribas Open,Indian Wells,Outdoor,Hard,2023-03-13,1.1,7.0,1
Baez S.,72,95,47,48,6,6,41,42,Fritz T.,9,356,205,151,26,22,179,129,BNP Paribas Open,Indian Wells,Outdoor,Hard,2023-03-13,6.5,1.11,0
Rune H.,6,131,83,48,28,9,55,39,Wawrinka S.,72,854,535,319,84,69,451,250,BNP Paribas Open,Indian Wells,Outdoor,Hard,2023-03-13,1.22,4.33,0
Cerundolo F.,21,104,58,46,3,7,55,39,Auger-Aliassime F.,12,268,163,105,48,22,115,83,BNP Paribas Open,Indian Wells,Outdoor,Hard,2023-03-13,4.5,1.2,0
Hurkacz H.,17,238,137,101,27,24,110,77,Paul T.,14,204,111,93,19,13,92,80,BNP Paribas Open,Indian Wells,Outdoor,Hard,2023-03-13,1.73,2.1,0
Tabilo A.,122,44,21,23,5,4,16,19,Thompson J.,71,221,96,125,10,10,86,115,BNP Paribas Open,Indian Wells,Outdoor,Hard,2023-03-13,2.2,1.67,1
Medvedev D.,3,406,289,117,69,27,220,90,Ivashka I.,113,159,78,81,19,18,59,63,BNP Paribas Open,Indian Wells,Outdoor,Hard,2023-03-13,1.03,15.0,1
Fritz T.,9,356,205,151,26,22,179,129,Fucsovics M.,67,249,121,128,26,24,95,104,BNP Paribas Open,Indian Wells,Outdoor,Hard,2023-03-14,1.2,4.5,1
Norrie C.,13,287,172,115,15,18,157,97,Rublev A.,7,392,255,137,57,34,198,103,BNP Paribas Open,Indian Wells,Outdoor,Hard,2023-03-14,2.3,1.62,1
Medvedev D.,3,406,289,117,69,27,220,90,Zverev A.,19,500,346,154,60,31,286,123,BNP Paribas Open,Indian Wells,Outdoor,Hard,2023-03-14,1.25,4.0,1
Tabilo A.,122,44,21,23,5,4,16,19,Tiafoe F.,10,303,158,145,24,23,134,122,BNP Paribas Open,Indian Wells,Outdoor,Hard,2023-03-14,4.5,1.2,0
Griekspoor T.,37,97,47,50,7,14,40,36,Alcaraz C.,1,164,130,34,10,5,120,29,BNP Paribas Open,Indian Wells,Outdoor,Hard,2023-03-14,7.0,1.1,0
Murray A.,44,932,687,245,132,47,555,198,Draper J.,55,51,29,22,2,3,27,19,BNP Paribas Open,Indian Wells,Outdoor,Hard,2023-03-14,2.2,1.67,0
Davidovich Fokina A.,39,168,84,84,17,20,67,64,Garin C.,101,190,103,87,15,13,88,74,BNP Paribas Open,Indian Wells,Outdoor,Hard,2023-03-14,1.4,3.0,1
Alcaraz C.,1,164,130,34,10,5,120,29,Draper J.,55,51,29,22,2,3,27,19,BNP Paribas Open,Indian Wells,Outdoor,Hard,2023-03-15,1.3,3.5,1
Sinner J.,8,224,153,71,42,19,111,52,Wawrinka S.,72,854,535,319,84,69,451,250,BNP Paribas Open,Indian Wells,Outdoor,Hard,2023-03-15,1.17,5.0,1
Paul T.,14,204,111,93,19,13,92,80,Auger-Aliassime F.,12,268,163,105,48,22,115,83,BNP Paribas Open,Indian Wells,Outdoor,Hard,2023-03-15,2.0,1.8,0
Norrie C.,13,287,172,115,15,18,157,97,Tiafoe F.,10,303,158,145,24,23,134,122,BNP Paribas Open,Indian Wells,Outdoor,Hard,2023-03-15,1.57,2.38,0
Davidovich Fokina A.,39,168,84,84,17,20,67,64,Medvedev D.,3,406,289,117,69,27,220,90,BNP Paribas Open,Indian Wells,Outdoor,Hard,2023-03-15,4.33,1.22,0
Fritz T.,9,356,205,151,26,22,179,129,Sinner J.,8,224,153,71,42,19,111,52,BNP Paribas Open,Indian Wells,Outdoor,Hard,2023-03-16,2.2,1.67,0
Auger-Aliassime F.,12,268,163,105,48,22,115,83,Alcaraz C.,1,164,130,34,10,5,120,29,BNP Paribas Open,Indian Wells,Outdoor,Hard,2023-03-17,3.2,1.36,0
Alcaraz C.,1,164,130,34,10,5,120,29,Sinner J.,8,224,153,71,42,19,111,52,BNP Paribas Open,Indian Wells,Outdoor,Hard,2023-03-18,1.53,2.5,1
Tiafoe F.,10,303,158,145,24,23,134,122,Medvedev D.,3,406,289,117,69,27,220,90,BNP Paribas Open,Indian Wells,Outdoor,Hard,2023-03-18,4.0,1.25,0
Medvedev D.,3,406,289,117,69,27,220,90,Alcaraz C.,1,164,130,34,10,5,120,29,BNP Paribas Open,Indian Wells,Outdoor,Hard,2023-03-19,2.1,1.73,0
Murray A.,44,932,687,245,132,47,555,198,Lajovic D.,66,378,163,215,21,36,142,179,Miami Open,Miami,Outdoor,Hard,2023-03-22,1.2,4.5,0
Edmund K.,473,233,113,120,19,10,94,110,Wu Y.,90,36,15,21,5,0,10,21,Miami Open,Miami,Outdoor,Hard,2023-03-22,6.0,1.13,0
Borges N.,69,28,10,18,1,1,9,17,Ruusuvuori E.,55,158,79,79,16,18,63,61,Miami Open,Miami,Outdoor,Hard,2023-03-22,3.2,1.36,0
Humbert U.,36,170,80,90,23,21,57,69,Monfils G.,323,816,510,306,131,65,379,241,Miami Open,Miami,Outdoor,Hard,2023-03-22,1.29,3.75,1
Ivashka I.,113,159,78,81,19,18,59,63,Altmaier D.,51,79,28,51,1,5,27,46,Miami Open,Miami,Outdoor,Hard,2023-03-22,1.53,2.5,1
Fognini F.,128,742,383,359,39,48,344,311,Struff J.L.,21,369,170,199,43,42,127,157,Miami Open,Miami,Outdoor,Hard,2023-03-22,3.75,1.29,0
Wolf J.J.,45,75,39,36,8,6,31,30,Bublik A.,25,219,110,109,39,30,71,79,Miami Open,Miami,Outdoor,Hard,2023-03-22,1.73,2.1,1
Nakashima B.,70,106,57,49,6,5,51,44,Otte O.,233,78,33,45,6,14,27,31,Miami Open,Miami,Outdoor,Hard,2023-03-22,1.33,3.4,1
Vukic A.,62,36,15,21,2,1,13,20,Djere L.,38,243,120,123,10,22,110,101,Miami Open,Miami,Outdoor,Hard,2023-03-22,1.67,2.2,0
Ramos-Vinolas A.,82,437,204,233,17,31,187,202,Huesler M.A.,88,58,21,37,8,8,13,29,Miami Open,Miami,Outdoor,Hard,2023-03-22,2.2,1.67,0
Meligeni Alves F.,177,3,1,2,0,0,1,2,Bagnis F.,135,121,39,82,9,8,30,74,Miami Open,Miami,Outdoor,Hard,2023-03-22,2.3,1.62,0
Ymer M.,59,130,58,72,18,23,40,49,Popyrin A.,90,140,59,81,9,13,50,68,Miami Open,Miami,Outdoor,Hard,2023-03-22,2.0,1.8,0
Cachin P.,54,52,23,29,1,3,22,26,Fucsovics M.,67,249,121,128,26,24,95,104,Miami Open,Miami,Outdoor,Hard,2023-03-22,4.33,1.22,0
Varillas J.P.,77,22,10,12,1,3,9,9,Pella G.,199,260,118,142,14,16,104,126,Miami Open,Miami,Outdoor,Hard,2023-03-22,2.0,1.8,0
Daniel T.,111,178,67,111,3,10,64,101,Rinderknech A.,67,96,46,50,16,12,30,38,Miami Open,Miami,Outdoor,Hard,2023-03-22,1.44,2.75,1
Kotov P.,89,25,10,15,1,4,9,11,Etcheverry T.,34,60,26,34,5,3,21,31,Miami Open,Miami,Outdoor,Hard,2023-03-23,2.0,1.8,0
Safiullin R.,92,42,20,22,7,7,13,15,Barrere G.,59,79,31,48,11,16,20,32,Miami Open,Miami,Outdoor,Hard,2023-03-23,1.62,2.3,0
Kubler J.,77,53,24,29,0,1,24,28,Monteiro T.,121,171,69,102,9,11,60,91,Miami Open,Miami,Outdoor,Hard,2023-03-23,1.4,3.0,0
O Connell C.,74,65,26,39,0,0,26,39,Gasquet R.,48,948,581,367,133,82,448,285,Miami Open,Miami,Outdoor,Hard,2023-03-23,2.0,1.8,0
Watanuki Y.,99,25,11,14,0,0,11,14,Paire B.,149,527,237,290,39,56,198,234,Miami Open,Miami,Outdoor,Hard,2023-03-23,1.62,2.3,1
Galan D.E.,76,78,33,45,3,5,30,40,Mcdonald M.,60,190,87,103,11,15,76,88,Miami Open,Miami,Outdoor,Hard,2023-03-23,6.5,1.11,0
Eubanks C.,29,64,28,36,1,3,27,33,Kudla D.,137,198,70,128,5,14,65,114,Miami Open,Miami,Outdoor,Hard,2023-03-23,1.67,2.2,1
Thiem D.,116,517,327,190,53,39,274,151,Sonego L.,43,221,107,114,19,17,88,97,Miami Open,Miami,Outdoor,Hard,2023-03-23,2.3,1.62,0
Molcan A.,120,86,45,41,1,6,44,35,Thompson J.,71,221,96,125,10,10,86,115,Miami Open,Miami,Outdoor,Hard,2023-03-23,2.3,1.62,1
Mannarino A.,27,567,264,303,60,73,204,230,Shang J.,149,12,4,8,0,0,4,8,Miami Open,Miami,Outdoor,Hard,2023-03-23,1.36,3.2,1
Garin C.,101,190,103,87,15,13,88,74,Giron M.,69,150,68,82,20,14,48,68,Miami Open,Miami,Outdoor,Hard,2023-03-23,1.73,2.1,1
Martinez P.,135,118,50,68,7,6,43,62,Halys Q.,79,72,23,49,3,10,20,39,Miami Open,Miami,Outdoor,Hard,2023-03-23,3.4,1.33,0
Lehecka J.,33,61,30,31,4,4,26,27,Coria F.,108,99,43,56,2,6,41,50,Miami Open,Miami,Outdoor,Hard,2023-03-23,1.1,7.0,1
Munar J.,104,178,75,103,7,12,68,91,Kovacevic A.,129,14,6,8,0,0,6,8,Miami Open,Miami,Outdoor,Hard,2023-03-23,2.5,1.53,0
Nava E.,242,13,2,11,0,0,2,11,Isner J.,114,755,465,290,53,45,412,245,Miami Open,Miami,Outdoor,Hard,2023-03-23,4.0,1.25,1
Carballes Baena R.,64,207,91,116,11,10,80,106,Zapata Miralles B.,54,80,32,48,1,6,31,42,Miami Open,Miami,Outdoor,Hard,2023-03-23,2.1,1.73,1
Fucsovics M.,67,249,121,128,26,24,95,104,Rune H.,6,131,83,48,28,9,55,39,Miami Open,Miami,Outdoor,Hard,2023-03-24,3.4,1.33,0
Ruud C.,4,275,176,99,19,16,157,83,Ivashka I.,113,159,78,81,19,18,59,63,Miami Open,Miami,Outdoor,Hard,2023-03-24,1.4,3.0,1
Cressy M.,96,96,42,54,10,11,32,43,Lajovic D.,66,378,163,215,21,36,142,179,Miami Open,Miami,Outdoor,Hard,2023-03-24,1.57,2.38,0
Nakashima B.,70,106,57,49,6,5,51,44,Davidovich Fokina A.,39,168,84,84,17,20,67,64,Miami Open,Miami,Outdoor,Hard,2023-03-24,2.38,1.57,0
Alcaraz C.,1,164,130,34,10,5,120,29,Bagnis F.,135,121,39,82,9,8,30,74,Miami Open,Miami,Outdoor,Hard,2023-03-24,1.01,23.0,1
Dimitrov G.,20,651,389,262,79,50,310,212,Struff J.L.,21,369,170,199,43,42,127,157,Miami Open,Miami,Outdoor,Hard,2023-03-24,1.44,2.75,1
Humbert U.,36,170,80,90,23,21,57,69,Kecmanovic M.,40,210,107,103,12,16,95,87,Miami Open,Miami,Outdoor,Hard,2023-03-24,1.91,1.91,0
Fritz T.,9,356,205,151,26,22,179,129,Nava E.,242,13,2,11,0,0,2,11,Miami Open,Miami,Outdoor,Hard,2023-03-24,1.06,10.0,1
Paul T.,14,204,111,93,19,13,92,80,Huesler M.A.,88,58,21,37,8,8,13,29,Miami Open,Miami,Outdoor,Hard,2023-03-24,1.17,5.0,1
Wu Y.,90,36,15,21,5,0,10,21,Schwartzman D.,95,428,233,195,32,27,201,168,Miami Open,Miami,Outdoor,Hard,2023-03-24,1.44,2.75,0
Sinner J.,8,224,153,71,42,19,111,52,Djere L.,38,243,120,123,10,22,110,101,Miami Open,Miami,Outdoor,Hard,2023-03-24,1.07,9.0,1
Wolf J.J.,45,75,39,36,8,6,31,30,Rublev A.,7,392,255,137,57,34,198,103,Miami Open,Miami,Outdoor,Hard,2023-03-24,4.0,1.25,0
Shapovalov D.,29,298,166,132,30,27,136,105,Pella G.,199,260,118,142,14,16,104,126,Miami Open,Miami,Outdoor,Hard,2023-03-24,1.22,4.33,1
Bergs Z.,175,15,4,11,1,5,3,6,Kokkinakis T.,86,124,55,69,0,4,55,65,Miami Open,Miami,Outdoor,Hard,2023-03-24,5.0,1.17,0
Van De Zandschulp B.,44,117,63,54,11,11,52,43,Popyrin A.,90,140,59,81,9,13,50,68,Miami Open,Miami,Outdoor,Hard,2023-03-24,1.73,2.1,1
Ruusuvuori E.,55,158,79,79,16,18,63,61,Bautista Agut R.,25,379,234,145,31,29,203,116,Miami Open,Miami,Outdoor,Hard,2023-03-24,1.73,2.1,1
Medvedev D.,3,406,289,117,69,27,220,90,Carballes Baena R.,64,207,91,116,11,10,80,106,Miami Open,Miami,Outdoor,Hard,2023-03-25,1.02,19.0,1
Molcan A.,120,86,45,41,1,6,44,35,Nishioka Y.,31,215,99,116,15,15,84,101,Miami Open,Miami,Outdoor,Hard,2023-03-25,2.0,1.8,1
Khachanov K.,11,378,217,161,44,38,173,123,Etcheverry T.,34,60,26,34,5,3,21,31,Miami Open,Miami,Outdoor,Hard,2023-03-25,1.3,3.5,1
Hurkacz H.,17,238,137,101,27,24,110,77,Kokkinakis T.,86,124,55,69,0,4,55,65,Miami Open,Miami,Outdoor,Hard,2023-03-25,1.3,3.5,1
Sonego L.,43,221,107,114,19,17,88,97,Evans D.,30,251,124,127,18,16,106,111,Miami Open,Miami,Outdoor,Hard,2023-03-25,1.44,2.75,1
Auger-Aliassime F.,12,268,163,105,48,22,115,83,Monteiro T.,121,171,69,102,9,11,60,91,Miami Open,Miami,Outdoor,Hard,2023-03-25,1.07,9.0,1
De Minaur A.,19,272,161,111,30,19,131,92,Halys Q.,79,72,23,49,3,10,20,39,Miami Open,Miami,Outdoor,Hard,2023-03-25,1.3,3.5,0
Mcdonald M.,60,190,87,103,11,15,76,88,Berrettini M.,38,217,142,75,14,11,128,64,Miami Open,Miami,Outdoor,Hard,2023-03-25,2.75,1.44,1
Lehecka J.,33,61,30,31,4,4,26,27,Musetti L.,18,143,79,64,12,12,67,52,Miami Open,Miami,Outdoor,Hard,2023-03-25,1.4,3.0,1
Tsitsipas S.,5,390,264,126,49,32,215,94,Gasquet R.,48,948,581,367,133,82,448,285,Miami Open,Miami,Outdoor,Hard,2023-03-25,1.17,5.0,1
Eubanks C.,29,64,28,36,1,3,27,33,Coric B.,15,343,185,158,28,28,157,130,Miami Open,Miami,Outdoor,Hard,2023-03-25,3.2,1.36,1
Kovacevic A.,129,14,6,8,0,0,6,8,Cerundolo F.,21,104,58,46,3,7,55,39,Miami Open,Miami,Outdoor,Hard,2023-03-25,2.2,1.67,0
Daniel T.,111,178,67,111,3,10,64,101,Zverev A.,19,500,346,154,60,31,286,123,Miami Open,Miami,Outdoor,Hard,2023-03-25,4.5,1.2,1
Garin C.,101,190,103,87,15,13,88,74,Baez S.,72,95,47,48,6,6,41,42,Miami Open,Miami,Outdoor,Hard,2023-03-25,1.53,2.5,1
Alcaraz C.,1,164,130,34,10,5,120,29,Lajovic D.,66,378,163,215,21,36,142,179,Miami Open,Miami,Outdoor,Hard,2023-03-26,1.03,15.0,1
Ruusuvuori E.,55,158,79,79,16,18,63,61,Daniel T.,111,178,67,111,3,10,64,101,Miami Open,Miami,Outdoor,Hard,2023-03-26,1.57,2.38,1
Rublev A.,7,392,255,137,57,34,198,103,Kecmanovic M.,40,210,107,103,12,16,95,87,Miami Open,Miami,Outdoor,Hard,2023-03-26,1.22,4.33,1
Fritz T.,9,356,205,151,26,22,179,129,Shapovalov D.,29,298,166,132,30,27,136,105,Miami Open,Miami,Outdoor,Hard,2023-03-26,1.36,3.2,1
Davidovich Fokina A.,39,168,84,84,17,20,67,64,Paul T.,14,204,111,93,19,13,92,80,Miami Open,Miami,Outdoor,Hard,2023-03-26,2.3,1.62,0
Shelton B.,43,34,13,21,0,0,13,21,Mannarino A.,27,567,264,303,60,73,204,230,Miami Open,Miami,Outdoor,Hard,2023-03-26,1.67,2.2,0
Barrere G.,59,79,31,48,11,16,20,32,Norrie C.,13,287,172,115,15,18,157,97,Miami Open,Miami,Outdoor,Hard,2023-03-26,6.0,1.13,1
Watanuki Y.,99,25,11,14,0,0,11,14,Tiafoe F.,10,303,158,145,24,23,134,122,Miami Open,Miami,Outdoor,Hard,2023-03-26,5.0,1.17,0
Schwartzman D.,95,428,233,195,32,27,201,168,Rune H.,6,131,83,48,28,9,55,39,Miami Open,Miami,Outdoor,Hard,2023-03-26,5.0,1.17,0
Mcdonald M.,60,190,87,103,11,15,76,88,Halys Q.,79,72,23,49,3,10,20,39,Miami Open,Miami,Outdoor,Hard,2023-03-27,1.57,2.38,0
Eubanks C.,29,64,28,36,1,3,27,33,Barrere G.,59,79,31,48,11,16,20,32,Miami Open,Miami,Outdoor,Hard,2023-03-27,2.1,1.73,1
Cerundolo F.,21,104,58,46,3,7,55,39,Auger-Aliassime F.,12,268,163,105,48,22,115,83,Miami Open,Miami,Outdoor,Hard,2023-03-27,4.33,1.22,1
Tsitsipas S.,5,390,264,126,49,32,215,94,Garin C.,101,190,103,87,15,13,88,74,Miami Open,Miami,Outdoor,Hard,2023-03-27,1.3,3.5,1
Mannarino A.,27,567,264,303,60,73,204,230,Hurkacz H.,17,238,137,101,27,24,110,77,Miami Open,Miami,Outdoor,Hard,2023-03-27,4.0,1.25,1
Molcan A.,120,86,45,41,1,6,44,35,Medvedev D.,3,406,289,117,69,27,220,90,Miami Open,Miami,Outdoor,Hard,2023-03-27,11.0,1.05,0
Van De Zandschulp B.,44,117,63,54,11,11,52,43,Ruud C.,4,275,176,99,19,16,157,83,Miami Open,Miami,Outdoor,Hard,2023-03-27,3.5,1.3,1
Sinner J.,8,224,153,71,42,19,111,52,Dimitrov G.,20,651,389,262,79,50,310,212,Miami Open,Miami,Outdoor,Hard,2023-03-27,1.22,4.33,1
Lehecka J.,33,61,30,31,4,4,26,27,Khachanov K.,11,378,217,161,44,38,173,123,Miami Open,Miami,Outdoor,Hard,2023-03-27,2.1,1.73,0
Sonego L.,43,221,107,114,19,17,88,97,Tiafoe F.,10,303,158,145,24,23,134,122,Miami Open,Miami,Outdoor,Hard,2023-03-28,3.4,1.33,1
Rublev A.,7,392,255,137,57,34,198,103,Sinner J.,8,224,153,71,42,19,111,52,Miami Open,Miami,Outdoor,Hard,2023-03-28,2.63,1.5,0
Rune H.,6,131,83,48,28,9,55,39,Fritz T.,9,356,205,151,26,22,179,129,Miami Open,Miami,Outdoor,Hard,2023-03-28,2.3,1.62,0
Van De Zandschulp B.,44,117,63,54,11,11,52,43,Ruusuvuori E.,55,158,79,79,16,18,63,61,Miami Open,Miami,Outdoor,Hard,2023-03-28,2.2,1.67,0
Alcaraz C.,1,164,130,34,10,5,120,29,Paul T.,14,204,111,93,19,13,92,80,Miami Open,Miami,Outdoor,Hard,2023-03-28,1.13,6.0,1
Khachanov K.,11,378,217,161,44,38,173,123,Tsitsipas S.,5,390,264,126,49,32,215,94,Miami Open,Miami,Outdoor,Hard,2023-03-28,1.91,1.91,1
Mannarino A.,27,567,264,303,60,73,204,230,Eubanks C.,29,64,28,36,1,3,27,33,Miami Open,Miami,Outdoor,Hard,2023-03-28,1.53,2.5,0
Sinner J.,8,224,153,71,42,19,111,52,Ruusuvuori E.,55,158,79,79,16,18,63,61,Miami Open,Miami,Outdoor,Hard,2023-03-29,1.13,6.0,1
Medvedev D.,3,406,289,117,69,27,220,90,Halys Q.,79,72,23,49,3,10,20,39,Miami Open,Miami,Outdoor,Hard,2023-03-29,1.07,9.0,1
Sonego L.,43,221,107,114,19,17,88,97,Cerundolo F.,21,104,58,46,3,7,55,39,Miami Open,Miami,Outdoor,Hard,2023-03-29,1.62,2.3,0
Eubanks C.,29,64,28,36,1,3,27,33,Medvedev D.,3,406,289,117,69,27,220,90,Miami Open,Miami,Outdoor,Hard,2023-03-30,13.0,1.04,0
Cerundolo F.,21,104,58,46,3,7,55,39,Khachanov K.,11,378,217,161,44,38,173,123,Miami Open,Miami,Outdoor,Hard,2023-03-30,3.2,1.36,0
Fritz T.,9,356,205,151,26,22,179,129,Alcaraz C.,1,164,130,34,10,5,120,29,Miami Open,Miami,Outdoor,Hard,2023-03-31,4.33,1.22,0
Medvedev D.,3,406,289,117,69,27,220,90,Khachanov K.,11,378,217,161,44,38,173,123,Miami Open,Miami,Outdoor,Hard,2023-03-31,1.2,4.5,1
Sinner J.,8,224,153,71,42,19,111,52,Alcaraz C.,1,164,130,34,10,5,120,29,Miami Open,Miami,Outdoor,Hard,2023-04-01,3.0,1.4,1
Medvedev D.,3,406,289,117,69,27,220,90,Sinner J.,8,224,153,71,42,19,111,52,Miami Open,Miami,Outdoor,Hard,2023-04-02,1.91,1.91,1
Munar J.,104,178,75,103,7,12,68,91,Benchetrit E.,445,8,1,7,0,0,1,7,Grand Prix Hassan II,Marrakech,Outdoor,Clay,2023-04-03,1.1,7.0,1
Kovacevic A.,129,14,6,8,0,0,6,8,Brouwer G.,144,21,11,10,3,2,8,8,U.S. Men's Clay Court Championships,Houston,Outdoor,Clay,2023-04-03,1.91,1.91,0
Struff J.L.,21,369,170,199,43,42,127,157,Gaston H.,109,58,24,34,5,9,19,25,Grand Prix Hassan II,Marrakech,Outdoor,Clay,2023-04-03,1.53,2.5,0
Karatsev A.,75,136,66,70,10,22,56,48,Passaro F.,126,10,3,7,1,1,2,6,Grand Prix Hassan II,Marrakech,Outdoor,Clay,2023-04-03,1.73,2.1,0
Lalami Laaroussi Y.,937,1,0,1,0,0,0,1,Popyrin A.,90,140,59,81,9,13,50,68,Grand Prix Hassan II,Marrakech,Outdoor,Clay,2023-04-03,15.0,1.03,0
Galan D.E.,76,78,33,45,3,5,30,40,Zhang Zh.,53,44,20,24,1,2,19,22,U.S. Men's Clay Court Championships,Houston,Outdoor,Clay,2023-04-03,2.2,1.67,1
Albot R.,97,215,86,129,26,26,60,103,Baez S.,72,95,47,48,6,6,41,42,Estoril Open,Estoril,Outdoor,Clay,2023-04-03,5.5,1.14,0
Kudla D.,137,198,70,128,5,14,65,114,Vukic A.,62,36,15,21,2,1,13,20,U.S. Men's Clay Court Championships,Houston,Outdoor,Clay,2023-04-03,3.2,1.36,1
Tseng C.H.,145,9,1,8,0,0,1,8,Cachin P.,54,52,23,29,1,3,22,26,Estoril Open,Estoril,Outdoor,Clay,2023-04-03,2.3,1.62,0
Fognini F.,128,742,383,359,39,48,344,311,Giannessi A.,224,35,12,23,1,4,11,19,Estoril Open,Estoril,Outdoor,Clay,2023-04-03,1.5,2.63,1
Schwartzman D.,95,428,233,195,32,27,201,168,Cecchinato M.,108,204,79,125,2,14,77,111,Estoril Open,Estoril,Outdoor,Clay,2023-04-03,1.36,3.2,0
Verdasco F.,244,962,537,425,79,79,458,346,Kubler J.,77,53,24,29,0,1,24,28,U.S. Men's Clay Court Championships,Houston,Outdoor,Clay,2023-04-04,4.33,1.22,0
Watanuki Y.,99,25,11,14,0,0,11,14,Hanfmann Y.,50,99,50,49,5,4,45,45,U.S. Men's Clay Court Championships,Houston,Outdoor,Clay,2023-04-04,2.75,1.44,0
Thompson J.,71,221,96,125,10,10,86,115,Wolf J.J.,45,75,39,36,8,6,31,30,U.S. Men's Clay Court Championships,Houston,Outdoor,Clay,2023-04-04,2.1,1.73,0
Etcheverry T.,34,60,26,34,5,3,21,31,Cerundolo J.M.,106,29,12,17,2,3,10,14,U.S. Men's Clay Court Championships,Houston,Outdoor,Clay,2023-04-04,1.44,2.75,1
Ymer E.,186,81,24,57,3,11,21,46,Moundir A.,720,1,0,1,0,0,0,1,Grand Prix Hassan II,Marrakech,Outdoor,Clay,2023-04-04,1.13,6.0,1
Bonadio R.,181,3,1,2,1,1,0,1,O Connell C.,74,65,26,39,0,0,26,39,Grand Prix Hassan II,Marrakech,Outdoor,Clay,2023-04-04,2.1,1.73,0
Muller A.,81,22,9,13,0,1,9,12,Gasquet R.,48,948,581,367,133,82,448,285,Grand Prix Hassan II,Marrakech,Outdoor,Clay,2023-04-04,2.2,1.67,1
Vavassori A.,128,12,5,7,1,1,4,6,Jarry N.,28,141,73,68,9,6,64,62,Grand Prix Hassan II,Marrakech,Outdoor,Clay,2023-04-04,3.2,1.36,1
Cressy M.,96,96,42,54,10,11,32,43,Carballes Baena R.,64,207,91,116,11,10,80,106,Grand Prix Hassan II,Marrakech,Outdoor,Clay,2023-04-04,2.5,1.53,0
Martinez P.,135,118,50,68,7,6,43,62,Kotov P.,89,25,10,15,1,4,9,11,Grand Prix Hassan II,Marrakech,Outdoor,Clay,2023-04-04,1.8,2.0,0
Kuzmanov D.,207,12,4,8,2,8,2,0,Grenier H.,122,16,5,11,1,2,4,9,Grand Prix Hassan II,Marrakech,Outdoor,Clay,2023-04-04,1.53,2.5,1
Giron M.,69,150,68,82,20,14,48,68,Gomez E.,155,26,7,19,2,2,5,17,U.S. Men's Clay Court Championships,Houston,Outdoor,Clay,2023-04-04,1.36,3.2,1
Dellien H.,164,70,22,48,5,5,17,43,Garin C.,101,190,103,87,15,13,88,74,U.S. Men's Clay Court Championships,Houston,Outdoor,Clay,2023-04-04,2.5,1.53,0
Johnson S.,197,395,196,199,16,23,180,176,Bagnis F.,135,121,39,82,9,8,30,74,U.S. Men's Clay Court Championships,Houston,Outdoor,Clay,2023-04-04,2.63,1.5,1
Ramos-Vinolas A.,82,437,204,233,17,31,187,202,Rodionov J.,118,26,9,17,2,3,7,14,Estoril Open,Estoril,Outdoor,Clay,2023-04-04,1.3,3.5,0
Nardi L.,151,11,2,9,1,3,1,6,Kecmanovic M.,40,210,107,103,12,16,95,87,Estoril Open,Estoril,Outdoor,Clay,2023-04-04,3.75,1.29,0
Shelton B.,43,34,13,21,0,0,13,21,Lestienne C.,109,40,13,27,6,9,7,18,Estoril Open,Estoril,Outdoor,Clay,2023-04-04,1.57,2.38,1
Van Assche L.,68,20,7,13,0,3,7,10,Sousa P.,475,36,9,27,1,3,8,24,Estoril Open,Estoril,Outdoor,Clay,2023-04-04,1.33,3.4,1
Thiem D.,116,517,327,190,53,39,274,151,Ofner S.,61,34,16,18,1,2,15,16,Estoril Open,Estoril,Outdoor,Clay,2023-04-04,1.62,2.3,1
Zapata Miralles B.,54,80,32,48,1,6,31,42,Rocha H.,596,1,0,1,0,0,0,1,Estoril Open,Estoril,Outdoor,Clay,2023-04-04,1.2,4.5,1
Borges N.,69,28,10,18,1,1,9,17,Halys Q.,79,72,23,49,3,10,20,39,Estoril Open,Estoril,Outdoor,Clay,2023-04-04,1.57,2.38,0
Zeppieri G.,129,13,4,9,0,1,4,8,Sousa J.,147,436,189,247,42,44,147,203,Estoril Open,Estoril,Outdoor,Clay,2023-04-04,1.53,2.5,0
Baez S.,72,95,47,48,6,6,41,42,Cachin P.,54,52,23,29,1,3,22,26,Estoril Open,Estoril,Outdoor,Clay,2023-04-05,1.36,3.2,1
Cecchinato M.,108,204,79,125,2,14,77,111,Fognini F.,128,742,383,359,39,48,344,311,Estoril Open,Estoril,Outdoor,Clay,2023-04-05,2.38,1.57,1
Vatutin A.,295,8,2,6,0,2,2,4,Bonzi B.,107,83,37,46,10,13,27,33,Grand Prix Hassan II,Marrakech,Outdoor,Clay,2023-04-05,3.2,1.36,0
Davidovich Fokina A.,39,168,84,84,17,20,67,64,Van Assche L.,68,20,7,13,0,3,7,10,Estoril Open,Estoril,Outdoor,Clay,2023-04-05,1.4,3.0,1
Sock J.,166,324,177,147,38,24,139,123,Machac T.,108,18,6,12,1,1,5,11,U.S. Men's Clay Court Championships,Houston,Outdoor,Clay,2023-04-05,3.0,1.4,0
Ruud C.,4,275,176,99,19,16,157,83,Sousa J.,147,436,189,247,42,44,147,203,Estoril Open,Estoril,Outdoor,Clay,2023-04-05,1.11,6.5,1
Vavassori A.,128,12,5,7,1,1,4,6,Munar J.,104,178,75,103,7,12,68,91,Grand Prix Hassan II,Marrakech,Outdoor,Clay,2023-04-06,2.63,1.5,1
Ymer E.,186,81,24,57,3,11,21,46,Griekspoor T.,37,97,47,50,7,14,40,36,Grand Prix Hassan II,Marrakech,Outdoor,Clay,2023-04-06,4.0,1.25,0
Van De Zandschulp B.,44,117,63,54,11,11,52,43,O Connell C.,74,65,26,39,0,0,26,39,Grand Prix Hassan II,Marrakech,Outdoor,Clay,2023-04-06,1.5,2.63,0
Kuzmanov D.,207,12,4,8,2,8,2,0,Carballes Baena R.,64,207,91,116,11,10,80,106,Grand Prix Hassan II,Marrakech,Outdoor,Clay,2023-04-06,3.0,1.4,1
Evans D.,30,251,124,127,18,16,106,111,Popyrin A.,90,140,59,81,9,13,50,68,Grand Prix Hassan II,Marrakech,Outdoor,Clay,2023-04-06,2.2,1.67,1
Kotov P.,89,25,10,15,1,4,9,11,Bonzi B.,107,83,37,46,10,13,27,33,Grand Prix Hassan II,Marrakech,Outdoor,Clay,2023-04-06,2.38,1.57,1
Muller A.,81,22,9,13,0,1,9,12,Passaro F.,126,10,3,7,1,1,2,6,Grand Prix Hassan II,Marrakech,Outdoor,Clay,2023-04-06,1.57,2.38,1
Rodionov J.,118,26,9,17,2,3,7,14,Kecmanovic M.,40,210,107,103,12,16,95,87,Estoril Open,Estoril,Outdoor,Clay,2023-04-06,3.2,1.36,0
Shelton B.,43,34,13,21,0,0,13,21,Thiem D.,116,517,327,190,53,39,274,151,Estoril Open,Estoril,Outdoor,Clay,2023-04-06,2.2,1.67,0
Zapata Miralles B.,54,80,32,48,1,6,31,42,Hurkacz H.,17,238,137,101,27,24,110,77,Estoril Open,Estoril,Outdoor,Clay,2023-04-06,3.0,1.4,1
Bautista Agut R.,25,379,234,145,31,29,203,116,Halys Q.,79,72,23,49,3,10,20,39,Estoril Open,Estoril,Outdoor,Clay,2023-04-06,1.57,2.38,0
Gaston H.,109,58,24,34,5,9,19,25,Musetti L.,18,143,79,64,12,12,67,52,Grand Prix Hassan II,Marrakech,Outdoor,Clay,2023-04-06,2.38,1.57,0
Altmaier D.,51,79,28,51,1,5,27,46,Purcell M.,78,28,9,19,0,0,9,19,U.S. Men's Clay Court Championships,Houston,Outdoor,Clay,2023-04-07,1.3,3.5,0
Muller A.,81,22,9,13,0,1,9,12,Musetti L.,18,143,79,64,12,12,67,52,Grand Prix Hassan II,Marrakech,Outdoor,Clay,2023-04-07,3.0,1.4,1
Evans D.,30,251,124,127,18,16,106,111,Vavassori A.,128,12,5,7,1,1,4,6,Grand Prix Hassan II,Marrakech,Outdoor,Clay,2023-04-07,1.62,2.3,1
Davidovich Fokina A.,39,168,84,84,17,20,67,64,Cecchinato M.,108,204,79,125,2,14,77,111,Estoril Open,Estoril,Outdoor,Clay,2023-04-07,1.22,4.33,0
Kecmanovic M.,40,210,107,103,12,16,95,87,Zapata Miralles B.,54,80,32,48,1,6,31,42,Estoril Open,Estoril,Outdoor,Clay,2023-04-07,1.62,2.3,1
Halys Q.,79,72,23,49,3,10,20,39,Thiem D.,116,517,327,190,53,39,274,151,Estoril Open,Estoril,Outdoor,Clay,2023-04-07,2.1,1.73,1
Baez S.,72,95,47,48,6,6,41,42,Ruud C.,4,275,176,99,19,16,157,83,Estoril Open,Estoril,Outdoor,Clay,2023-04-07,2.75,1.44,0
Carballes Baena R.,64,207,91,116,11,10,80,106,Griekspoor T.,37,97,47,50,7,14,40,36,Grand Prix Hassan II,Marrakech,Outdoor,Clay,2023-04-07,2.38,1.57,1
Kotov P.,89,25,10,15,1,4,9,11,O Connell C.,74,65,26,39,0,0,26,39,Grand Prix Hassan II,Marrakech,Outdoor,Clay,2023-04-07,2.1,1.73,1
Ruud C.,4,275,176,99,19,16,157,83,Halys Q.,79,72,23,49,3,10,20,39,Estoril Open,Estoril,Outdoor,Clay,2023-04-08,1.22,4.33,1
Muller A.,81,22,9,13,0,1,9,12,Kotov P.,89,25,10,15,1,4,9,11,Grand Prix Hassan II,Marrakech,Outdoor,Clay,2023-04-08,1.53,2.5,1
Kecmanovic M.,40,210,107,103,12,16,95,87,Cecchinato M.,108,204,79,125,2,14,77,111,Estoril Open,Estoril,Outdoor,Clay,2023-04-08,1.3,3.5,1
Isner J.,114,755,465,290,53,45,412,245,Brouwer G.,144,21,11,10,3,2,8,8,U.S. Men's Clay Court Championships,Houston,Outdoor,Clay,2023-04-08,1.53,2.5,0
Wolf J.J.,45,75,39,36,8,6,31,30,Kudla D.,137,198,70,128,5,14,65,114,U.S. Men's Clay Court Championships,Houston,Outdoor,Clay,2023-04-08,1.36,3.2,1
Galan D.E.,76,78,33,45,3,5,30,40,Kubler J.,77,53,24,29,0,1,24,28,U.S. Men's Clay Court Championships,Houston,Outdoor,Clay,2023-04-08,2.0,1.8,0
Tiafoe F.,10,303,158,145,24,23,134,122,Johnson S.,197,395,196,199,16,23,180,176,U.S. Men's Clay Court Championships,Houston,Outdoor,Clay,2023-04-08,1.17,5.0,1
Carballes Baena R.,64,207,91,116,11,10,80,106,Evans D.,30,251,124,127,18,16,106,111,Grand Prix Hassan II,Marrakech,Outdoor,Clay,2023-04-08,1.8,2.0,1
Garin C.,101,190,103,87,15,13,88,74,Bergs Z.,175,15,4,11,1,5,3,6,U.S. Men's Clay Court Championships,Houston,Outdoor,Clay,2023-04-08,1.2,4.5,1
Hanfmann Y.,50,99,50,49,5,4,45,45,Paul T.,14,204,111,93,19,13,92,80,U.S. Men's Clay Court Championships,Houston,Outdoor,Clay,2023-04-08,2.5,1.53,1
Giron M.,69,150,68,82,20,14,48,68,Machac T.,108,18,6,12,1,1,5,11,U.S. Men's Clay Court Championships,Houston,Outdoor,Clay,2023-04-08,2.2,1.67,0
Tiafoe F.,10,303,158,145,24,23,134,122,Kubler J.,77,53,24,29,0,1,24,28,U.S. Men's Clay Court Championships,Houston,Outdoor,Clay,2023-04-08,1.4,3.0,1
Brouwer G.,144,21,11,10,3,2,8,8,Wolf J.J.,45,75,39,36,8,6,31,30,U.S. Men's Clay Court Championships,Houston,Outdoor,Clay,2023-04-08,2.63,1.5,1
Etcheverry T.,34,60,26,34,5,3,21,31,Garin C.,101,190,103,87,15,13,88,74,U.S. Men's Clay Court Championships,Houston,Outdoor,Clay,2023-04-08,2.2,1.67,1
Purcell M.,78,28,9,19,0,0,9,19,Etcheverry T.,34,60,26,34,5,3,21,31,U.S. Men's Clay Court Championships,Houston,Outdoor,Clay,2023-04-08,3.2,1.36,0
Huesler M.A.,88,58,21,37,8,8,13,29,Munar J.,104,178,75,103,7,12,68,91,Monte Carlo Masters,Monte Carlo,Outdoor,Clay,2023-04-09,2.5,1.53,0
Jarry N.,28,141,73,68,9,6,64,62,Coric B.,15,343,185,158,28,28,157,130,Monte Carlo Masters,Monte Carlo,Outdoor,Clay,2023-04-09,2.0,1.8,1
Carballes Baena R.,64,207,91,116,11,10,80,106,Muller A.,81,22,9,13,0,1,9,12,Grand Prix Hassan II,Marrakech,Outdoor,Clay,2023-04-09,1.73,2.1,1
Hurkacz H.,17,238,137,101,27,24,110,77,Djere L.,38,243,120,123,10,22,110,101,Monte Carlo Masters,Monte Carlo,Outdoor,Clay,2023-04-09,1.5,2.63,1
Etcheverry T.,34,60,26,34,5,3,21,31,Hanfmann Y.,50,99,50,49,5,4,45,45,U.S. Men's Clay Court Championships,Houston,Outdoor,Clay,2023-04-09,1.8,2.0,1
Tiafoe F.,10,303,158,145,24,23,134,122,Brouwer G.,144,21,11,10,3,2,8,8,U.S. Men's Clay Court Championships,Houston,Outdoor,Clay,2023-04-09,1.29,3.75,1
Hanfmann Y.,50,99,50,49,5,4,45,45,Machac T.,108,18,6,12,1,1,5,11,U.S. Men's Clay Court Championships,Houston,Outdoor,Clay,2023-04-09,1.8,2.0,1
Kecmanovic M.,40,210,107,103,12,16,95,87,Ruud C.,4,275,176,99,19,16,157,83,Estoril Open,Estoril,Outdoor,Clay,2023-04-09,2.75,1.44,0
Etcheverry T.,34,60,26,34,5,3,21,31,Tiafoe F.,10,303,158,145,24,23,134,122,U.S. Men's Clay Court Championships,Houston,Outdoor,Clay,2023-04-09,3.0,1.4,0
Bautista Agut R.,25,379,234,145,31,29,203,116,Krajinovic F.,93,240,115,125,38,34,77,91,Monte Carlo Masters,Monte Carlo,Outdoor,Clay,2023-04-10,1.5,2.63,1
Murray A.,44,932,687,245,132,47,555,198,De Minaur A.,19,272,161,111,30,19,131,92,Monte Carlo Masters,Monte Carlo,Outdoor,Clay,2023-04-10,2.5,1.53,0
Goffin D.,123,522,296,226,66,52,230,174,Schwartzman D.,95,428,233,195,32,27,201,168,Monte Carlo Masters,Monte Carlo,Outdoor,Clay,2023-04-10,2.3,1.62,0
Mcdonald M.,60,190,87,103,11,15,76,88,Gakhov I.,198,3,1,2,0,0,1,2,Monte Carlo Masters,Monte Carlo,Outdoor,Clay,2023-04-10,1.57,2.38,0
Cressy M.,96,96,42,54,10,11,32,43,Berrettini M.,38,217,142,75,14,11,128,64,Monte Carlo Masters,Monte Carlo,Outdoor,Clay,2023-04-10,4.33,1.22,0
Struff J.L.,21,369,170,199,43,42,127,157,Ramos-Vinolas A.,82,437,204,233,17,31,187,202,Monte Carlo Masters,Monte Carlo,Outdoor,Clay,2023-04-10,1.57,2.38,1
Thiem D.,116,517,327,190,53,39,274,151,Gasquet R.,48,948,581,367,133,82,448,285,Monte Carlo Masters,Monte Carlo,Outdoor,Clay,2023-04-10,1.57,2.38,1
Baez S.,72,95,47,48,6,6,41,42,Draper J.,55,51,29,22,2,3,27,19,Monte Carlo Masters,Monte Carlo,Outdoor,Clay,2023-04-10,1.44,2.75,0
Cerundolo F.,21,104,58,46,3,7,55,39,Norrie C.,13,287,172,115,15,18,157,97,Monte Carlo Masters,Monte Carlo,Outdoor,Clay,2023-04-10,2.5,1.53,1
Zapata Miralles B.,54,80,32,48,1,6,31,42,Bonzi B.,107,83,37,46,10,13,27,33,Monte Carlo Masters,Monte Carlo,Outdoor,Clay,2023-04-10,1.44,2.75,0
Wawrinka S.,72,854,535,319,84,69,451,250,Griekspoor T.,37,97,47,50,7,14,40,36,Monte Carlo Masters,Monte Carlo,Outdoor,Clay,2023-04-10,2.0,1.8,1
Van De Zandschulp B.,44,117,63,54,11,11,52,43,Fucsovics M.,67,249,121,128,26,24,95,104,Monte Carlo Masters,Monte Carlo,Outdoor,Clay,2023-04-10,2.2,1.67,1
Popyrin A.,90,140,59,81,9,13,50,68,Lajovic D.,66,378,163,215,21,36,142,179,Monte Carlo Masters,Monte Carlo,Outdoor,Clay,2023-04-10,2.75,1.44,1
Tsitsipas S.,5,390,264,126,49,32,215,94,Bonzi B.,107,83,37,46,10,13,27,33,Monte Carlo Masters,Monte Carlo,Outdoor,Clay,2023-04-11,1.17,5.0,1
Hurkacz H.,17,238,137,101,27,24,110,77,Draper J.,55,51,29,22,2,3,27,19,Monte Carlo Masters,Monte Carlo,Outdoor,Clay,2023-04-11,1.57,2.38,1
Djokovic N.,2,1207,1012,195,146,42,866,153,Gakhov I.,198,3,1,2,0,0,1,2,Monte Carlo Masters,Monte Carlo,Outdoor,Clay,2023-04-11,1.02,19.0,1
Rublev A.,7,392,255,137,57,34,198,103,Munar J.,104,178,75,103,7,12,68,91,Monte Carlo Masters,Monte Carlo,Outdoor,Clay,2023-04-11,1.2,4.5,1
Evans D.,30,251,124,127,18,16,106,111,Ivashka I.,113,159,78,81,19,18,59,63,Monte Carlo Masters,Monte Carlo,Outdoor,Clay,2023-04-11,2.2,1.67,0
Musetti L.,18,143,79,64,12,12,67,52,Kecmanovic M.,40,210,107,103,12,16,95,87,Monte Carlo Masters,Monte Carlo,Outdoor,Clay,2023-04-11,1.8,2.0,1
Vacherot V.,357,1,0,1,0,0,0,1,Nardi L.,151,11,2,9,1,3,1,6,Monte Carlo Masters,Monte Carlo,Outdoor,Clay,2023-04-11,3.75,1.29,0
Bublik A.,25,219,110,109,39,30,71,79,Zverev A.,19,500,346,154,60,31,286,123,Monte Carlo Masters,Monte Carlo,Outdoor,Clay,2023-04-11,5.5,1.14,0
Humbert U.,36,170,80,90,23,21,57,69,Sonego L.,43,221,107,114,19,17,88,97,Monte Carlo Masters,Monte Carlo,Outdoor,Clay,2023-04-11,2.63,1.5,0
Dimitrov G.,20,651,389,262,79,50,310,212,Shelton B.,43,34,13,21,0,0,13,21,Monte Carlo Masters,Monte Carlo,Outdoor,Clay,2023-04-11,1.2,4.5,1
Lehecka J.,33,61,30,31,4,4,26,27,Ruusuvuori E.,55,158,79,79,16,18,63,61,Monte Carlo Masters,Monte Carlo,Outdoor,Clay,2023-04-11,1.57,2.38,1
Davidovich Fokina A.,39,168,84,84,17,20,67,64,Khachanov K.,11,378,217,161,44,38,173,123,Monte Carlo Masters,Monte Carlo,Outdoor,Clay,2023-04-11,1.91,1.91,0
Khachanov K.,11,378,217,161,44,38,173,123,Ivashka I.,113,159,78,81,19,18,59,63,Monte Carlo Masters,Monte Carlo,Outdoor,Clay,2023-04-12,1.22,4.33,1
Thiem D.,116,517,327,190,53,39,274,151,Rune H.,6,131,83,48,28,9,55,39,Monte Carlo Masters,Monte Carlo,Outdoor,Clay,2023-04-12,2.75,1.44,0
Berrettini M.,38,217,142,75,14,11,128,64,Cerundolo F.,21,104,58,46,3,7,55,39,Monte Carlo Masters,Monte Carlo,Outdoor,Clay,2023-04-12,1.8,2.0,1
Wawrinka S.,72,854,535,319,84,69,451,250,Fritz T.,9,356,205,151,26,22,179,129,Monte Carlo Masters,Monte Carlo,Outdoor,Clay,2023-04-12,2.63,1.5,0
Medvedev D.,3,406,289,117,69,27,220,90,Sonego L.,43,221,107,114,19,17,88,97,Monte Carlo Masters,Monte Carlo,Outdoor,Clay,2023-04-12,1.33,3.4,1
Schwartzman D.,95,428,233,195,32,27,201,168,Sinner J.,8,224,153,71,42,19,111,52,Monte Carlo Masters,Monte Carlo,Outdoor,Clay,2023-04-12,6.5,1.11,0
Jarry N.,28,141,73,68,9,6,64,62,Popyrin A.,90,140,59,81,9,13,50,68,Monte Carlo Masters,Monte Carlo,Outdoor,Clay,2023-04-12,1.33,3.4,1
Nardi L.,151,11,2,9,1,3,1,6,Musetti L.,18,143,79,64,12,12,67,52,Monte Carlo Masters,Monte Carlo,Outdoor,Clay,2023-04-12,4.5,1.2,0
Struff J.L.,21,369,170,199,43,42,127,157,De Minaur A.,19,272,161,111,30,19,131,92,Monte Carlo Masters,Monte Carlo,Outdoor,Clay,2023-04-12,2.38,1.57,1
Ruud C.,4,275,176,99,19,16,157,83,Van De Zandschulp B.,44,117,63,54,11,11,52,43,Monte Carlo Masters,Monte Carlo,Outdoor,Clay,2023-04-12,1.2,4.5,1
Bautista Agut R.,25,379,234,145,31,29,203,116,Zverev A.,19,500,346,154,60,31,286,123,Monte Carlo Masters,Monte Carlo,Outdoor,Clay,2023-04-12,3.0,1.4,0
Lehecka J.,33,61,30,31,4,4,26,27,Dimitrov G.,20,651,389,262,79,50,310,212,Monte Carlo Masters,Monte Carlo,Outdoor,Clay,2023-04-12,2.1,1.73,1
Hurkacz H.,17,238,137,101,27,24,110,77,Sinner J.,8,224,153,71,42,19,111,52,Monte Carlo Masters,Monte Carlo,Outdoor,Clay,2023-04-13,4.33,1.22,0
Struff J.L.,21,369,170,199,43,42,127,157,Ruud C.,4,275,176,99,19,16,157,83,Monte Carlo Masters,Monte Carlo,Outdoor,Clay,2023-04-13,3.5,1.3,1
Rublev A.,7,392,255,137,57,34,198,103,Khachanov K.,11,378,217,161,44,38,173,123,Monte Carlo Masters,Monte Carlo,Outdoor,Clay,2023-04-13,1.91,1.91,1
Tsitsipas S.,5,390,264,126,49,32,215,94,Jarry N.,28,141,73,68,9,6,64,62,Monte Carlo Masters,Monte Carlo,Outdoor,Clay,2023-04-13,1.25,4.0,1
Lehecka J.,33,61,30,31,4,4,26,27,Fritz T.,9,356,205,151,26,22,179,129,Monte Carlo Masters,Monte Carlo,Outdoor,Clay,2023-04-13,2.3,1.62,0
Djokovic N.,2,1207,1012,195,146,42,866,153,Musetti L.,18,143,79,64,12,12,67,52,Monte Carlo Masters,Monte Carlo,Outdoor,Clay,2023-04-13,1.17,5.0,0
Berrettini M.,38,217,142,75,14,11,128,64,Rune H.,6,131,83,48,28,9,55,39,Monte Carlo Masters,Monte Carlo,Outdoor,Clay,2023-04-13,2.75,1.44,0
Zverev A.,19,500,346,154,60,31,286,123,Medvedev D.,3,406,289,117,69,27,220,90,Monte Carlo Masters,Monte Carlo,Outdoor,Clay,2023-04-13,2.38,1.57,0
Sinner J.,8,224,153,71,42,19,111,52,Musetti L.,18,143,79,64,12,12,67,52,Monte Carlo Masters,Monte Carlo,Outdoor,Clay,2023-04-14,1.33,3.4,1
Medvedev D.,3,406,289,117,69,27,220,90,Rune H.,6,131,83,48,28,9,55,39,Monte Carlo Masters,Monte Carlo,Outdoor,Clay,2023-04-14,2.1,1.73,0
Struff J.L.,21,369,170,199,43,42,127,157,Rublev A.,7,392,255,137,57,34,198,103,Monte Carlo Masters,Monte Carlo,Outdoor,Clay,2023-04-14,3.0,1.4,0
Tsitsipas S.,5,390,264,126,49,32,215,94,Fritz T.,9,356,205,151,26,22,179,129,Monte Carlo Masters,Monte Carlo,Outdoor,Clay,2023-04-14,1.33,3.4,0
Rublev A.,7,392,255,137,57,34,198,103,Fritz T.,9,356,205,151,26,22,179,129,Monte Carlo Masters,Monte Carlo,Outdoor,Clay,2023-04-15,1.91,1.91,1
Rune H.,6,131,83,48,28,9,55,39,Sinner J.,8,224,153,71,42,19,111,52,Monte Carlo Masters,Monte Carlo,Outdoor,Clay,2023-04-15,2.5,1.53,1
Rune H.,6,131,83,48,28,9,55,39,Rublev A.,7,392,255,137,57,34,198,103,Monte Carlo Masters,Monte Carlo,Outdoor,Clay,2023-04-16,1.53,2.5,0
Griekspoor T.,37,97,47,50,7,14,40,36,Popyrin A.,90,140,59,81,9,13,50,68,Srpska Open,Banja Luka,Outdoor,Clay,2023-04-17,1.53,2.5,0
Thompson J.,71,221,96,125,10,10,86,115,Cobolli F.,148,14,5,9,0,1,5,8,BMW Open,Munich,Outdoor,Clay,2023-04-17,2.3,1.62,0
Carballes Baena R.,64,207,91,116,11,10,80,106,Giron M.,69,150,68,82,20,14,48,68,BMW Open,Munich,Outdoor,Clay,2023-04-17,1.44,2.75,0
Daniel T.,111,178,67,111,3,10,64,101,Molcan A.,120,86,45,41,1,6,44,35,Srpska Open,Banja Luka,Outdoor,Clay,2023-04-17,1.73,2.1,0
Hanfmann Y.,50,99,50,49,5,4,45,45,Monteiro T.,121,171,69,102,9,11,60,91,BMW Open,Munich,Outdoor,Clay,2023-04-17,1.53,2.5,1
Wawrinka S.,72,854,535,319,84,69,451,250,Van Assche L.,68,20,7,13,0,3,7,10,Srpska Open,Banja Luka,Outdoor,Clay,2023-04-17,1.67,2.2,0
Martinez P.,135,118,50,68,7,6,43,62,Kovalik J.,172,68,24,44,5,8,19,36,Barcelona Open,Barcelona,Outdoor,Clay,2023-04-17,1.53,2.5,0
Borges N.,69,28,10,18,1,1,9,17,Ivashka I.,113,159,78,81,19,18,59,63,Barcelona Open,Barcelona,Outdoor,Clay,2023-04-17,2.38,1.57,1
Balazs A.,745,33,16,17,0,1,16,16,Zapata Miralles B.,54,80,32,48,1,6,31,42,Barcelona Open,Barcelona,Outdoor,Clay,2023-04-17,19.0,1.02,0
Jarry N.,28,141,73,68,9,6,64,62,Trungelliti M.,240,33,13,20,2,2,11,18,Barcelona Open,Barcelona,Outdoor,Clay,2023-04-17,1.22,4.33,1
Bublik A.,25,219,110,109,39,30,71,79,Ruusuvuori E.,55,158,79,79,16,18,63,61,Barcelona Open,Barcelona,Outdoor,Clay,2023-04-17,2.75,1.44,0
Etcheverry T.,34,60,26,34,5,3,21,31,Andujar P.,323,404,164,240,12,30,152,210,Barcelona Open,Barcelona,Outdoor,Clay,2023-04-17,1.13,6.0,1
Krutykh O.,180,3,0,3,0,0,0,3,Kotov P.,89,25,10,15,1,4,9,11,Barcelona Open,Barcelona,Outdoor,Clay,2023-04-17,2.63,1.5,0
Mcdonald M.,60,190,87,103,11,15,76,88,Shelton B.,43,34,13,21,0,0,13,21,Barcelona Open,Barcelona,Outdoor,Clay,2023-04-17,1.73,2.1,0
Prizmic D.,287,5,2,3,0,0,2,3,Gasquet R.,48,948,581,367,133,82,448,285,Srpska Open,Banja Luka,Outdoor,Clay,2023-04-18,2.2,1.67,0
Albot R.,97,215,86,129,26,26,60,103,Coria F.,108,99,43,56,2,6,41,50,Srpska Open,Banja Luka,Outdoor,Clay,2023-04-18,2.1,1.73,1
Djere L.,38,243,120,123,10,22,110,101,Safiullin R.,92,42,20,22,7,7,13,15,Srpska Open,Banja Luka,Outdoor,Clay,2023-04-18,1.3,3.5,1
Shelbayh A.,240,6,1,5,0,0,1,5,Ymer E.,186,81,24,57,3,11,21,46,Srpska Open,Banja Luka,Outdoor,Clay,2023-04-18,2.63,1.5,1
Baez S.,72,95,47,48,6,6,41,42,Otte O.,233,78,33,45,6,14,27,31,BMW Open,Munich,Outdoor,Clay,2023-04-18,1.44,2.75,0
Topo M.,478,4,0,4,0,0,0,4,Garin C.,101,190,103,87,15,13,88,74,BMW Open,Munich,Outdoor,Clay,2023-04-18,6.0,1.13,0
Rehberg M.,412,3,0,3,0,0,0,3,Fucsovics M.,67,249,121,128,26,24,95,104,BMW Open,Munich,Outdoor,Clay,2023-04-18,9.0,1.07,0
Edmund K.,473,233,113,120,19,10,94,110,Huesler M.A.,88,58,21,37,8,8,13,29,BMW Open,Munich,Outdoor,Clay,2023-04-18,3.2,1.36,0
O Connell C.,74,65,26,39,0,0,26,39,Humbert U.,36,170,80,90,23,21,57,69,BMW Open,Munich,Outdoor,Clay,2023-04-18,1.91,1.91,1
Ritschard A.,163,9,3,6,1,1,2,5,Struff J.L.,21,369,170,199,43,42,127,157,BMW Open,Munich,Outdoor,Clay,2023-04-18,6.0,1.13,1
Sonego L.,43,221,107,114,19,17,88,97,Halys Q.,79,72,23,49,3,10,20,39,BMW Open,Munich,Outdoor,Clay,2023-04-18,1.73,2.1,1
Thiem D.,116,517,327,190,53,39,274,151,Lestienne C.,109,40,13,27,6,9,7,18,BMW Open,Munich,Outdoor,Clay,2023-04-18,1.22,4.33,1
Lajovic D.,66,378,163,215,21,36,142,179,Krajinovic F.,93,240,115,125,38,34,77,91,Srpska Open,Banja Luka,Outdoor,Clay,2023-04-18,1.67,2.2,1
Shevchenko A.,93,20,8,12,0,2,8,10,Giustino L.,223,8,1,7,0,0,1,7,Barcelona Open,Barcelona,Outdoor,Clay,2023-04-18,1.33,3.4,1
Alcaraz C.,1,164,130,34,10,5,120,29,Borges N.,69,28,10,18,1,1,9,17,Barcelona Open,Barcelona,Outdoor,Clay,2023-04-18,1.05,11.0,1
Etcheverry T.,34,60,26,34,5,3,21,31,Davidovich Fokina A.,39,168,84,84,17,20,67,64,Barcelona Open,Barcelona,Outdoor,Clay,2023-04-18,2.38,1.57,0
Ruud C.,4,275,176,99,19,16,157,83,Shelton B.,43,34,13,21,0,0,13,21,Barcelona Open,Barcelona,Outdoor,Clay,2023-04-18,1.14,5.5,1
Rincon D.,841,2,0,2,0,0,0,2,Kubler J.,77,53,24,29,0,1,24,28,Barcelona Open,Barcelona,Outdoor,Clay,2023-04-18,3.5,1.3,0
Brouwer G.,144,21,11,10,3,2,8,8,Cachin P.,54,52,23,29,1,3,22,26,Barcelona Open,Barcelona,Outdoor,Clay,2023-04-18,2.5,1.53,0
Lopez F.,634,863,441,422,71,82,370,340,Goffin D.,123,522,296,226,66,52,230,174,Barcelona Open,Barcelona,Outdoor,Clay,2023-04-18,5.5,1.14,0
Ramos-Vinolas A.,82,437,204,233,17,31,187,202,Gomez E.,155,26,7,19,2,2,5,17,Barcelona Open,Barcelona,Outdoor,Clay,2023-04-18,1.14,5.5,0
Arnaldi M.,76,18,9,9,0,0,9,9,Munar J.,104,178,75,103,7,12,68,91,Barcelona Open,Barcelona,Outdoor,Clay,2023-04-18,2.75,1.44,1
Zapata Miralles B.,54,80,32,48,1,6,31,42,Bautista Agut R.,25,379,234,145,31,29,203,116,Barcelona Open,Barcelona,Outdoor,Clay,2023-04-18,2.2,1.67,0
Tiafoe F.,10,303,158,145,24,23,134,122,Ruusuvuori E.,55,158,79,79,16,18,63,61,Barcelona Open,Barcelona,Outdoor,Clay,2023-04-18,1.53,2.5,0
Wu Y.,90,36,15,21,5,0,10,21,Schwartzman D.,95,428,233,195,32,27,201,168,Barcelona Open,Barcelona,Outdoor,Clay,2023-04-18,2.75,1.44,0
Passaro F.,126,10,3,7,1,1,2,6,Verdasco F.,244,962,537,425,79,79,458,346,Barcelona Open,Barcelona,Outdoor,Clay,2023-04-18,1.33,3.4,1
Varillas J. P.,1345,20,9,11,2,1,7,10,Gaston H.,109,58,24,34,5,9,19,25,Srpska Open,Banja Luka,Outdoor,Clay,2023-04-19,1.62,2.3,1
Lehecka J.,33,61,30,31,4,4,26,27,Monfils G.,323,816,510,306,131,65,379,241,Srpska Open,Banja Luka,Outdoor,Clay,2023-04-19,1.17,5.0,1
Djere L.,38,243,120,123,10,22,110,101,Coric B.,15,343,185,158,28,28,157,130,Srpska Open,Banja Luka,Outdoor,Clay,2023-04-19,1.67,2.2,1
Djokovic N.,2,1207,1012,195,146,42,866,153,Van Assche L.,68,20,7,13,0,3,7,10,Srpska Open,Banja Luka,Outdoor,Clay,2023-04-19,1.06,10.0,1
Popyrin A.,90,140,59,81,9,13,50,68,Molcan A.,120,86,45,41,1,6,44,35,Srpska Open,Banja Luka,Outdoor,Clay,2023-04-19,2.0,1.8,0
Barrere G.,59,79,31,48,11,16,20,32,Medjedovic H.,147,11,3,8,0,1,3,7,Srpska Open,Banja Luka,Outdoor,Clay,2023-04-19,2.2,1.67,1
Dzumhur D.,202,234,107,127,31,29,76,98,Broady L.,125,47,18,29,5,3,13,26,Srpska Open,Banja Luka,Outdoor,Clay,2023-04-19,2.2,1.67,1
Jarry N.,28,141,73,68,9,6,64,62,Khachanov K.,11,378,217,161,44,38,173,123,Barcelona Open,Barcelona,Outdoor,Clay,2023-04-19,2.63,1.5,0
Kovalik J.,172,68,24,44,5,8,19,36,Shapovalov D.,29,298,166,132,30,27,136,105,Barcelona Open,Barcelona,Outdoor,Clay,2023-04-19,3.75,1.29,0
Tsitsipas S.,5,390,264,126,49,32,215,94,Cachin P.,54,52,23,29,1,3,22,26,Barcelona Open,Barcelona,Outdoor,Clay,2023-04-19,1.08,8.0,1
Arnaldi M.,76,18,9,9,0,0,9,9,Evans D.,30,251,124,127,18,16,106,111,Barcelona Open,Barcelona,Outdoor,Clay,2023-04-19,1.73,2.1,0
Musetti L.,18,143,79,64,12,12,67,52,Kubler J.,77,53,24,29,0,1,24,28,Barcelona Open,Barcelona,Outdoor,Clay,2023-04-19,1.22,4.33,1
Cerundolo F.,21,104,58,46,3,7,55,39,Passaro F.,126,10,3,7,1,1,2,6,Barcelona Open,Barcelona,Outdoor,Clay,2023-04-19,1.3,3.5,1
Kotov P.,89,25,10,15,1,4,9,11,Norrie C.,13,287,172,115,15,18,157,97,Barcelona Open,Barcelona,Outdoor,Clay,2023-04-19,4.0,1.25,0
De Minaur A.,19,272,161,111,30,19,131,92,Shevchenko A.,93,20,8,12,0,2,8,10,Barcelona Open,Barcelona,Outdoor,Clay,2023-04-19,1.44,2.75,1
Goffin D.,123,522,296,226,66,52,230,174,Nishioka Y.,31,215,99,116,15,15,84,101,Barcelona Open,Barcelona,Outdoor,Clay,2023-04-19,1.62,2.3,0
Sinner J.,8,224,153,71,42,19,111,52,Schwartzman D.,95,428,233,195,32,27,201,168,Barcelona Open,Barcelona,Outdoor,Clay,2023-04-19,1.08,8.0,1
Gomez E.,155,26,7,19,2,2,5,17,Dimitrov G.,20,651,389,262,79,50,310,212,Barcelona Open,Barcelona,Outdoor,Clay,2023-04-19,9.0,1.07,0
Cobolli F.,148,14,5,9,0,1,5,8,Otte O.,233,78,33,45,6,14,27,31,BMW Open,Munich,Outdoor,Clay,2023-04-20,2.75,1.44,1
Giron M.,69,150,68,82,20,14,48,68,Ritschard A.,163,9,3,6,1,1,2,5,BMW Open,Munich,Outdoor,Clay,2023-04-20,1.44,2.75,1
Garin C.,101,190,103,87,15,13,88,74,Sonego L.,43,221,107,114,19,17,88,97,BMW Open,Munich,Outdoor,Clay,2023-04-20,1.8,2.0,1
O Connell C.,74,65,26,39,0,0,26,39,Zverev A.,19,500,346,154,60,31,286,123,BMW Open,Munich,Outdoor,Clay,2023-04-20,5.5,1.14,1
Van De Zandschulp B.,44,117,63,54,11,11,52,43,Karatsev A.,75,136,66,70,10,22,56,48,BMW Open,Munich,Outdoor,Clay,2023-04-20,1.44,2.75,1
Fritz T.,9,356,205,151,26,22,179,129,Fucsovics M.,67,249,121,128,26,24,95,104,BMW Open,Munich,Outdoor,Clay,2023-04-20,1.3,3.5,1
Karatsev A.,75,136,66,70,10,22,56,48,Altmaier D.,51,79,28,51,1,5,27,46,BMW Open,Munich,Outdoor,Clay,2023-04-20,2.0,1.8,1
Rune H.,6,131,83,48,28,9,55,39,Hanfmann Y.,50,99,50,49,5,4,45,45,BMW Open,Munich,Outdoor,Clay,2023-04-20,1.29,3.75,1
Shelbayh A.,240,6,1,5,0,0,1,5,Kecmanovic M.,40,210,107,103,12,16,95,87,Srpska Open,Banja Luka,Outdoor,Clay,2023-04-20,4.5,1.2,0
De Minaur A.,19,272,161,111,30,19,131,92,Dimitrov G.,20,651,389,262,79,50,310,212,Barcelona Open,Barcelona,Outdoor,Clay,2023-04-20,2.0,1.8,1
Bautista Agut R.,25,379,234,145,31,29,203,116,Alcaraz C.,1,164,130,34,10,5,120,29,Barcelona Open,Barcelona,Outdoor,Clay,2023-04-20,10.0,1.06,0
Norrie C.,13,287,172,115,15,18,157,97,Musetti L.,18,143,79,64,12,12,67,52,Barcelona Open,Barcelona,Outdoor,Clay,2023-04-20,1.91,1.91,0
Shapovalov D.,29,298,166,132,30,27,136,105,Tsitsipas S.,5,390,264,126,49,32,215,94,Barcelona Open,Barcelona,Outdoor,Clay,2023-04-20,4.5,1.2,0
Davidovich Fokina A.,39,168,84,84,17,20,67,64,Ruusuvuori E.,55,158,79,79,16,18,63,61,Barcelona Open,Barcelona,Outdoor,Clay,2023-04-20,1.4,3.0,1
Barrere G.,59,79,31,48,11,16,20,32,Lajovic D.,66,378,163,215,21,36,142,179,Srpska Open,Banja Luka,Outdoor,Clay,2023-04-20,3.2,1.36,0
Nishioka Y.,31,215,99,116,15,15,84,101,Sinner J.,8,224,153,71,42,19,111,52,Barcelona Open,Barcelona,Outdoor,Clay,2023-04-20,11.0,1.05,0
Khachanov K.,11,378,217,161,44,38,173,123,Evans D.,30,251,124,127,18,16,106,111,Barcelona Open,Barcelona,Outdoor,Clay,2023-04-20,1.25,4.0,0
Gasquet R.,48,948,581,367,133,82,448,285,Dzumhur D.,202,234,107,127,31,29,76,98,Srpska Open,Banja Luka,Outdoor,Clay,2023-04-20,1.44,2.75,0
Lehecka J.,33,61,30,31,4,4,26,27,Albot R.,97,215,86,129,26,26,60,103,Srpska Open,Banja Luka,Outdoor,Clay,2023-04-20,1.22,4.33,1
Varillas J. P.,1345,20,9,11,2,1,7,10,Rublev A.,7,392,255,137,57,34,198,103,Srpska Open,Banja Luka,Outdoor,Clay,2023-04-20,5.0,1.17,0
Ruud C.,4,275,176,99,19,16,157,83,Cerundolo F.,21,104,58,46,3,7,55,39,Barcelona Open,Barcelona,Outdoor,Clay,2023-04-20,1.44,2.75,0
Thiem D.,116,517,327,190,53,39,274,151,Huesler M.A.,88,58,21,37,8,8,13,29,BMW Open,Munich,Outdoor,Clay,2023-04-21,1.33,3.4,1
Cobolli F.,148,14,5,9,0,1,5,8,O Connell C.,74,65,26,39,0,0,26,39,BMW Open,Munich,Outdoor,Clay,2023-04-21,2.75,1.44,0
Garin C.,101,190,103,87,15,13,88,74,Rune H.,6,131,83,48,28,9,55,39,BMW Open,Munich,Outdoor,Clay,2023-04-21,4.0,1.25,0
Thiem D.,116,517,327,190,53,39,274,151,Fritz T.,9,356,205,151,26,22,179,129,BMW Open,Munich,Outdoor,Clay,2023-04-21,2.5,1.53,0
Van De Zandschulp B.,44,117,63,54,11,11,52,43,Giron M.,69,150,68,82,20,14,48,68,BMW Open,Munich,Outdoor,Clay,2023-04-21,1.4,3.0,1
Djere L.,38,243,120,123,10,22,110,101,Molcan A.,120,86,45,41,1,6,44,35,Srpska Open,Banja Luka,Outdoor,Clay,2023-04-21,1.53,2.5,0
Tsitsipas S.,5,390,264,126,49,32,215,94,De Minaur A.,19,272,161,111,30,19,131,92,Barcelona Open,Barcelona,Outdoor,Clay,2023-04-21,1.22,4.33,1
Sinner J.,8,224,153,71,42,19,111,52,Musetti L.,18,143,79,64,12,12,67,52,Barcelona Open,Barcelona,Outdoor,Clay,2023-04-21,1.36,3.2,0
Dzumhur D.,202,234,107,127,31,29,76,98,Rublev A.,7,392,255,137,57,34,198,103,Srpska Open,Banja Luka,Outdoor,Clay,2023-04-21,10.0,1.06,0
Lehecka J.,33,61,30,31,4,4,26,27,Kecmanovic M.,40,210,107,103,12,16,95,87,Srpska Open,Banja Luka,Outdoor,Clay,2023-04-21,1.4,3.0,0
Djokovic N.,2,1207,1012,195,146,42,866,153,Lajovic D.,66,378,163,215,21,36,142,179,Srpska Open,Banja Luka,Outdoor,Clay,2023-04-21,1.08,8.0,0
Alcaraz C.,1,164,130,34,10,5,120,29,Davidovich Fokina A.,39,168,84,84,17,20,67,64,Barcelona Open,Barcelona,Outdoor,Clay,2023-04-21,1.08,8.0,1
Cerundolo F.,21,104,58,46,3,7,55,39,Evans D.,30,251,124,127,18,16,106,111,Barcelona Open,Barcelona,Outdoor,Clay,2023-04-21,1.33,3.4,0
Fritz T.,9,356,205,151,26,22,179,129,Van De Zandschulp B.,44,117,63,54,11,11,52,43,BMW Open,Munich,Outdoor,Clay,2023-04-22,1.44,2.75,0
Lajovic D.,66,378,163,215,21,36,142,179,Kecmanovic M.,40,210,107,103,12,16,95,87,Srpska Open,Banja Luka,Outdoor,Clay,2023-04-22,2.2,1.67,1
Rublev A.,7,392,255,137,57,34,198,103,Molcan A.,120,86,45,41,1,6,44,35,Srpska Open,Banja Luka,Outdoor,Clay,2023-04-22,1.17,5.0,1
Tsitsipas S.,5,390,264,126,49,32,215,94,Musetti L.,18,143,79,64,12,12,67,52,Barcelona Open,Barcelona,Outdoor,Clay,2023-04-22,1.33,3.4,1
Evans D.,30,251,124,127,18,16,106,111,Alcaraz C.,1,164,130,34,10,5,120,29,Barcelona Open,Barcelona,Outdoor,Clay,2023-04-22,11.0,1.05,0
O Connell C.,74,65,26,39,0,0,26,39,Rune H.,6,131,83,48,28,9,55,39,BMW Open,Munich,Outdoor,Clay,2023-04-22,4.5,1.2,0
Van De Zandschulp B.,44,117,63,54,11,11,52,43,Rune H.,6,131,83,48,28,9,55,39,BMW Open,Munich,Outdoor,Clay,2023-04-23,4.0,1.25,0
Tsitsipas S.,5,390,264,126,49,32,215,94,Alcaraz C.,1,164,130,34,10,5,120,29,Barcelona Open,Barcelona,Outdoor,Clay,2023-04-23,4.0,1.25,0
Rublev A.,7,392,255,137,57,34,198,103,Lajovic D.,66,378,163,215,21,36,142,179,Srpska Open,Banja Luka,Outdoor,Clay,2023-04-23,1.25,4.0,0
Landaluce M.,720,3,0,3,0,1,0,2,Gasquet R.,48,948,581,367,133,82,448,285,Mutua Madrid Open,Madrid,Outdoor,Clay,2023-04-26,5.5,1.14,0
Monteiro T.,121,171,69,102,9,11,60,91,Gojo B.,115,14,3,11,0,1,3,10,Mutua Madrid Open,Madrid,Outdoor,Clay,2023-04-26,1.91,1.91,1
Munar J.,104,178,75,103,7,12,68,91,Kokkinakis T.,86,124,55,69,0,4,55,65,Mutua Madrid Open,Madrid,Outdoor,Clay,2023-04-26,1.8,2.0,1
Humbert U.,36,170,80,90,23,21,57,69,Ruusuvuori E.,55,158,79,79,16,18,63,61,Mutua Madrid Open,Madrid,Outdoor,Clay,2023-04-26,2.63,1.5,0
Paire B.,149,527,237,290,39,56,198,234,Arnaldi M.,76,18,9,9,0,0,9,9,Mutua Madrid Open,Madrid,Outdoor,Clay,2023-04-26,2.5,1.53,0
Kotov P.,89,25,10,15,1,4,9,11,Otte O.,233,78,33,45,6,14,27,31,Mutua Madrid Open,Madrid,Outdoor,Clay,2023-04-26,2.1,1.73,0
Grenier H.,122,16,5,11,1,2,4,9,Schwartzman D.,95,428,233,195,32,27,201,168,Mutua Madrid Open,Madrid,Outdoor,Clay,2023-04-26,4.0,1.25,1
Wawrinka S.,72,854,535,319,84,69,451,250,Cressy M.,96,96,42,54,10,11,32,43,Mutua Madrid Open,Madrid,Outdoor,Clay,2023-04-26,1.44,2.75,1
Ivashka I.,113,159,78,81,19,18,59,63,Ramos-Vinolas A.,82,437,204,233,17,31,187,202,Mutua Madrid Open,Madrid,Outdoor,Clay,2023-04-26,1.67,2.2,0
Goffin D.,123,522,296,226,66,52,230,174,Carballes Baena R.,64,207,91,116,11,10,80,106,Mutua Madrid Open,Madrid,Outdoor,Clay,2023-04-26,2.63,1.5,0
Bublik A.,25,219,110,109,39,30,71,79,Galan D.E.,76,78,33,45,3,5,30,40,Mutua Madrid Open,Madrid,Outdoor,Clay,2023-04-26,1.8,2.0,1
Popyrin A.,90,140,59,81,9,13,50,68,Halys Q.,79,72,23,49,3,10,20,39,Mutua Madrid Open,Madrid,Outdoor,Clay,2023-04-26,2.2,1.67,0
Molcan A.,120,86,45,41,1,6,44,35,Wu Y.,90,36,15,21,5,0,10,21,Mutua Madrid Open,Madrid,Outdoor,Clay,2023-04-26,1.4,3.0,1
Nava E.,242,13,2,11,0,0,2,11,Barrere G.,59,79,31,48,11,16,20,32,Mutua Madrid Open,Madrid,Outdoor,Clay,2023-04-26,2.5,1.53,0
Chardy J.,542,591,289,302,44,48,245,254,Gaston H.,109,58,24,34,5,9,19,25,Mutua Madrid Open,Madrid,Outdoor,Clay,2023-04-26,3.5,1.3,0
Hanfmann Y.,50,99,50,49,5,4,45,45,Varillas J. P.,1345,20,9,11,2,1,7,10,Mutua Madrid Open,Madrid,Outdoor,Clay,2023-04-26,1.44,2.75,1
Cecchinato M.,108,204,79,125,2,14,77,111,Fucsovics M.,67,249,121,128,26,24,95,104,Mutua Madrid Open,Madrid,Outdoor,Clay,2023-04-27,2.38,1.57,1
Krajinovic F.,93,240,115,125,38,34,77,91,O Connell C.,74,65,26,39,0,0,26,39,Mutua Madrid Open,Madrid,Outdoor,Clay,2023-04-27,2.2,1.67,0
Giron M.,69,150,68,82,20,14,48,68,Borges N.,69,28,10,18,1,1,9,17,Mutua Madrid Open,Madrid,Outdoor,Clay,2023-04-27,2.1,1.73,1
Kubler J.,77,53,24,29,0,1,24,28,Lajovic D.,66,378,163,215,21,36,142,179,Mutua Madrid Open,Madrid,Outdoor,Clay,2023-04-27,2.5,1.53,0
Zapata Miralles B.,54,80,32,48,1,6,31,42,Mcdonald M.,60,190,87,103,11,15,76,88,Mutua Madrid Open,Madrid,Outdoor,Clay,2023-04-27,1.57,2.38,1
Djere L.,38,243,120,123,10,22,110,101,Karatsev A.,75,136,66,70,10,22,56,48,Mutua Madrid Open,Madrid,Outdoor,Clay,2023-04-27,1.62,2.3,0
Struff J.L.,21,369,170,199,43,42,127,157,Sonego L.,43,221,107,114,19,17,88,97,Mutua Madrid Open,Madrid,Outdoor,Clay,2023-04-27,2.1,1.73,1
Vavassori A.,128,12,5,7,1,1,4,6,Murray A.,44,932,687,245,132,47,555,198,Mutua Madrid Open,Madrid,Outdoor,Clay,2023-04-27,2.3,1.62,1
Huesler M.A.,88,58,21,37,8,8,13,29,Garin C.,101,190,103,87,15,13,88,74,Mutua Madrid Open,Madrid,Outdoor,Clay,2023-04-27,3.75,1.29,0
Moutet C.,80,118,50,68,5,11,45,57,Watanuki Y.,99,25,11,14,0,0,11,14,Mutua Madrid Open,Madrid,Outdoor,Clay,2023-04-27,2.63,1.5,0
Rodionov J.,118,26,9,17,2,3,7,14,Zhang Zh.,53,44,20,24,1,2,19,22,Mutua Madrid Open,Madrid,Outdoor,Clay,2023-04-27,1.73,2.1,0
Thiem D.,116,517,327,190,53,39,274,151,Edmund K.,473,233,113,120,19,10,94,110,Mutua Madrid Open,Madrid,Outdoor,Clay,2023-04-27,1.14,5.5,1
Safiullin R.,92,42,20,22,7,7,13,15,Jarry N.,28,141,73,68,9,6,64,62,Mutua Madrid Open,Madrid,Outdoor,Clay,2023-04-27,3.2,1.36,1
Wolf J.J.,45,75,39,36,8,6,31,30,Shevchenko A.,93,20,8,12,0,2,8,10,Mutua Madrid Open,Madrid,Outdoor,Clay,2023-04-27,2.5,1.53,0
Mannarino A.,27,567,264,303,60,73,204,230,Etcheverry T.,34,60,26,34,5,3,21,31,Mutua Madrid Open,Madrid,Outdoor,Clay,2023-04-27,4.5,1.2,0
Shelbayh A.,240,6,1,5,0,0,1,5,Cachin P.,54,52,23,29,1,3,22,26,Mutua Madrid Open,Madrid,Outdoor,Clay,2023-04-27,3.0,1.4,0
Carballes Baena R.,64,207,91,116,11,10,80,106,Zverev A.,19,500,346,154,60,31,286,123,Mutua Madrid Open,Madrid,Outdoor,Clay,2023-04-28,4.33,1.22,0
Davidovich Fokina A.,39,168,84,84,17,20,67,64,Ramos-Vinolas A.,82,437,204,233,17,31,187,202,Mutua Madrid Open,Madrid,Outdoor,Clay,2023-04-28,1.2,4.5,1
Bublik A.,25,219,110,109,39,30,71,79,Rune H.,6,131,83,48,28,9,55,39,Mutua Madrid Open,Madrid,Outdoor,Clay,2023-04-28,6.0,1.13,0
Gasquet R.,48,948,581,367,133,82,448,285,Hurkacz H.,17,238,137,101,27,24,110,77,Mutua Madrid Open,Madrid,Outdoor,Clay,2023-04-28,4.0,1.25,0
Korda S.,26,126,75,51,15,9,60,42,Grenier H.,122,16,5,11,1,2,4,9,Mutua Madrid Open,Madrid,Outdoor,Clay,2023-04-28,1.33,3.4,0
Gaston H.,109,58,24,34,5,9,19,25,Coric B.,15,343,185,158,28,28,157,130,Mutua Madrid Open,Madrid,Outdoor,Clay,2023-04-28,2.75,1.44,0
Halys Q.,79,72,23,49,3,10,20,39,Bautista Agut R.,25,379,234,145,31,29,203,116,Mutua Madrid Open,Madrid,Outdoor,Clay,2023-04-28,2.2,1.67,0
Alcaraz C.,1,164,130,34,10,5,120,29,Ruusuvuori E.,55,158,79,79,16,18,63,61,Mutua Madrid Open,Madrid,Outdoor,Clay,2023-04-28,1.04,13.0,1
Monteiro T.,121,171,69,102,9,11,60,91,Khachanov K.,11,378,217,161,44,38,173,123,Mutua Madrid Open,Madrid,Outdoor,Clay,2023-04-28,4.0,1.25,0
Barrere G.,59,79,31,48,11,16,20,32,Dimitrov G.,20,651,389,262,79,50,310,212,Mutua Madrid Open,Madrid,Outdoor,Clay,2023-04-28,5.0,1.17,0
Rublev A.,7,392,255,137,57,34,198,103,Wawrinka S.,72,854,535,319,84,69,451,250,Mutua Madrid Open,Madrid,Outdoor,Clay,2023-04-28,1.29,3.75,1
Hanfmann Y.,50,99,50,49,5,4,45,45,Musetti L.,18,143,79,64,12,12,67,52,Mutua Madrid Open,Madrid,Outdoor,Clay,2023-04-28,3.0,1.4,1
Molcan A.,120,86,45,41,1,6,44,35,Nishioka Y.,31,215,99,116,15,15,84,101,Mutua Madrid Open,Madrid,Outdoor,Clay,2023-04-28,1.57,2.38,0
Otte O.,233,78,33,45,6,14,27,31,Altmaier D.,51,79,28,51,1,5,27,46,Mutua Madrid Open,Madrid,Outdoor,Clay,2023-04-28,1.8,2.0,0
Griekspoor T.,37,97,47,50,7,14,40,36,Munar J.,104,178,75,103,7,12,68,91,Mutua Madrid Open,Madrid,Outdoor,Clay,2023-04-28,1.8,2.0,0
Ruud C.,4,275,176,99,19,16,157,83,Arnaldi M.,76,18,9,9,0,0,9,9,Mutua Madrid Open,Madrid,Outdoor,Clay,2023-04-28,1.17,5.0,0
Tsitsipas S.,5,390,264,126,49,32,215,94,Thiem D.,116,517,327,190,53,39,274,151,Mutua Madrid Open,Madrid,Outdoor,Clay,2023-04-29,1.2,4.5,1
Shapovalov D.,29,298,166,132,30,27,136,105,Zhang Zh.,53,44,20,24,1,2,19,22,Mutua Madrid Open,Madrid,Outdoor,Clay,2023-04-29,1.44,2.75,0
Watanuki Y.,99,25,11,14,0,0,11,14,Norrie C.,13,287,172,115,15,18,157,97,Mutua Madrid Open,Madrid,Outdoor,Clay,2023-04-29,4.0,1.25,0
Cerundolo F.,21,104,58,46,3,7,55,39,Cachin P.,54,52,23,29,1,3,22,26,Mutua Madrid Open,Madrid,Outdoor,Clay,2023-04-29,1.3,3.5,0
Garin C.,101,190,103,87,15,13,88,74,Kecmanovic M.,40,210,107,103,12,16,95,87,Mutua Madrid Open,Madrid,Outdoor,Clay,2023-04-29,1.91,1.91,1
Etcheverry T.,34,60,26,34,5,3,21,31,Tiafoe F.,10,303,158,145,24,23,134,122,Mutua Madrid Open,Madrid,Outdoor,Clay,2023-04-29,2.3,1.62,0
Fritz T.,9,356,205,151,26,22,179,129,O Connell C.,74,65,26,39,0,0,26,39,Mutua Madrid Open,Madrid,Outdoor,Clay,2023-04-29,1.3,3.5,1
Giron M.,69,150,68,82,20,14,48,68,Baez S.,72,95,47,48,6,6,41,42,Mutua Madrid Open,Madrid,Outdoor,Clay,2023-04-29,2.5,1.53,0
Shelton B.,43,34,13,21,0,0,13,21,Struff J.L.,21,369,170,199,43,42,127,157,Mutua Madrid Open,Madrid,Outdoor,Clay,2023-04-29,2.75,1.44,0
Evans D.,30,251,124,127,18,16,106,111,Zapata Miralles B.,54,80,32,48,1,6,31,42,Mutua Madrid Open,Madrid,Outdoor,Clay,2023-04-29,1.73,2.1,0
Auger-Aliassime F.,12,268,163,105,48,22,115,83,Lajovic D.,66,378,163,215,21,36,142,179,Mutua Madrid Open,Madrid,Outdoor,Clay,2023-04-29,1.73,2.1,0
Karatsev A.,75,136,66,70,10,22,56,48,Van De Zandschulp B.,44,117,63,54,11,11,52,43,Mutua Madrid Open,Madrid,Outdoor,Clay,2023-04-29,2.75,1.44,1
Paul T.,14,204,111,93,19,13,92,80,Safiullin R.,92,42,20,22,7,7,13,15,Mutua Madrid Open,Madrid,Outdoor,Clay,2023-04-29,1.5,2.63,0
Medvedev D.,3,406,289,117,69,27,220,90,Vavassori A.,128,12,5,7,1,1,4,6,Mutua Madrid Open,Madrid,Outdoor,Clay,2023-04-29,1.11,6.5,1
Shevchenko A.,93,20,8,12,0,2,8,10,Lehecka J.,33,61,30,31,4,4,26,27,Mutua Madrid Open,Madrid,Outdoor,Clay,2023-04-29,3.2,1.36,1
Cecchinato M.,108,204,79,125,2,14,77,111,De Minaur A.,19,272,161,111,30,19,131,92,Mutua Madrid Open,Madrid,Outdoor,Clay,2023-04-29,2.75,1.44,0
Rune H.,6,131,83,48,28,9,55,39,Davidovich Fokina A.,39,168,84,84,17,20,67,64,Mutua Madrid Open,Madrid,Outdoor,Clay,2023-04-30,1.44,2.75,0
Altmaier D.,51,79,28,51,1,5,27,46,Hanfmann Y.,50,99,50,49,5,4,45,45,Mutua Madrid Open,Madrid,Outdoor,Clay,2023-04-30,2.75,1.44,1
Alcaraz C.,1,164,130,34,10,5,120,29,Dimitrov G.,20,651,389,262,79,50,310,212,Mutua Madrid Open,Madrid,Outdoor,Clay,2023-04-30,1.1,7.0,1
Coric B.,15,343,185,158,28,28,157,130,Hurkacz H.,17,238,137,101,27,24,110,77,Mutua Madrid Open,Madrid,Outdoor,Clay,2023-04-30,2.63,1.5,1
Munar J.,104,178,75,103,7,12,68,91,Arnaldi M.,76,18,9,9,0,0,9,9,Mutua Madrid Open,Madrid,Outdoor,Clay,2023-04-30,2.0,1.8,1
Rublev A.,7,392,255,137,57,34,198,103,Nishioka Y.,31,215,99,116,15,15,84,101,Mutua Madrid Open,Madrid,Outdoor,Clay,2023-04-30,1.14,5.5,1
Khachanov K.,11,378,217,161,44,38,173,123,Bautista Agut R.,25,379,234,145,31,29,203,116,Mutua Madrid Open,Madrid,Outdoor,Clay,2023-04-30,1.57,2.38,1
Zverev A.,19,500,346,154,60,31,286,123,Grenier H.,122,16,5,11,1,2,4,9,Mutua Madrid Open,Madrid,Outdoor,Clay,2023-04-30,1.1,7.0,1
Garin C.,101,190,103,87,15,13,88,74,Fritz T.,9,356,205,151,26,22,179,129,Mutua Madrid Open,Madrid,Outdoor,Clay,2023-05-01,2.75,1.44,0
Norrie C.,13,287,172,115,15,18,157,97,Zhang Zh.,53,44,20,24,1,2,19,22,Mutua Madrid Open,Madrid,Outdoor,Clay,2023-05-01,1.22,4.33,0
Zapata Miralles B.,54,80,32,48,1,6,31,42,Safiullin R.,92,42,20,22,7,7,13,15,Mutua Madrid Open,Madrid,Outdoor,Clay,2023-05-01,1.57,2.38,1
Tsitsipas S.,5,390,264,126,49,32,215,94,Baez S.,72,95,47,48,6,6,41,42,Mutua Madrid Open,Madrid,Outdoor,Clay,2023-05-01,1.14,5.5,1
Karatsev A.,75,136,66,70,10,22,56,48,De Minaur A.,19,272,161,111,30,19,131,92,Mutua Madrid Open,Madrid,Outdoor,Clay,2023-05-01,2.38,1.57,1
Lajovic D.,66,378,163,215,21,36,142,179,Struff J.L.,21,369,170,199,43,42,127,157,Mutua Madrid Open,Madrid,Outdoor,Clay,2023-05-01,1.67,2.2,0
Shevchenko A.,93,20,8,12,0,2,8,10,Medvedev D.,3,406,289,117,69,27,220,90,Mutua Madrid Open,Madrid,Outdoor,Clay,2023-05-01,6.0,1.13,0
Cachin P.,54,52,23,29,1,3,22,26,Tiafoe F.,10,303,158,145,24,23,134,122,Mutua Madrid Open,Madrid,Outdoor,Clay,2023-05-01,3.75,1.29,1
Munar J.,104,178,75,103,7,12,68,91,Altmaier D.,51,79,28,51,1,5,27,46,Mutua Madrid Open,Madrid,Outdoor,Clay,2023-05-02,1.57,2.38,0
Rublev A.,7,392,255,137,57,34,198,103,Khachanov K.,11,378,217,161,44,38,173,123,Mutua Madrid Open,Madrid,Outdoor,Clay,2023-05-02,1.5,2.63,0
Medvedev D.,3,406,289,117,69,27,220,90,Karatsev A.,75,136,66,70,10,22,56,48,Mutua Madrid Open,Madrid,Outdoor,Clay,2023-05-02,1.29,3.75,0
Coric B.,15,343,185,158,28,28,157,130,Davidovich Fokina A.,39,168,84,84,17,20,67,64,Mutua Madrid Open,Madrid,Outdoor,Clay,2023-05-02,2.5,1.53,1
Zverev A.,19,500,346,154,60,31,286,123,Alcaraz C.,1,164,130,34,10,5,120,29,Mutua Madrid Open,Madrid,Outdoor,Clay,2023-05-02,4.33,1.22,0
Zhang Zh.,53,44,20,24,1,2,19,22,Fritz T.,9,356,205,151,26,22,179,129,Mutua Madrid Open,Madrid,Outdoor,Clay,2023-05-02,5.0,1.17,1
Cachin P.,54,52,23,29,1,3,22,26,Struff J.L.,21,369,170,199,43,42,127,157,Mutua Madrid Open,Madrid,Outdoor,Clay,2023-05-02,2.3,1.62,0
Zapata Miralles B.,54,80,32,48,1,6,31,42,Tsitsipas S.,5,390,264,126,49,32,215,94,Mutua Madrid Open,Madrid,Outdoor,Clay,2023-05-02,5.5,1.14,0
Altmaier D.,51,79,28,51,1,5,27,46,Coric B.,15,343,185,158,28,28,157,130,Mutua Madrid Open,Madrid,Outdoor,Clay,2023-05-03,2.63,1.5,0
Alcaraz C.,1,164,130,34,10,5,120,29,Khachanov K.,11,378,217,161,44,38,173,123,Mutua Madrid Open,Madrid,Outdoor,Clay,2023-05-03,1.07,9.0,1
Karatsev A.,75,136,66,70,10,22,56,48,Zhang Zh.,53,44,20,24,1,2,19,22,Mutua Madrid Open,Madrid,Outdoor,Clay,2023-05-04,1.57,2.38,1
Tsitsipas S.,5,390,264,126,49,32,215,94,Struff J.L.,21,369,170,199,43,42,127,157,Mutua Madrid Open,Madrid,Outdoor,Clay,2023-05-04,1.2,4.5,0
Alcaraz C.,1,164,130,34,10,5,120,29,Coric B.,15,343,185,158,28,28,157,130,Mutua Madrid Open,Madrid,Outdoor,Clay,2023-05-05,1.06,10.0,1
Karatsev A.,75,136,66,70,10,22,56,48,Struff J.L.,21,369,170,199,43,42,127,157,Mutua Madrid Open,Madrid,Outdoor,Clay,2023-05-05,1.8,2.0,0
Struff J.L.,21,369,170,199,43,42,127,157,Alcaraz C.,1,164,130,34,10,5,120,29,Mutua Madrid Open,Madrid,Outdoor,Clay,2023-05-07,10.0,1.06,0
Cobolli F.,148,14,5,9,0,1,5,8,Rinderknech A.,67,96,46,50,16,12,30,38,Internazionali BNL d'Italia,Rome,Outdoor,Clay,2023-05-10,1.4,3.0,0
Murray A.,44,932,687,245,132,47,555,198,Fognini F.,128,742,383,359,39,48,344,311,Internazionali BNL d'Italia,Rome,Outdoor,Clay,2023-05-10,1.5,2.63,0
Giron M.,69,150,68,82,20,14,48,68,Safiullin R.,92,42,20,22,7,7,13,15,Internazionali BNL d'Italia,Rome,Outdoor,Clay,2023-05-10,2.38,1.57,0
O Connell C.,74,65,26,39,0,0,26,39,Popyrin A.,90,140,59,81,9,13,50,68,Internazionali BNL d'Italia,Rome,Outdoor,Clay,2023-05-10,2.0,1.8,0
Kokkinakis T.,86,124,55,69,0,4,55,65,Munar J.,104,178,75,103,7,12,68,91,Internazionali BNL d'Italia,Rome,Outdoor,Clay,2023-05-10,1.73,2.1,1
Nakashima B.,70,106,57,49,6,5,51,44,Barrere G.,59,79,31,48,11,16,20,32,Internazionali BNL d'Italia,Rome,Outdoor,Clay,2023-05-10,1.73,2.1,0
Bublik A.,25,219,110,109,39,30,71,79,Martinez P.,135,118,50,68,7,6,43,62,Internazionali BNL d'Italia,Rome,Outdoor,Clay,2023-05-10,2.2,1.67,1
Cerundolo J.M.,106,29,12,17,2,3,10,14,Fils A.,71,24,15,9,6,3,9,6,Internazionali BNL d'Italia,Rome,Outdoor,Clay,2023-05-10,2.0,1.8,0
Wu Y.,90,36,15,21,5,0,10,21,Gasquet R.,48,948,581,367,133,82,448,285,Internazionali BNL d'Italia,Rome,Outdoor,Clay,2023-05-10,3.0,1.4,1
Garin C.,101,190,103,87,15,13,88,74,Cachin P.,54,52,23,29,1,3,22,26,Internazionali BNL d'Italia,Rome,Outdoor,Clay,2023-05-10,1.57,2.38,1
Djere L.,38,243,120,123,10,22,110,101,Lestienne C.,109,40,13,27,6,9,7,18,Internazionali BNL d'Italia,Rome,Outdoor,Clay,2023-05-10,1.13,6.0,1
Varillas J.P.,77,22,10,12,1,3,9,9,Baez S.,72,95,47,48,6,6,41,42,Internazionali BNL d'Italia,Rome,Outdoor,Clay,2023-05-10,3.0,1.4,0
Etcheverry T.,34,60,26,34,5,3,21,31,Van Assche L.,68,20,7,13,0,3,7,10,Internazionali BNL d'Italia,Rome,Outdoor,Clay,2023-05-10,1.67,2.2,1
Fucsovics M.,67,249,121,128,26,24,95,104,Krajinovic F.,93,240,115,125,38,34,77,91,Internazionali BNL d'Italia,Rome,Outdoor,Clay,2023-05-10,1.8,2.0,1
Ivashka I.,113,159,78,81,19,18,59,63,Wawrinka S.,72,854,535,319,84,69,451,250,Internazionali BNL d'Italia,Rome,Outdoor,Clay,2023-05-10,2.63,1.5,0
Edmund K.,473,233,113,120,19,10,94,110,Muller A.,81,22,9,13,0,1,9,12,Internazionali BNL d'Italia,Rome,Outdoor,Clay,2023-05-10,4.0,1.25,0
Arnaldi M.,76,18,9,9,0,0,9,9,Schwartzman D.,95,428,233,195,32,27,201,168,Internazionali BNL d'Italia,Rome,Outdoor,Clay,2023-05-11,1.57,2.38,1
Napolitano S.,555,4,1,3,0,0,1,3,Molcan A.,120,86,45,41,1,6,44,35,Internazionali BNL d'Italia,Rome,Outdoor,Clay,2023-05-11,5.0,1.17,0
Grenier H.,122,16,5,11,1,2,4,9,Wolf J.J.,45,75,39,36,8,6,31,30,Internazionali BNL d'Italia,Rome,Outdoor,Clay,2023-05-11,2.2,1.67,0
Hanfmann Y.,50,99,50,49,5,4,45,45,Jarry N.,28,141,73,68,9,6,64,62,Internazionali BNL d'Italia,Rome,Outdoor,Clay,2023-05-11,2.0,1.8,1
Marozsan F.,87,7,4,3,0,0,4,3,Moutet C.,80,118,50,68,5,11,45,57,Internazionali BNL d'Italia,Rome,Outdoor,Clay,2023-05-11,1.57,2.38,1
Lajovic D.,66,378,163,215,21,36,142,179,Borges N.,69,28,10,18,1,1,9,17,Internazionali BNL d'Italia,Rome,Outdoor,Clay,2023-05-11,1.36,3.2,0
Chardy J.,542,591,289,302,44,48,245,254,Sonego L.,43,221,107,114,19,17,88,97,Internazionali BNL d'Italia,Rome,Outdoor,Clay,2023-05-11,8.0,1.08,0
Ramos-Vinolas A.,82,437,204,233,17,31,187,202,Passaro F.,126,10,3,7,1,1,2,6,Internazionali BNL d'Italia,Rome,Outdoor,Clay,2023-05-11,1.8,2.0,1
Pella G.,199,260,118,142,14,16,104,126,Cressy M.,96,96,42,54,10,11,32,43,Internazionali BNL d'Italia,Rome,Outdoor,Clay,2023-05-11,2.0,1.8,1
Humbert U.,36,170,80,90,23,21,57,69,Ruusuvuori E.,55,158,79,79,16,18,63,61,Internazionali BNL d'Italia,Rome,Outdoor,Clay,2023-05-11,2.3,1.62,0
Nardi L.,151,11,2,9,1,3,1,6,Goffin D.,123,522,296,226,66,52,230,174,Internazionali BNL d'Italia,Rome,Outdoor,Clay,2023-05-11,2.63,1.5,0
Monteiro T.,121,171,69,102,9,11,60,91,Mannarino A.,27,567,264,303,60,73,204,230,Internazionali BNL d'Italia,Rome,Outdoor,Clay,2023-05-11,1.44,2.75,1
Huesler M.A.,88,58,21,37,8,8,13,29,Kubler J.,77,53,24,29,0,1,24,28,Internazionali BNL d'Italia,Rome,Outdoor,Clay,2023-05-11,2.0,1.8,0
Dellien H.,164,70,22,48,5,5,17,43,Carballes Baena R.,64,207,91,116,11,10,80,106,Internazionali BNL d'Italia,Rome,Outdoor,Clay,2023-05-11,2.75,1.44,0
Altmaier D.,51,79,28,51,1,5,27,46,Zeppieri G.,129,13,4,9,0,1,4,8,Internazionali BNL d'Italia,Rome,Outdoor,Clay,2023-05-11,1.53,2.5,1
Cecchinato M.,108,204,79,125,2,14,77,111,Mcdonald M.,60,190,87,103,11,15,76,88,Internazionali BNL d'Italia,Rome,Outdoor,Clay,2023-05-11,1.57,2.38,1
Barrere G.,59,79,31,48,11,16,20,32,Khachanov K.,11,378,217,161,44,38,173,123,Internazionali BNL d'Italia,Rome,Outdoor,Clay,2023-05-12,5.5,1.14,1
Rinderknech A.,67,96,46,50,16,12,30,38,Ruud C.,4,275,176,99,19,16,157,83,Internazionali BNL d'Italia,Rome,Outdoor,Clay,2023-05-12,5.0,1.17,0
Rune H.,6,131,83,48,28,9,55,39,Fils A.,71,24,15,9,6,3,9,6,Internazionali BNL d'Italia,Rome,Outdoor,Clay,2023-05-12,1.14,5.5,1
Etcheverry T.,34,60,26,34,5,3,21,31,Djokovic N.,2,1207,1012,195,146,42,866,153,Internazionali BNL d'Italia,Rome,Outdoor,Clay,2023-05-12,6.5,1.11,0
Shelton B.,43,34,13,21,0,0,13,21,Bublik A.,25,219,110,109,39,30,71,79,Internazionali BNL d'Italia,Rome,Outdoor,Clay,2023-05-12,1.73,2.1,0
Fognini F.,128,742,383,359,39,48,344,311,Kecmanovic M.,40,210,107,103,12,16,95,87,Internazionali BNL d'Italia,Rome,Outdoor,Clay,2023-05-12,2.5,1.53,1
Djere L.,38,243,120,123,10,22,110,101,Van De Zandschulp B.,44,117,63,54,11,11,52,43,Internazionali BNL d'Italia,Rome,Outdoor,Clay,2023-05-12,1.91,1.91,1
Paul T.,14,204,111,93,19,13,92,80,Garin C.,101,190,103,87,15,13,88,74,Internazionali BNL d'Italia,Rome,Outdoor,Clay,2023-05-12,2.0,1.8,0
Dimitrov G.,20,651,389,262,79,50,310,212,Wawrinka S.,72,854,535,319,84,69,451,250,Internazionali BNL d'Italia,Rome,Outdoor,Clay,2023-05-12,1.8,2.0,1
Baez S.,72,95,47,48,6,6,41,42,Shevchenko A.,93,20,8,12,0,2,8,10,Internazionali BNL d'Italia,Rome,Outdoor,Clay,2023-05-12,1.5,2.63,0
De Minaur A.,19,272,161,111,30,19,131,92,Fucsovics M.,67,249,121,128,26,24,95,104,Internazionali BNL d'Italia,Rome,Outdoor,Clay,2023-05-12,1.62,2.3,0
Safiullin R.,92,42,20,22,7,7,13,15,Korda S.,26,126,75,51,15,9,60,42,Internazionali BNL d'Italia,Rome,Outdoor,Clay,2023-05-12,1.67,2.2,1
Kokkinakis T.,86,124,55,69,0,4,55,65,Sinner J.,8,224,153,71,42,19,111,52,Internazionali BNL d'Italia,Rome,Outdoor,Clay,2023-05-12,6.5,1.11,0
Wu Y.,90,36,15,21,5,0,10,21,Cerundolo F.,21,104,58,46,3,7,55,39,Internazionali BNL d'Italia,Rome,Outdoor,Clay,2023-05-12,3.2,1.36,0
Norrie C.,13,287,172,115,15,18,157,97,Muller A.,81,22,9,13,0,1,9,12,Internazionali BNL d'Italia,Rome,Outdoor,Clay,2023-05-12,1.33,3.4,1
Auger-Aliassime F.,12,268,163,105,48,22,115,83,Popyrin A.,90,140,59,81,9,13,50,68,Internazionali BNL d'Italia,Rome,Outdoor,Clay,2023-05-12,1.36,3.2,0
Pella G.,199,260,118,142,14,16,104,126,Davidovich Fokina A.,39,168,84,84,17,20,67,64,Internazionali BNL d'Italia,Rome,Outdoor,Clay,2023-05-13,5.0,1.17,0
Nishioka Y.,31,215,99,116,15,15,84,101,Sonego L.,43,221,107,114,19,17,88,97,Internazionali BNL d'Italia,Rome,Outdoor,Clay,2023-05-13,2.75,1.44,0
Wolf J.J.,45,75,39,36,8,6,31,30,Hurkacz H.,17,238,137,101,27,24,110,77,Internazionali BNL d'Italia,Rome,Outdoor,Clay,2023-05-13,3.75,1.29,1
Ramos-Vinolas A.,82,437,204,233,17,31,187,202,Alcaraz C.,1,164,130,34,10,5,120,29,Internazionali BNL d'Italia,Rome,Outdoor,Clay,2023-05-13,17.0,1.03,0
Zapata Miralles B.,54,80,32,48,1,6,31,42,Kubler J.,77,53,24,29,0,1,24,28,Internazionali BNL d'Italia,Rome,Outdoor,Clay,2023-05-13,1.57,2.38,1
Carballes Baena R.,64,207,91,116,11,10,80,106,Evans D.,30,251,124,127,18,16,106,111,Internazionali BNL d'Italia,Rome,Outdoor,Clay,2023-05-13,1.67,2.2,1
Monteiro T.,121,171,69,102,9,11,60,91,Coric B.,15,343,185,158,28,28,157,130,Internazionali BNL d'Italia,Rome,Outdoor,Clay,2023-05-13,3.2,1.36,0
Molcan A.,120,86,45,41,1,6,44,35,Rublev A.,7,392,255,137,57,34,198,103,Internazionali BNL d'Italia,Rome,Outdoor,Clay,2023-05-13,5.0,1.17,0
Shevchenko A.,93,20,8,12,0,2,8,10,Sinner J.,8,224,153,71,42,19,111,52,Internazionali BNL d'Italia,Rome,Outdoor,Clay,2023-05-14,8.0,1.08,0
Fucsovics M.,67,249,121,128,26,24,95,104,Norrie C.,13,287,172,115,15,18,157,97,Internazionali BNL d'Italia,Rome,Outdoor,Clay,2023-05-14,2.75,1.44,0
Ruud C.,4,275,176,99,19,16,157,83,Bublik A.,25,219,110,109,39,30,71,79,Internazionali BNL d'Italia,Rome,Outdoor,Clay,2023-05-14,1.17,5.0,1
Dimitrov G.,20,651,389,262,79,50,310,212,Djokovic N.,2,1207,1012,195,146,42,866,153,Internazionali BNL d'Italia,Rome,Outdoor,Clay,2023-05-14,5.5,1.14,0
Djere L.,38,243,120,123,10,22,110,101,Garin C.,101,190,103,87,15,13,88,74,Internazionali BNL d'Italia,Rome,Outdoor,Clay,2023-05-14,1.73,2.1,1
Rune H.,6,131,83,48,28,9,55,39,Fognini F.,128,742,383,359,39,48,344,311,Internazionali BNL d'Italia,Rome,Outdoor,Clay,2023-05-14,1.2,4.5,1
Cerundolo F.,21,104,58,46,3,7,55,39,Barrere G.,59,79,31,48,11,16,20,32,Internazionali BNL d'Italia,Rome,Outdoor,Clay,2023-05-14,1.36,3.2,1
Safiullin R.,92,42,20,22,7,7,13,15,Popyrin A.,90,140,59,81,9,13,50,68,Internazionali BNL d'Italia,Rome,Outdoor,Clay,2023-05-14,2.1,1.73,0
Bautista Agut R.,25,379,234,145,31,29,203,116,Cecchinato M.,108,204,79,125,2,14,77,111,Internazionali BNL d'Italia,Rome,Outdoor,Clay,2023-05-14,1.53,2.5,0
Tiafoe F.,10,303,158,145,24,23,134,122,Altmaier D.,51,79,28,51,1,5,27,46,Internazionali BNL d'Italia,Rome,Outdoor,Clay,2023-05-14,1.53,2.5,1
Lehecka J.,33,61,30,31,4,4,26,27,Marozsan F.,87,7,4,3,0,0,4,3,Internazionali BNL d'Italia,Rome,Outdoor,Clay,2023-05-14,1.44,2.75,0
Arnaldi M.,76,18,9,9,0,0,9,9,Musetti L.,18,143,79,64,12,12,67,52,Internazionali BNL d'Italia,Rome,Outdoor,Clay,2023-05-14,3.2,1.36,0
Tsitsipas S.,5,390,264,126,49,32,215,94,Borges N.,69,28,10,18,1,1,9,17,Internazionali BNL d'Italia,Rome,Outdoor,Clay,2023-05-14,1.11,6.5,1
Fritz T.,9,356,205,151,26,22,179,129,Hanfmann Y.,50,99,50,49,5,4,45,45,Internazionali BNL d'Italia,Rome,Outdoor,Clay,2023-05-14,1.44,2.75,0
Ruusuvuori E.,55,158,79,79,16,18,63,61,Medvedev D.,3,406,289,117,69,27,220,90,Internazionali BNL d'Italia,Rome,Outdoor,Clay,2023-05-14,3.0,1.4,0
Zverev A.,19,500,346,154,60,31,286,123,Goffin D.,123,522,296,226,66,52,230,174,Internazionali BNL d'Italia,Rome,Outdoor,Clay,2023-05-14,1.22,4.33,1
Zapata Miralles B.,54,80,32,48,1,6,31,42,Medvedev D.,3,406,289,117,69,27,220,90,Internazionali BNL d'Italia,Rome,Outdoor,Clay,2023-05-15,4.33,1.22,0
Davidovich Fokina A.,39,168,84,84,17,20,67,64,Rublev A.,7,392,255,137,57,34,198,103,Internazionali BNL d'Italia,Rome,Outdoor,Clay,2023-05-15,2.63,1.5,0
Coric B.,15,343,185,158,28,28,157,130,Carballes Baena R.,64,207,91,116,11,10,80,106,Internazionali BNL d'Italia,Rome,Outdoor,Clay,2023-05-15,1.44,2.75,1
Cecchinato M.,108,204,79,125,2,14,77,111,Hanfmann Y.,50,99,50,49,5,4,45,45,Internazionali BNL d'Italia,Rome,Outdoor,Clay,2023-05-15,2.1,1.73,0
Marozsan F.,87,7,4,3,0,0,4,3,Alcaraz C.,1,164,130,34,10,5,120,29,Internazionali BNL d'Italia,Rome,Outdoor,Clay,2023-05-15,23.0,1.01,1
Zverev A.,19,500,346,154,60,31,286,123,Wolf J.J.,45,75,39,36,8,6,31,30,Internazionali BNL d'Italia,Rome,Outdoor,Clay,2023-05-16,1.22,4.33,1
Sonego L.,43,221,107,114,19,17,88,97,Tsitsipas S.,5,390,264,126,49,32,215,94,Internazionali BNL d'Italia,Rome,Outdoor,Clay,2023-05-16,4.5,1.2,0
Tiafoe F.,10,303,158,145,24,23,134,122,Musetti L.,18,143,79,64,12,12,67,52,Internazionali BNL d'Italia,Rome,Outdoor,Clay,2023-05-16,2.75,1.44,0
Rune H.,6,131,83,48,28,9,55,39,Popyrin A.,90,140,59,81,9,13,50,68,Internazionali BNL d'Italia,Rome,Outdoor,Clay,2023-05-16,1.17,5.0,1
Djokovic N.,2,1207,1012,195,146,42,866,153,Norrie C.,13,287,172,115,15,18,157,97,Internazionali BNL d'Italia,Rome,Outdoor,Clay,2023-05-16,1.17,5.0,1
Djere L.,38,243,120,123,10,22,110,101,Ruud C.,4,275,176,99,19,16,157,83,Internazionali BNL d'Italia,Rome,Outdoor,Clay,2023-05-16,3.0,1.4,0
Cerundolo F.,21,104,58,46,3,7,55,39,Sinner J.,8,224,153,71,42,19,111,52,Internazionali BNL d'Italia,Rome,Outdoor,Clay,2023-05-16,6.0,1.13,1
Rublev A.,7,392,255,137,57,34,198,103,Hanfmann Y.,50,99,50,49,5,4,45,45,Internazionali BNL d'Italia,Rome,Outdoor,Clay,2023-05-16,1.33,3.4,0
Medvedev D.,3,406,289,117,69,27,220,90,Zverev A.,19,500,346,154,60,31,286,123,Internazionali BNL d'Italia,Rome,Outdoor,Clay,2023-05-16,1.67,2.2,1
Coric B.,15,343,185,158,28,28,157,130,Marozsan F.,87,7,4,3,0,0,4,3,Internazionali BNL d'Italia,Rome,Outdoor,Clay,2023-05-16,1.44,2.75,1
Musetti L.,18,143,79,64,12,12,67,52,Tsitsipas S.,5,390,264,126,49,32,215,94,Internazionali BNL d'Italia,Rome,Outdoor,Clay,2023-05-16,3.2,1.36,0
Djokovic N.,2,1207,1012,195,146,42,866,153,Rune H.,6,131,83,48,28,9,55,39,Internazionali BNL d'Italia,Rome,Outdoor,Clay,2023-05-17,1.33,3.4,0
Cerundolo F.,21,104,58,46,3,7,55,39,Ruud C.,4,275,176,99,19,16,157,83,Internazionali BNL d'Italia,Rome,Outdoor,Clay,2023-05-17,2.3,1.62,0
Coric B.,15,343,185,158,28,28,157,130,Tsitsipas S.,5,390,264,126,49,32,215,94,Internazionali BNL d'Italia,Rome,Outdoor,Clay,2023-05-18,3.75,1.29,0
Hanfmann Y.,50,99,50,49,5,4,45,45,Medvedev D.,3,406,289,117,69,27,220,90,Internazionali BNL d'Italia,Rome,Outdoor,Clay,2023-05-18,3.0,1.4,0
Ruud C.,4,275,176,99,19,16,157,83,Rune H.,6,131,83,48,28,9,55,39,Internazionali BNL d'Italia,Rome,Outdoor,Clay,2023-05-20,2.38,1.57,0
Tsitsipas S.,5,390,264,126,49,32,215,94,Medvedev D.,3,406,289,117,69,27,220,90,Internazionali BNL d'Italia,Rome,Outdoor,Clay,2023-05-20,1.62,2.3,0
Rune H.,6,131,83,48,28,9,55,39,Medvedev D.,3,406,289,117,69,27,220,90,Internazionali BNL d'Italia,Rome,Outdoor,Clay,2023-05-21,1.91,1.91,0
Cecchinato M.,108,204,79,125,2,14,77,111,Shelton B.,43,34,13,21,0,0,13,21,Geneva Open,Geneva,Outdoor,Clay,2023-05-21,1.91,1.91,1
Eubanks C.,29,64,28,36,1,3,27,33,Paire B.,149,527,237,290,39,56,198,234,Geneva Open,Geneva,Outdoor,Clay,2023-05-21,2.5,1.53,1
Draper J.,55,51,29,22,2,3,27,19,Muller A.,81,22,9,13,0,1,9,12,Lyon Open,Lyon,Outdoor,Clay,2023-05-21,1.73,2.1,1
Moutet C.,80,118,50,68,5,11,45,57,Barrere G.,59,79,31,48,11,16,20,32,Lyon Open,Lyon,Outdoor,Clay,2023-05-21,2.38,1.57,0
Varillas J. P.,1345,20,9,11,2,1,7,10,Ramos-Vinolas A.,82,437,204,233,17,31,187,202,Lyon Open,Lyon,Outdoor,Clay,2023-05-21,1.8,2.0,1
Gasquet R.,48,948,581,367,133,82,448,285,Ymer M.,59,130,58,72,18,23,40,49,Lyon Open,Lyon,Outdoor,Clay,2023-05-22,1.91,1.91,0
Fils A.,71,24,15,9,6,3,9,6,Zhang Zh.,53,44,20,24,1,2,19,22,Lyon Open,Lyon,Outdoor,Clay,2023-05-22,1.73,2.1,1
Lopez San Martin A.,550,1,0,1,0,0,0,1,Goffin D.,123,522,296,226,66,52,230,174,Lyon Open,Lyon,Outdoor,Clay,2023-05-22,3.5,1.3,0
Harris L.,186,129,59,70,7,8,52,62,Rinderknech A.,67,96,46,50,16,12,30,38,Lyon Open,Lyon,Outdoor,Clay,2023-05-22,2.2,1.67,0
Kecmanovic M.,40,210,107,103,12,16,95,87,Roca Batalla O.,1055,3,1,2,0,0,1,2,Lyon Open,Lyon,Outdoor,Clay,2023-05-22,1.1,7.0,1
Schwartzman D.,95,428,233,195,32,27,201,168,Nakashima B.,70,106,57,49,6,5,51,44,Lyon Open,Lyon,Outdoor,Clay,2023-05-22,1.67,2.2,0
Krajinovic F.,93,240,115,125,38,34,77,91,Mannarino A.,27,567,264,303,60,73,204,230,Geneva Open,Geneva,Outdoor,Clay,2023-05-22,1.36,3.2,0
Lajovic D.,66,378,163,215,21,36,142,179,Jarry N.,28,141,73,68,9,6,64,62,Geneva Open,Geneva,Outdoor,Clay,2023-05-22,1.91,1.91,0
Zapata Miralles B.,54,80,32,48,1,6,31,42,Sachko V.,1041,3,0,3,0,1,0,2,Geneva Open,Geneva,Outdoor,Clay,2023-05-22,1.3,3.5,1
Rincon D.,841,2,0,2,0,0,0,2,Carballes Baena R.,64,207,91,116,11,10,80,106,Geneva Open,Geneva,Outdoor,Clay,2023-05-22,3.75,1.29,0
Wu Y.,90,36,15,21,5,0,10,21,Huesler M.A.,88,58,21,37,8,8,13,29,Geneva Open,Geneva,Outdoor,Clay,2023-05-22,2.1,1.73,1
Giron M.,69,150,68,82,20,14,48,68,Bublik A.,25,219,110,109,39,30,71,79,Geneva Open,Geneva,Outdoor,Clay,2023-05-22,2.1,1.73,1
Zverev A.,19,500,346,154,60,31,286,123,Eubanks C.,29,64,28,36,1,3,27,33,Geneva Open,Geneva,Outdoor,Clay,2023-05-23,1.11,6.5,1
Rinderknech A.,67,96,46,50,16,12,30,38,Nakashima B.,70,106,57,49,6,5,51,44,Lyon Open,Lyon,Outdoor,Clay,2023-05-23,1.91,1.91,0
Draper J.,55,51,29,22,2,3,27,19,Kecmanovic M.,40,210,107,103,12,16,95,87,Lyon Open,Lyon,Outdoor,Clay,2023-05-23,2.0,1.8,1
Varillas J. P.,1345,20,9,11,2,1,7,10,Cerundolo F.,21,104,58,46,3,7,55,39,Lyon Open,Lyon,Outdoor,Clay,2023-05-23,3.2,1.36,0
Monfils G.,323,816,510,306,131,65,379,241,Cachin P.,54,52,23,29,1,3,22,26,Lyon Open,Lyon,Outdoor,Clay,2023-05-23,3.5,1.3,0
Wolf J.J.,45,75,39,36,8,6,31,30,Dellien H.,164,70,22,48,5,5,17,43,Geneva Open,Geneva,Outdoor,Clay,2023-05-23,1.67,2.2,1
Baez S.,72,95,47,48,6,6,41,42,Fucsovics M.,67,249,121,128,26,24,95,104,Lyon Open,Lyon,Outdoor,Clay,2023-05-23,1.67,2.2,1
O Connell C.,74,65,26,39,0,0,26,39,Serdarusic N.,702,9,1,8,0,3,1,5,Geneva Open,Geneva,Outdoor,Clay,2023-05-23,1.36,3.2,1
Pella G.,199,260,118,142,14,16,104,126,Ivashka I.,113,159,78,81,19,18,59,63,Geneva Open,Geneva,Outdoor,Clay,2023-05-23,2.38,1.57,0
Griekspoor T.,37,97,47,50,7,14,40,36,Travaglia S.,1024,81,27,54,5,12,22,42,Geneva Open,Geneva,Outdoor,Clay,2023-05-23,1.53,2.5,1
Llamas Ruiz P.,3065,2,1,1,0,0,1,1,Purcell M.,78,28,9,19,0,0,9,19,Lyon Open,Lyon,Outdoor,Clay,2023-05-23,1.5,2.63,1
Cecchinato M.,108,204,79,125,2,14,77,111,Wu Y.,90,36,15,21,5,0,10,21,Geneva Open,Geneva,Outdoor,Clay,2023-05-23,1.62,2.3,0
Fils A.,71,24,15,9,6,3,9,6,Ymer M.,59,130,58,72,18,23,40,49,Lyon Open,Lyon,Outdoor,Clay,2023-05-24,1.67,2.2,1
Auger-Aliassime F.,12,268,163,105,48,22,115,83,Llamas Ruiz P.,3065,2,1,1,0,0,1,1,Lyon Open,Lyon,Outdoor,Clay,2023-05-24,1.22,4.33,1
Norrie C.,13,287,172,115,15,18,157,97,Goffin D.,123,522,296,226,66,52,230,174,Lyon Open,Lyon,Outdoor,Clay,2023-05-24,1.33,3.4,1
Paul T.,14,204,111,93,19,13,92,80,Barrere G.,59,79,31,48,11,16,20,32,Lyon Open,Lyon,Outdoor,Clay,2023-05-24,1.5,2.63,1
Cachin P.,54,52,23,29,1,3,22,26,Baez S.,72,95,47,48,6,6,41,42,Lyon Open,Lyon,Outdoor,Clay,2023-05-24,3.2,1.36,0
Mannarino A.,27,567,264,303,60,73,204,230,Ivashka I.,113,159,78,81,19,18,59,63,Geneva Open,Geneva,Outdoor,Clay,2023-05-24,3.0,1.4,0
O Connell C.,74,65,26,39,0,0,26,39,Zapata Miralles B.,54,80,32,48,1,6,31,42,Geneva Open,Geneva,Outdoor,Clay,2023-05-24,2.38,1.57,1
Carballes Baena R.,64,207,91,116,11,10,80,106,Dimitrov G.,20,651,389,262,79,50,310,212,Geneva Open,Geneva,Outdoor,Clay,2023-05-24,3.0,1.4,0
Giron M.,69,150,68,82,20,14,48,68,Fritz T.,9,356,205,151,26,22,179,129,Geneva Open,Geneva,Outdoor,Clay,2023-05-24,3.4,1.33,0
Griekspoor T.,37,97,47,50,7,14,40,36,Jarry N.,28,141,73,68,9,6,64,62,Geneva Open,Geneva,Outdoor,Clay,2023-05-24,2.38,1.57,0
Ruud C.,4,275,176,99,19,16,157,83,Wolf J.J.,45,75,39,36,8,6,31,30,Geneva Open,Geneva,Outdoor,Clay,2023-05-24,1.2,4.5,1
Baez S.,72,95,47,48,6,6,41,42,Norrie C.,13,287,172,115,15,18,157,97,Lyon Open,Lyon,Outdoor,Clay,2023-05-25,2.75,1.44,0
Ivashka I.,113,159,78,81,19,18,59,63,Fritz T.,9,356,205,151,26,22,179,129,Geneva Open,Geneva,Outdoor,Clay,2023-05-25,4.5,1.2,0
O Connell C.,74,65,26,39,0,0,26,39,Dimitrov G.,20,651,389,262,79,50,310,212,Geneva Open,Geneva,Outdoor,Clay,2023-05-25,3.4,1.33,0
Wu Y.,90,36,15,21,5,0,10,21,Zverev A.,19,500,346,154,60,31,286,123,Geneva Open,Geneva,Outdoor,Clay,2023-05-25,4.5,1.2,0
Ruud C.,4,275,176,99,19,16,157,83,Jarry N.,28,141,73,68,9,6,64,62,Geneva Open,Geneva,Outdoor,Clay,2023-05-25,1.33,3.4,0
Fils A.,71,24,15,9,6,3,9,6,Auger-Aliassime F.,12,268,163,105,48,22,115,83,Lyon Open,Lyon,Outdoor,Clay,2023-05-25,2.75,1.44,1
Cerundolo F.,21,104,58,46,3,7,55,39,Draper J.,55,51,29,22,2,3,27,19,Lyon Open,Lyon,Outdoor,Clay,2023-05-25,1.5,2.63,1
Paul T.,14,204,111,93,19,13,92,80,Nakashima B.,70,106,57,49,6,5,51,44,Lyon Open,Lyon,Outdoor,Clay,2023-05-25,1.44,2.75,0
Norrie C.,13,287,172,115,15,18,157,97,Cerundolo F.,21,104,58,46,3,7,55,39,Lyon Open,Lyon,Outdoor,Clay,2023-05-26,1.67,2.2,0
Fils A.,71,24,15,9,6,3,9,6,Nakashima B.,70,106,57,49,6,5,51,44,Lyon Open,Lyon,Outdoor,Clay,2023-05-26,1.73,2.1,1
Zverev A.,19,500,346,154,60,31,286,123,Jarry N.,28,141,73,68,9,6,64,62,Geneva Open,Geneva,Outdoor,Clay,2023-05-26,1.44,2.75,0
Dimitrov G.,20,651,389,262,79,50,310,212,Fritz T.,9,356,205,151,26,22,179,129,Geneva Open,Geneva,Outdoor,Clay,2023-05-26,2.5,1.53,1
Cerundolo F.,21,104,58,46,3,7,55,39,Fils A.,71,24,15,9,6,3,9,6,Lyon Open,Lyon,Outdoor,Clay,2023-05-27,1.29,3.75,0
Dimitrov G.,20,651,389,262,79,50,310,212,Jarry N.,28,141,73,68,9,6,64,62,Geneva Open,Geneva,Outdoor,Clay,2023-05-27,2.1,1.73,0
Galan D.E.,76,78,33,45,3,5,30,40,Arnaldi M.,76,18,9,9,0,0,9,9,French Open,Paris,Outdoor,Clay,2023-05-28,2.75,1.44,0
Pouille L.,675,259,134,125,35,26,99,99,Rodionov J.,118,26,9,17,2,3,7,14,French Open,Paris,Outdoor,Clay,2023-05-28,1.73,2.1,1
Humbert U.,36,170,80,90,23,21,57,69,Mannarino A.,27,567,264,303,60,73,204,230,French Open,Paris,Outdoor,Clay,2023-05-28,1.22,4.33,1
Shevchenko A.,93,20,8,12,0,2,8,10,Otte O.,233,78,33,45,6,14,27,31,French Open,Paris,Outdoor,Clay,2023-05-28,1.4,3.0,1
Shelton B.,43,34,13,21,0,0,13,21,Sonego L.,43,221,107,114,19,17,88,97,French Open,Paris,Outdoor,Clay,2023-05-28,3.0,1.4,0
Cazaux A.,190,4,1,3,0,0,1,3,Moutet C.,80,118,50,68,5,11,45,57,French Open,Paris,Outdoor,Clay,2023-05-28,2.0,1.8,0
Djere L.,38,243,120,123,10,22,110,101,Rublev A.,7,392,255,137,57,34,198,103,French Open,Paris,Outdoor,Clay,2023-05-28,4.33,1.22,0
Ymer M.,59,130,58,72,18,23,40,49,Musetti L.,18,143,79,64,12,12,67,52,French Open,Paris,Outdoor,Clay,2023-05-28,4.5,1.2,0
Nava E.,242,13,2,11,0,0,2,11,Carballes Baena R.,64,207,91,116,11,10,80,106,French Open,Paris,Outdoor,Clay,2023-05-28,4.0,1.25,0
Korda S.,26,126,75,51,15,9,60,42,Mcdonald M.,60,190,87,103,11,15,76,88,French Open,Paris,Outdoor,Clay,2023-05-28,1.5,2.63,1
Hurkacz H.,17,238,137,101,27,24,110,77,Goffin D.,123,522,296,226,66,52,230,174,French Open,Paris,Outdoor,Clay,2023-05-28,1.36,3.2,1
Kubler J.,77,53,24,29,0,1,24,28,Diaz Acosta F.,137,5,1,4,0,0,1,4,French Open,Paris,Outdoor,Clay,2023-05-28,2.3,1.62,1
Lestienne C.,109,40,13,27,6,9,7,18,Khachanov K.,11,378,217,161,44,38,173,123,French Open,Paris,Outdoor,Clay,2023-05-28,21.0,1.02,0
Ofner S.,61,34,16,18,1,2,15,16,Cressy M.,96,96,42,54,10,11,32,43,French Open,Paris,Outdoor,Clay,2023-05-28,1.3,3.5,1
Martinez P.,135,118,50,68,7,6,43,62,Griekspoor T.,37,97,47,50,7,14,40,36,French Open,Paris,Outdoor,Clay,2023-05-28,1.73,2.1,0
Isner J.,114,755,465,290,53,45,412,245,Borges N.,69,28,10,18,1,1,9,17,French Open,Paris,Outdoor,Clay,2023-05-28,3.0,1.4,0
Kokkinakis T.,86,124,55,69,0,4,55,65,Evans D.,30,251,124,127,18,16,106,111,French Open,Paris,Outdoor,Clay,2023-05-28,2.0,1.8,1
Fucsovics M.,67,249,121,128,26,24,95,104,Grenier H.,122,16,5,11,1,2,4,9,French Open,Paris,Outdoor,Clay,2023-05-28,1.2,4.5,1
Albot R.,97,215,86,129,26,26,60,103,Kypson P.,329,2,0,2,0,0,0,2,French Open,Paris,Outdoor,Clay,2023-05-28,1.36,3.2,1
Vesely J.,528,288,130,158,6,19,124,139,Tsitsipas S.,5,390,264,126,49,32,215,94,French Open,Paris,Outdoor,Clay,2023-05-28,19.0,1.02,0
Cecchinato M.,108,204,79,125,2,14,77,111,Van Assche L.,68,20,7,13,0,3,7,10,French Open,Paris,Outdoor,Clay,2023-05-29,2.0,1.8,0
Zhang Zh.,53,44,20,24,1,2,19,22,Lajovic D.,66,378,163,215,21,36,142,179,French Open,Paris,Outdoor,Clay,2023-05-29,2.5,1.53,1
Tiafoe F.,10,303,158,145,24,23,134,122,Krajinovic F.,93,240,115,125,38,34,77,91,French Open,Paris,Outdoor,Clay,2023-05-29,1.2,4.5,1
Altmaier D.,51,79,28,51,1,5,27,46,Huesler M.A.,88,58,21,37,8,8,13,29,French Open,Paris,Outdoor,Clay,2023-05-29,1.36,3.2,1
Cobolli F.,148,14,5,9,0,1,5,8,Alcaraz C.,1,164,130,34,10,5,120,29,French Open,Paris,Outdoor,Clay,2023-05-29,21.0,1.02,0
Davidovich Fokina A.,39,168,84,84,17,20,67,64,Fils A.,71,24,15,9,6,3,9,6,French Open,Paris,Outdoor,Clay,2023-05-29,1.36,3.2,1
Lehecka J.,33,61,30,31,4,4,26,27,Struff J.L.,21,369,170,199,43,42,127,157,French Open,Paris,Outdoor,Clay,2023-05-29,2.3,1.62,1
Medjedovic H.,147,11,3,8,0,1,3,7,Giron M.,69,150,68,82,20,14,48,68,French Open,Paris,Outdoor,Clay,2023-05-29,1.73,2.1,0
Thiem D.,116,517,327,190,53,39,274,151,Cachin P.,54,52,23,29,1,3,22,26,French Open,Paris,Outdoor,Clay,2023-05-29,1.67,2.2,0
Coria F.,108,99,43,56,2,6,41,50,Coric B.,15,343,185,158,28,28,157,130,French Open,Paris,Outdoor,Clay,2023-05-29,6.0,1.13,0
Van De Zandschulp B.,44,117,63,54,11,11,52,43,Tirante T.A.,136,5,2,3,0,0,2,3,French Open,Paris,Outdoor,Clay,2023-05-29,1.2,4.5,0
Muller A.,81,22,9,13,0,1,9,12,Sinner J.,8,224,153,71,42,19,111,52,French Open,Paris,Outdoor,Clay,2023-05-29,15.0,1.03,0
O Connell C.,74,65,26,39,0,0,26,39,Daniel T.,111,178,67,111,3,10,64,101,French Open,Paris,Outdoor,Clay,2023-05-29,1.67,2.2,0
Kovacevic A.,129,14,6,8,0,0,6,8,Djokovic N.,2,1207,1012,195,146,42,866,153,French Open,Paris,Outdoor,Clay,2023-05-29,29.0,1.01,0
Norrie C.,13,287,172,115,15,18,157,97,Paire B.,149,527,237,290,39,56,198,234,French Open,Paris,Outdoor,Clay,2023-05-29,1.11,6.5,1
Zapata Miralles B.,54,80,32,48,1,6,31,42,Schwartzman D.,95,428,233,195,32,27,201,168,French Open,Paris,Outdoor,Clay,2023-05-29,1.73,2.1,0
Shang J.,149,12,4,8,0,0,4,8,Varillas J.P.,77,22,10,12,1,3,9,9,French Open,Paris,Outdoor,Clay,2023-05-29,2.38,1.57,0
De Minaur A.,19,272,161,111,30,19,131,92,Ivashka I.,113,159,78,81,19,18,59,63,French Open,Paris,Outdoor,Clay,2023-05-29,1.29,3.75,1
Nakashima B.,70,106,57,49,6,5,51,44,Shapovalov D.,29,298,166,132,30,27,136,105,French Open,Paris,Outdoor,Clay,2023-05-29,1.73,2.1,0
Karatsev A.,75,136,66,70,10,22,56,48,Popyrin A.,90,140,59,81,9,13,50,68,French Open,Paris,Outdoor,Clay,2023-05-29,1.67,2.2,1
Wu Y.,90,36,15,21,5,0,10,21,Bautista Agut R.,25,379,234,145,31,29,203,116,French Open,Paris,Outdoor,Clay,2023-05-29,3.0,1.4,0
Auger-Aliassime F.,12,268,163,105,48,22,115,83,Fognini F.,128,742,383,359,39,48,344,311,French Open,Paris,Outdoor,Clay,2023-05-29,1.36,3.2,0
Wawrinka S.,72,854,535,319,84,69,451,250,Ramos-Vinolas A.,82,437,204,233,17,31,187,202,French Open,Paris,Outdoor,Clay,2023-05-29,1.36,3.2,1
Etcheverry T.,34,60,26,34,5,3,21,31,Draper J.,55,51,29,22,2,3,27,19,French Open,Paris,Outdoor,Clay,2023-05-29,1.67,2.2,1
Ruusuvuori E.,55,158,79,79,16,18,63,61,Barrere G.,59,79,31,48,11,16,20,32,French Open,Paris,Outdoor,Clay,2023-05-30,1.53,2.5,1
Baez S.,72,95,47,48,6,6,41,42,Monfils G.,323,816,510,306,131,65,379,241,French Open,Paris,Outdoor,Clay,2023-05-30,1.33,3.4,0
Monteiro T.,121,171,69,102,9,11,60,91,Hanfmann Y.,50,99,50,49,5,4,45,45,French Open,Paris,Outdoor,Clay,2023-05-30,3.2,1.36,0
Skatov T.,147,5,1,4,1,2,0,2,Dimitrov G.,20,651,389,262,79,50,310,212,French Open,Paris,Outdoor,Clay,2023-05-30,7.0,1.1,0
Mmoh M.,112,55,20,35,0,3,20,32,Fritz T.,9,356,205,151,26,22,179,129,French Open,Paris,Outdoor,Clay,2023-05-30,19.0,1.02,0
Rinderknech A.,67,96,46,50,16,12,30,38,Gasquet R.,48,948,581,367,133,82,448,285,French Open,Paris,Outdoor,Clay,2023-05-30,2.2,1.67,1
Pella G.,199,260,118,142,14,16,104,126,Halys Q.,79,72,23,49,3,10,20,39,French Open,Paris,Outdoor,Clay,2023-05-30,3.2,1.36,1
Rune H.,6,131,83,48,28,9,55,39,Eubanks C.,29,64,28,36,1,3,27,33,French Open,Paris,Outdoor,Clay,2023-05-30,1.02,19.0,1
Munar J.,104,178,75,103,7,12,68,91,Cerundolo F.,21,104,58,46,3,7,55,39,French Open,Paris,Outdoor,Clay,2023-05-30,3.5,1.3,0
Medvedev D.,3,406,289,117,69,27,220,90,Seyboth Wild T.,117,28,12,16,7,3,5,13,French Open,Paris,Outdoor,Clay,2023-05-30,1.05,11.0,0
Molcan A.,120,86,45,41,1,6,44,35,Gaston H.,109,58,24,34,5,9,19,25,French Open,Paris,Outdoor,Clay,2023-05-30,1.57,2.38,1
Zverev A.,19,500,346,154,60,31,286,123,Harris L.,186,129,59,70,7,8,52,62,French Open,Paris,Outdoor,Clay,2023-05-30,1.05,11.0,1
Purcell M.,78,28,9,19,0,0,9,19,Thompson J.,71,221,96,125,10,10,86,115,French Open,Paris,Outdoor,Clay,2023-05-30,2.1,1.73,1
Kecmanovic M.,40,210,107,103,12,16,95,87,Vavassori A.,128,12,5,7,1,1,4,6,French Open,Paris,Outdoor,Clay,2023-05-30,1.4,3.0,0
Mpetshi G.,233,2,0,2,0,0,0,2,Olivieri G.,231,3,2,1,0,0,2,1,French Open,Paris,Outdoor,Clay,2023-05-30,2.2,1.67,0
Nishioka Y.,31,215,99,116,15,15,84,101,Wolf J.J.,45,75,39,36,8,6,31,30,French Open,Paris,Outdoor,Clay,2023-05-30,2.0,1.8,1
Ymer E.,186,81,24,57,3,11,21,46,Ruud C.,4,275,176,99,19,16,157,83,French Open,Paris,Outdoor,Clay,2023-05-30,10.0,1.06,0
Dellien H.,164,70,22,48,5,5,17,43,Jarry N.,28,141,73,68,9,6,64,62,French Open,Paris,Outdoor,Clay,2023-05-30,4.5,1.2,0
Paul T.,14,204,111,93,19,13,92,80,Stricker D.,106,20,10,10,2,2,8,8,French Open,Paris,Outdoor,Clay,2023-05-30,1.33,3.4,1
Zeppieri G.,129,13,4,9,0,1,4,8,Bublik A.,25,219,110,109,39,30,71,79,French Open,Paris,Outdoor,Clay,2023-05-30,1.73,2.1,1
Griekspoor T.,37,97,47,50,7,14,40,36,Hurkacz H.,17,238,137,101,27,24,110,77,French Open,Paris,Outdoor,Clay,2023-05-31,3.0,1.4,0
Davidovich Fokina A.,39,168,84,84,17,20,67,64,Van Assche L.,68,20,7,13,0,3,7,10,French Open,Paris,Outdoor,Clay,2023-05-31,1.36,3.2,1
Norrie C.,13,287,172,115,15,18,157,97,Pouille L.,675,259,134,125,35,26,99,99,French Open,Paris,Outdoor,Clay,2023-05-31,1.25,4.0,1
Khachanov K.,11,378,217,161,44,38,173,123,Albot R.,97,215,86,129,26,26,60,103,French Open,Paris,Outdoor,Clay,2023-05-31,1.17,5.0,1
Rublev A.,7,392,255,137,57,34,198,103,Moutet C.,80,118,50,68,5,11,45,57,French Open,Paris,Outdoor,Clay,2023-05-31,1.07,9.0,1
Musetti L.,18,143,79,64,12,12,67,52,Shevchenko A.,93,20,8,12,0,2,8,10,French Open,Paris,Outdoor,Clay,2023-05-31,1.29,3.75,1
Djokovic N.,2,1207,1012,195,146,42,866,153,Fucsovics M.,67,249,121,128,26,24,95,104,French Open,Paris,Outdoor,Clay,2023-05-31,1.05,11.0,1
Daniel T.,111,178,67,111,3,10,64,101,Alcaraz C.,1,164,130,34,10,5,120,29,French Open,Paris,Outdoor,Clay,2023-05-31,21.0,1.02,0
Carballes Baena R.,64,207,91,116,11,10,80,106,Tsitsipas S.,5,390,264,126,49,32,215,94,French Open,Paris,Outdoor,Clay,2023-05-31,8.0,1.08,0
Shapovalov D.,29,298,166,132,30,27,136,105,Arnaldi M.,76,18,9,9,0,0,9,9,French Open,Paris,Outdoor,Clay,2023-05-31,2.1,1.73,1
Bautista Agut R.,25,379,234,145,31,29,203,116,Varillas J.P.,77,22,10,12,1,3,9,9,French Open,Paris,Outdoor,Clay,2023-05-31,1.4,3.0,0
Korda S.,26,126,75,51,15,9,60,42,Ofner S.,61,34,16,18,1,2,15,16,French Open,Paris,Outdoor,Clay,2023-05-31,1.53,2.5,0
Fognini F.,128,742,383,359,39,48,344,311,Kubler J.,77,53,24,29,0,1,24,28,French Open,Paris,Outdoor,Clay,2023-05-31,1.5,2.63,1
Kokkinakis T.,86,124,55,69,0,4,55,65,Wawrinka S.,72,854,535,319,84,69,451,250,French Open,Paris,Outdoor,Clay,2023-05-31,2.0,1.8,1
Humbert U.,36,170,80,90,23,21,57,69,Sonego L.,43,221,107,114,19,17,88,97,French Open,Paris,Outdoor,Clay,2023-05-31,1.73,2.1,0
Borges N.,69,28,10,18,1,1,9,17,Schwartzman D.,95,428,233,195,32,27,201,168,French Open,Paris,Outdoor,Clay,2023-05-31,2.1,1.73,0
Fritz T.,9,356,205,151,26,22,179,129,Rinderknech A.,67,96,46,50,16,12,30,38,French Open,Paris,Outdoor,Clay,2023-06-01,1.11,6.5,1
Rune H.,6,131,83,48,28,9,55,39,Monfils G.,323,816,510,306,131,65,379,241,French Open,Paris,Outdoor,Clay,2023-06-01,1.07,9.0,1
Hanfmann Y.,50,99,50,49,5,4,45,45,Cerundolo F.,21,104,58,46,3,7,55,39,French Open,Paris,Outdoor,Clay,2023-06-01,2.75,1.44,0
Giron M.,69,150,68,82,20,14,48,68,Lehecka J.,33,61,30,31,4,4,26,27,French Open,Paris,Outdoor,Clay,2023-06-01,2.75,1.44,1
Jarry N.,28,141,73,68,9,6,64,62,Paul T.,14,204,111,93,19,13,92,80,French Open,Paris,Outdoor,Clay,2023-06-01,1.62,2.3,1
Vavassori A.,128,12,5,7,1,1,4,6,Olivieri G.,231,3,2,1,0,0,2,1,French Open,Paris,Outdoor,Clay,2023-06-01,1.36,3.2,0
Tiafoe F.,10,303,158,145,24,23,134,122,Karatsev A.,75,136,66,70,10,22,56,48,French Open,Paris,Outdoor,Clay,2023-06-01,1.91,1.91,1
Molcan A.,120,86,45,41,1,6,44,35,Zverev A.,19,500,346,154,60,31,286,123,French Open,Paris,Outdoor,Clay,2023-06-01,4.33,1.22,0
Seyboth Wild T.,117,28,12,16,7,3,5,13,Pella G.,199,260,118,142,14,16,104,126,French Open,Paris,Outdoor,Clay,2023-06-01,1.36,3.2,1
Ruusuvuori E.,55,158,79,79,16,18,63,61,Dimitrov G.,20,651,389,262,79,50,310,212,French Open,Paris,Outdoor,Clay,2023-06-01,2.75,1.44,0
Purcell M.,78,28,9,19,0,0,9,19,Nishioka Y.,31,215,99,116,15,15,84,101,French Open,Paris,Outdoor,Clay,2023-06-01,3.2,1.36,0
Altmaier D.,51,79,28,51,1,5,27,46,Sinner J.,8,224,153,71,42,19,111,52,French Open,Paris,Outdoor,Clay,2023-06-01,8.0,1.08,1
Zeppieri G.,129,13,4,9,0,1,4,8,Ruud C.,4,275,176,99,19,16,157,83,French Open,Paris,Outdoor,Clay,2023-06-01,8.0,1.08,0
De Minaur A.,19,272,161,111,30,19,131,92,Etcheverry T.,34,60,26,34,5,3,21,31,French Open,Paris,Outdoor,Clay,2023-06-01,1.8,2.0,0
Cachin P.,54,52,23,29,1,3,22,26,Coric B.,15,343,185,158,28,28,157,130,French Open,Paris,Outdoor,Clay,2023-06-01,3.2,1.36,0
Zhang Zh.,53,44,20,24,1,2,19,22,Tirante T.A.,136,5,2,3,0,0,2,3,French Open,Paris,Outdoor,Clay,2023-06-01,1.57,2.38,1
Alcaraz C.,1,164,130,34,10,5,120,29,Shapovalov D.,29,298,166,132,30,27,136,105,French Open,Paris,Outdoor,Clay,2023-06-02,1.04,13.0,1
Schwartzman D.,95,428,233,195,32,27,201,168,Tsitsipas S.,5,390,264,126,49,32,215,94,French Open,Paris,Outdoor,Clay,2023-06-02,7.0,1.1,0
Norrie C.,13,287,172,115,15,18,157,97,Musetti L.,18,143,79,64,12,12,67,52,French Open,Paris,Outdoor,Clay,2023-06-02,2.5,1.53,0
Varillas J.P.,77,22,10,12,1,3,9,9,Hurkacz H.,17,238,137,101,27,24,110,77,French Open,Paris,Outdoor,Clay,2023-06-02,3.0,1.4,1
Fognini F.,128,742,383,359,39,48,344,311,Ofner S.,61,34,16,18,1,2,15,16,French Open,Paris,Outdoor,Clay,2023-06-02,1.67,2.2,0
Davidovich Fokina A.,39,168,84,84,17,20,67,64,Djokovic N.,2,1207,1012,195,146,42,866,153,French Open,Paris,Outdoor,Clay,2023-06-02,6.0,1.13,0
Sonego L.,43,221,107,114,19,17,88,97,Rublev A.,7,392,255,137,57,34,198,103,French Open,Paris,Outdoor,Clay,2023-06-02,3.75,1.29,1
Khachanov K.,11,378,217,161,44,38,173,123,Kokkinakis T.,86,124,55,69,0,4,55,65,French Open,Paris,Outdoor,Clay,2023-06-02,1.29,3.75,1
Zhang Zh.,53,44,20,24,1,2,19,22,Ruud C.,4,275,176,99,19,16,157,83,French Open,Paris,Outdoor,Clay,2023-06-03,6.0,1.13,0
Seyboth Wild T.,117,28,12,16,7,3,5,13,Nishioka Y.,31,215,99,116,15,15,84,101,French Open,Paris,Outdoor,Clay,2023-06-03,1.5,2.63,0
Etcheverry T.,34,60,26,34,5,3,21,31,Coric B.,15,343,185,158,28,28,157,130,French Open,Paris,Outdoor,Clay,2023-06-03,1.67,2.2,1
Jarry N.,28,141,73,68,9,6,64,62,Giron M.,69,150,68,82,20,14,48,68,French Open,Paris,Outdoor,Clay,2023-06-03,1.33,3.4,1
Cerundolo F.,21,104,58,46,3,7,55,39,Fritz T.,9,356,205,151,26,22,179,129,French Open,Paris,Outdoor,Clay,2023-06-03,2.1,1.73,1
Altmaier D.,51,79,28,51,1,5,27,46,Dimitrov G.,20,651,389,262,79,50,310,212,French Open,Paris,Outdoor,Clay,2023-06-03,3.2,1.36,0
Zverev A.,19,500,346,154,60,31,286,123,Tiafoe F.,10,303,158,145,24,23,134,122,French Open,Paris,Outdoor,Clay,2023-06-03,1.4,3.0,1
Rune H.,6,131,83,48,28,9,55,39,Olivieri G.,231,3,2,1,0,0,2,1,French Open,Paris,Outdoor,Clay,2023-06-03,1.03,15.0,1
Sonego L.,43,221,107,114,19,17,88,97,Khachanov K.,11,378,217,161,44,38,173,123,French Open,Paris,Outdoor,Clay,2023-06-04,2.75,1.44,0
Djokovic N.,2,1207,1012,195,146,42,866,153,Varillas J.P.,77,22,10,12,1,3,9,9,French Open,Paris,Outdoor,Clay,2023-06-04,1.03,15.0,1
Musetti L.,18,143,79,64,12,12,67,52,Alcaraz C.,1,164,130,34,10,5,120,29,French Open,Paris,Outdoor,Clay,2023-06-04,5.0,1.17,0
Ofner S.,61,34,16,18,1,2,15,16,Tsitsipas S.,5,390,264,126,49,32,215,94,French Open,Paris,Outdoor,Clay,2023-06-04,10.0,1.06,0
Etcheverry T.,34,60,26,34,5,3,21,31,Nishioka Y.,31,215,99,116,15,15,84,101,French Open,Paris,Outdoor,Clay,2023-06-05,1.22,4.33,1
Dimitrov G.,20,651,389,262,79,50,310,212,Zverev A.,19,500,346,154,60,31,286,123,French Open,Paris,Outdoor,Clay,2023-06-05,2.75,1.44,0
Rune H.,6,131,83,48,28,9,55,39,Cerundolo F.,21,104,58,46,3,7,55,39,French Open,Paris,Outdoor,Clay,2023-06-05,1.33,3.4,1
Jarry N.,28,141,73,68,9,6,64,62,Ruud C.,4,275,176,99,19,16,157,83,French Open,Paris,Outdoor,Clay,2023-06-05,2.75,1.44,0
Djokovic N.,2,1207,1012,195,146,42,866,153,Khachanov K.,11,378,217,161,44,38,173,123,French Open,Paris,Outdoor,Clay,2023-06-06,1.08,8.0,1
Alcaraz C.,1,164,130,34,10,5,120,29,Tsitsipas S.,5,390,264,126,49,32,215,94,French Open,Paris,Outdoor,Clay,2023-06-06,1.2,4.5,1
Zverev A.,19,500,346,154,60,31,286,123,Etcheverry T.,34,60,26,34,5,3,21,31,French Open,Paris,Outdoor,Clay,2023-06-07,1.33,3.4,1
Rune H.,6,131,83,48,28,9,55,39,Ruud C.,4,275,176,99,19,16,157,83,French Open,Paris,Outdoor,Clay,2023-06-07,2.1,1.73,0
Alcaraz C.,1,164,130,34,10,5,120,29,Djokovic N.,2,1207,1012,195,146,42,866,153,French Open,Paris,Outdoor,Clay,2023-06-09,1.5,2.63,0
Ruud C.,4,275,176,99,19,16,157,83,Zverev A.,19,500,346,154,60,31,286,123,French Open,Paris,Outdoor,Clay,2023-06-09,1.91,1.91,1
Djokovic N.,2,1207,1012,195,146,42,866,153,Ruud C.,4,275,176,99,19,16,157,83,French Open,Paris,Outdoor,Clay,2023-06-11,1.2,4.8,1
Giron M.,69,150,68,82,20,14,48,68,Lehecka J.,33,61,30,31,4,4,26,27,Stuttgart Open,Stuttgart,Outdoor,Grass,2023-06-12,1.62,2.3,0
Gojo B.,115,14,3,11,0,1,3,10,Musetti L.,18,143,79,64,12,12,67,52,Stuttgart Open,Stuttgart,Outdoor,Grass,2023-06-12,2.2,1.67,0
Berrettini M.,38,217,142,75,14,11,128,64,Sonego L.,43,221,107,114,19,17,88,97,Stuttgart Open,Stuttgart,Outdoor,Grass,2023-06-12,1.57,2.38,0
Eubanks C.,29,64,28,36,1,3,27,33,Gasquet R.,48,948,581,367,133,82,448,285,Stuttgart Open,Stuttgart,Outdoor,Grass,2023-06-12,2.0,1.8,0
Lopez F.,634,863,441,422,71,82,370,340,Watanuki Y.,99,25,11,14,0,0,11,14,Stuttgart Open,Stuttgart,Outdoor,Grass,2023-06-12,3.5,1.3,0
Kecmanovic M.,40,210,107,103,12,16,95,87,Raonic M.,849,540,361,179,64,34,297,145,Rosmalen Grass Court Championships,'s-Hertogenbosch,Outdoor,Grass,2023-06-12,1.5,2.63,0
Brouwer G.,144,21,11,10,3,2,8,8,Hijikata R.,110,16,7,9,0,0,7,9,Rosmalen Grass Court Championships,'s-Hertogenbosch,Outdoor,Grass,2023-06-12,2.1,1.73,0
Kubler J.,77,53,24,29,0,1,24,28,Humbert U.,36,170,80,90,23,21,57,69,Rosmalen Grass Court Championships,'s-Hertogenbosch,Outdoor,Grass,2023-06-12,2.63,1.5,0
Cressy M.,96,96,42,54,10,11,32,43,Huesler M.A.,88,58,21,37,8,8,13,29,Rosmalen Grass Court Championships,'s-Hertogenbosch,Outdoor,Grass,2023-06-12,1.44,2.75,0
Bonzi B.,107,83,37,46,10,13,27,33,Paul T.,14,204,111,93,19,13,92,80,Stuttgart Open,Stuttgart,Outdoor,Grass,2023-06-13,3.2,1.36,0
Fucsovics M.,67,249,121,128,26,24,95,104,Shapovalov D.,29,298,166,132,30,27,136,105,Stuttgart Open,Stuttgart,Outdoor,Grass,2023-06-13,2.0,1.8,1
Wu Y.,90,36,15,21,5,0,10,21,Kyrgios N.,25,303,195,108,11,7,184,101,Stuttgart Open,Stuttgart,Outdoor,Grass,2023-06-13,3.75,1.29,1
Struff J.L.,21,369,170,199,43,42,127,157,Zhang Zh.,53,44,20,24,1,2,19,22,Stuttgart Open,Stuttgart,Outdoor,Grass,2023-06-13,1.4,3.0,1
Barrere G.,59,79,31,48,11,16,20,32,Otte O.,233,78,33,45,6,14,27,31,Stuttgart Open,Stuttgart,Outdoor,Grass,2023-06-13,2.2,1.67,1
O Connell C.,74,65,26,39,0,0,26,39,Altmaier D.,51,79,28,51,1,5,27,46,Stuttgart Open,Stuttgart,Outdoor,Grass,2023-06-13,1.73,2.1,1
Mpetshi G.,233,2,0,2,0,0,0,2,Thompson J.,71,221,96,125,10,10,86,115,Rosmalen Grass Court Championships,'s-Hertogenbosch,Outdoor,Grass,2023-06-13,4.5,1.2,0
Bublik A.,25,219,110,109,39,30,71,79,Goffin D.,123,522,296,226,66,52,230,174,Rosmalen Grass Court Championships,'s-Hertogenbosch,Outdoor,Grass,2023-06-13,1.73,2.1,1
Moutet C.,80,118,50,68,5,11,45,57,Karatsev A.,75,136,66,70,10,22,56,48,Stuttgart Open,Stuttgart,Outdoor,Grass,2023-06-13,2.2,1.67,0
Ruusuvuori E.,55,158,79,79,16,18,63,61,Nakashima B.,70,106,57,49,6,5,51,44,Rosmalen Grass Court Championships,'s-Hertogenbosch,Outdoor,Grass,2023-06-13,2.0,1.8,1
Ymer M.,59,130,58,72,18,23,40,49,Griekspoor T.,37,97,47,50,7,14,40,36,Rosmalen Grass Court Championships,'s-Hertogenbosch,Outdoor,Grass,2023-06-13,2.5,1.53,0
Rinderknech A.,67,96,46,50,16,12,30,38,Popyrin A.,90,140,59,81,9,13,50,68,Rosmalen Grass Court Championships,'s-Hertogenbosch,Outdoor,Grass,2023-06-13,2.2,1.67,0
Mcdonald M.,60,190,87,103,11,15,76,88,Ivashka I.,113,159,78,81,19,18,59,63,Rosmalen Grass Court Championships,'s-Hertogenbosch,Outdoor,Grass,2023-06-13,2.2,1.67,1
Fils A.,71,24,15,9,6,3,9,6,Mannarino A.,27,567,264,303,60,73,204,230,Rosmalen Grass Court Championships,'s-Hertogenbosch,Outdoor,Grass,2023-06-13,2.2,1.67,0
Djere L.,38,243,120,123,10,22,110,101,Berankis R.,212,249,104,145,36,31,68,114,Rosmalen Grass Court Championships,'s-Hertogenbosch,Outdoor,Grass,2023-06-13,2.1,1.73,1
Coric B.,15,343,185,158,28,28,157,130,Mcdonald M.,60,190,87,103,11,15,76,88,Rosmalen Grass Court Championships,'s-Hertogenbosch,Outdoor,Grass,2023-06-14,1.62,2.3,0
Ruusuvuori E.,55,158,79,79,16,18,63,61,Humbert U.,36,170,80,90,23,21,57,69,Rosmalen Grass Court Championships,'s-Hertogenbosch,Outdoor,Grass,2023-06-14,2.1,1.73,1
O Connell C.,74,65,26,39,0,0,26,39,Sonego L.,43,221,107,114,19,17,88,97,Stuttgart Open,Stuttgart,Outdoor,Grass,2023-06-14,3.0,1.4,1
Watanuki Y.,99,25,11,14,0,0,11,14,Hurkacz H.,17,238,137,101,27,24,110,77,Stuttgart Open,Stuttgart,Outdoor,Grass,2023-06-14,4.0,1.25,0
Musetti L.,18,143,79,64,12,12,67,52,Barrere G.,59,79,31,48,11,16,20,32,Stuttgart Open,Stuttgart,Outdoor,Grass,2023-06-14,1.8,2.0,1
Tiafoe F.,10,303,158,145,24,23,134,122,Lehecka J.,33,61,30,31,4,4,26,27,Stuttgart Open,Stuttgart,Outdoor,Grass,2023-06-14,1.44,2.75,1
Sinner J.,8,224,153,71,42,19,111,52,Bublik A.,25,219,110,109,39,30,71,79,Rosmalen Grass Court Championships,'s-Hertogenbosch,Outdoor,Grass,2023-06-14,1.29,3.75,1
Hijikata R.,110,16,7,9,0,0,7,9,Huesler M.A.,88,58,21,37,8,8,13,29,Rosmalen Grass Court Championships,'s-Hertogenbosch,Outdoor,Grass,2023-06-14,2.1,1.73,1
Wu Y.,90,36,15,21,5,0,10,21,Fucsovics M.,67,249,121,128,26,24,95,104,Stuttgart Open,Stuttgart,Outdoor,Grass,2023-06-15,2.5,1.53,0
Paul T.,14,204,111,93,19,13,92,80,Struff J.L.,21,369,170,199,43,42,127,157,Stuttgart Open,Stuttgart,Outdoor,Grass,2023-06-15,1.62,2.3,0
Tsitsipas S.,5,390,264,126,49,32,215,94,Gasquet R.,48,948,581,367,133,82,448,285,Stuttgart Open,Stuttgart,Outdoor,Grass,2023-06-15,1.25,4.0,0
Karatsev A.,75,136,66,70,10,22,56,48,Fritz T.,9,356,205,151,26,22,179,129,Stuttgart Open,Stuttgart,Outdoor,Grass,2023-06-15,4.5,1.2,0
De Minaur A.,19,272,161,111,30,19,131,92,Djere L.,38,243,120,123,10,22,110,101,Rosmalen Grass Court Championships,'s-Hertogenbosch,Outdoor,Grass,2023-06-15,1.25,4.0,1
Griekspoor T.,37,97,47,50,7,14,40,36,Popyrin A.,90,140,59,81,9,13,50,68,Rosmalen Grass Court Championships,'s-Hertogenbosch,Outdoor,Grass,2023-06-15,1.73,2.1,1
Medvedev D.,3,406,289,117,69,27,220,90,Mannarino A.,27,567,264,303,60,73,204,230,Rosmalen Grass Court Championships,'s-Hertogenbosch,Outdoor,Grass,2023-06-15,1.2,4.5,0
Thompson J.,71,221,96,125,10,10,86,115,Raonic M.,849,540,361,179,64,34,297,145,Rosmalen Grass Court Championships,'s-Hertogenbosch,Outdoor,Grass,2023-06-15,2.2,1.67,1
Struff J.L.,21,369,170,199,43,42,127,157,Gasquet R.,48,948,581,367,133,82,448,285,Stuttgart Open,Stuttgart,Outdoor,Grass,2023-06-16,1.44,2.75,1
O Connell C.,74,65,26,39,0,0,26,39,Hurkacz H.,17,238,137,101,27,24,110,77,Stuttgart Open,Stuttgart,Outdoor,Grass,2023-06-16,3.0,1.4,0
Musetti L.,18,143,79,64,12,12,67,52,Tiafoe F.,10,303,158,145,24,23,134,122,Stuttgart Open,Stuttgart,Outdoor,Grass,2023-06-16,2.75,1.44,0
Fucsovics M.,67,249,121,128,26,24,95,104,Fritz T.,9,356,205,151,26,22,179,129,Stuttgart Open,Stuttgart,Outdoor,Grass,2023-06-16,4.0,1.25,1
Thompson J.,71,221,96,125,10,10,86,115,Mannarino A.,27,567,264,303,60,73,204,230,Rosmalen Grass Court Championships,'s-Hertogenbosch,Outdoor,Grass,2023-06-16,2.2,1.67,1
Griekspoor T.,37,97,47,50,7,14,40,36,De Minaur A.,19,272,161,111,30,19,131,92,Rosmalen Grass Court Championships,'s-Hertogenbosch,Outdoor,Grass,2023-06-16,2.3,1.62,1
Sinner J.,8,224,153,71,42,19,111,52,Ruusuvuori E.,55,158,79,79,16,18,63,61,Rosmalen Grass Court Championships,'s-Hertogenbosch,Outdoor,Grass,2023-06-16,1.25,4.0,0
Hijikata R.,110,16,7,9,0,0,7,9,Mcdonald M.,60,190,87,103,11,15,76,88,Rosmalen Grass Court Championships,'s-Hertogenbosch,Outdoor,Grass,2023-06-16,3.0,1.4,1
Tiafoe F.,10,303,158,145,24,23,134,122,Fucsovics M.,67,249,121,128,26,24,95,104,Stuttgart Open,Stuttgart,Outdoor,Grass,2023-06-17,1.57,2.38,1
Thompson J.,71,221,96,125,10,10,86,115,Hijikata R.,110,16,7,9,0,0,7,9,Rosmalen Grass Court Championships,'s-Hertogenbosch,Outdoor,Grass,2023-06-17,1.44,2.75,1
Griekspoor T.,37,97,47,50,7,14,40,36,Ruusuvuori E.,55,158,79,79,16,18,63,61,Rosmalen Grass Court Championships,'s-Hertogenbosch,Outdoor,Grass,2023-06-17,2.3,1.62,1
Struff J.L.,21,369,170,199,43,42,127,157,Hurkacz H.,17,238,137,101,27,24,110,77,Stuttgart Open,Stuttgart,Outdoor,Grass,2023-06-17,2.2,1.67,1
Tiafoe F.,10,303,158,145,24,23,134,122,Struff J.L.,21,369,170,199,43,42,127,157,Stuttgart Open,Stuttgart,Outdoor,Grass,2023-06-18,1.8,2.0,1
Thompson J.,71,221,96,125,10,10,86,115,Griekspoor T.,37,97,47,50,7,14,40,36,Rosmalen Grass Court Championships,'s-Hertogenbosch,Outdoor,Grass,2023-06-18,2.3,1.62,0
Peniston R.,268,13,6,7,0,0,6,7,Humbert U.,36,170,80,90,23,21,57,69,Queen's Club Championships,Queens Club,Outdoor,Grass,2023-06-19,4.5,1.2,1
Norrie C.,13,287,172,115,15,18,157,97,Kecmanovic M.,40,210,107,103,12,16,95,87,Queen's Club Championships,Queens Club,Outdoor,Grass,2023-06-19,1.33,3.4,1
Shelton B.,43,34,13,21,0,0,13,21,Wolf J.J.,45,75,39,36,8,6,31,30,Queen's Club Championships,Queens Club,Outdoor,Grass,2023-06-19,2.1,1.73,1
Evans D.,30,251,124,127,18,16,106,111,Korda S.,26,126,75,51,15,9,60,42,Queen's Club Championships,Queens Club,Outdoor,Grass,2023-06-19,2.0,1.8,0
Mcdonald M.,60,190,87,103,11,15,76,88,Schwartzman D.,95,428,233,195,32,27,201,168,Queen's Club Championships,Queens Club,Outdoor,Grass,2023-06-19,1.25,4.0,0
Musetti L.,18,143,79,64,12,12,67,52,Choinski J.,151,6,1,5,0,0,1,5,Queen's Club Championships,Queens Club,Outdoor,Grass,2023-06-19,1.08,8.0,1
Paul T.,14,204,111,93,19,13,92,80,Cerundolo F.,21,104,58,46,3,7,55,39,Queen's Club Championships,Queens Club,Outdoor,Grass,2023-06-19,1.33,3.4,0
Djere L.,38,243,120,123,10,22,110,101,Otte O.,233,78,33,45,6,14,27,31,Halle Open,Halle,Outdoor,Grass,2023-06-19,2.0,1.8,1
Giron M.,69,150,68,82,20,14,48,68,Medvedev D.,3,406,289,117,69,27,220,90,Halle Open,Halle,Outdoor,Grass,2023-06-19,6.0,1.13,0
Barrere G.,59,79,31,48,11,16,20,32,Tsitsipas S.,5,390,264,126,49,32,215,94,Halle Open,Halle,Outdoor,Grass,2023-06-19,4.5,1.2,0
Jarry N.,28,141,73,68,9,6,64,62,Moutet C.,80,118,50,68,5,11,45,57,Halle Open,Halle,Outdoor,Grass,2023-06-19,1.62,2.3,1
Shapovalov D.,29,298,166,132,30,27,136,105,Harris L.,186,129,59,70,7,8,52,62,Halle Open,Halle,Outdoor,Grass,2023-06-19,1.4,3.0,1
Nakashima B.,70,106,57,49,6,5,51,44,Ymer M.,59,130,58,72,18,23,40,49,Halle Open,Halle,Outdoor,Grass,2023-06-19,1.36,3.2,1
Cressy M.,96,96,42,54,10,11,32,43,Rune H.,6,131,83,48,28,9,55,39,Queen's Club Championships,Queens Club,Outdoor,Grass,2023-06-20,2.63,1.5,0
Davidovich Fokina A.,39,168,84,84,17,20,67,64,Lehecka J.,33,61,30,31,4,4,26,27,Queen's Club Championships,Queens Club,Outdoor,Grass,2023-06-20,1.67,2.2,0
De Minaur A.,19,272,161,111,30,19,131,92,Murray A.,44,932,687,245,132,47,555,198,Queen's Club Championships,Queens Club,Outdoor,Grass,2023-06-20,2.2,1.67,1
Van De Zandschulp B.,44,117,63,54,11,11,52,43,Tiafoe F.,10,303,158,145,24,23,134,122,Queen's Club Championships,Queens Club,Outdoor,Grass,2023-06-20,2.75,1.44,0
Ruusuvuori E.,55,158,79,79,16,18,63,61,Dimitrov G.,20,651,389,262,79,50,310,212,Queen's Club Championships,Queens Club,Outdoor,Grass,2023-06-20,2.2,1.67,0
Broady L.,125,47,18,29,5,3,13,26,Mannarino A.,27,567,264,303,60,73,204,230,Queen's Club Championships,Queens Club,Outdoor,Grass,2023-06-20,3.0,1.4,0
Zapata Miralles B.,54,80,32,48,1,6,31,42,Fritz T.,9,356,205,151,26,22,179,129,Queen's Club Championships,Queens Club,Outdoor,Grass,2023-06-20,10.0,1.06,0
Alcaraz C.,1,164,130,34,10,5,120,29,Rinderknech A.,67,96,46,50,16,12,30,38,Queen's Club Championships,Queens Club,Outdoor,Grass,2023-06-20,1.1,7.0,1
Thompson J.,71,221,96,125,10,10,86,115,Popyrin A.,90,140,59,81,9,13,50,68,Queen's Club Championships,Queens Club,Outdoor,Grass,2023-06-20,1.5,2.63,1
Vavassori A.,128,12,5,7,1,1,4,6,Bautista Agut R.,25,379,234,145,31,29,203,116,Halle Open,Halle,Outdoor,Grass,2023-06-20,4.5,1.2,0
Sonego L.,43,221,107,114,19,17,88,97,Karatsev A.,75,136,66,70,10,22,56,48,Halle Open,Halle,Outdoor,Grass,2023-06-20,1.4,3.0,1
Gasquet R.,48,948,581,367,133,82,448,285,Sinner J.,8,224,153,71,42,19,111,52,Halle Open,Halle,Outdoor,Grass,2023-06-20,4.5,1.2,0
Hanfmann Y.,50,99,50,49,5,4,45,45,Wessels L.,347,3,1,2,0,0,1,2,Halle Open,Halle,Outdoor,Grass,2023-06-20,1.22,4.33,1
Rublev A.,7,392,255,137,57,34,198,103,Wu Y.,90,36,15,21,5,0,10,21,Halle Open,Halle,Outdoor,Grass,2023-06-20,1.3,3.5,1
Carballes Baena R.,64,207,91,116,11,10,80,106,Griekspoor T.,37,97,47,50,7,14,40,36,Halle Open,Halle,Outdoor,Grass,2023-06-20,4.33,1.22,0
Zverev A.,19,500,346,154,60,31,286,123,Thiem D.,116,517,327,190,53,39,274,151,Halle Open,Halle,Outdoor,Grass,2023-06-20,1.13,6.0,1
Bublik A.,25,219,110,109,39,30,71,79,Coric B.,15,343,185,158,28,28,157,130,Halle Open,Halle,Outdoor,Grass,2023-06-20,1.8,2.0,1
Hurkacz H.,17,238,137,101,27,24,110,77,Eubanks C.,29,64,28,36,1,3,27,33,Halle Open,Halle,Outdoor,Grass,2023-06-20,1.3,3.5,1
Struff J.L.,21,369,170,199,43,42,127,157,Safiullin R.,92,42,20,22,7,7,13,15,Halle Open,Halle,Outdoor,Grass,2023-06-21,1.44,2.75,1
Nakashima B.,70,106,57,49,6,5,51,44,Bautista Agut R.,25,379,234,145,31,29,203,116,Halle Open,Halle,Outdoor,Grass,2023-06-21,2.2,1.67,0
Djere L.,38,243,120,123,10,22,110,101,Medvedev D.,3,406,289,117,69,27,220,90,Halle Open,Halle,Outdoor,Grass,2023-06-21,8.0,1.08,0
Tsitsipas S.,5,390,264,126,49,32,215,94,Jarry N.,28,141,73,68,9,6,64,62,Halle Open,Halle,Outdoor,Grass,2023-06-21,1.4,3.0,0
Zverev A.,19,500,346,154,60,31,286,123,Shapovalov D.,29,298,166,132,30,27,136,105,Halle Open,Halle,Outdoor,Grass,2023-06-21,1.4,3.0,1
Musetti L.,18,143,79,64,12,12,67,52,Shelton B.,43,34,13,21,0,0,13,21,Queen's Club Championships,Queens Club,Outdoor,Grass,2023-06-21,1.62,2.3,1
Thompson J.,71,221,96,125,10,10,86,115,Norrie C.,13,287,172,115,15,18,157,97,Queen's Club Championships,Queens Club,Outdoor,Grass,2023-06-21,2.63,1.5,0
Rune H.,6,131,83,48,28,9,55,39,Peniston R.,268,13,6,7,0,0,6,7,Queen's Club Championships,Queens Club,Outdoor,Grass,2023-06-21,1.3,3.5,1
Tiafoe F.,10,303,158,145,24,23,134,122,Korda S.,26,126,75,51,15,9,60,42,Queen's Club Championships,Queens Club,Outdoor,Grass,2023-06-21,1.62,2.3,0
De Minaur A.,19,272,161,111,30,19,131,92,Schwartzman D.,95,428,233,195,32,27,201,168,Queen's Club Championships,Queens Club,Outdoor,Grass,2023-06-22,1.14,5.5,1
Lehecka J.,33,61,30,31,4,4,26,27,Alcaraz C.,1,164,130,34,10,5,120,29,Queen's Club Championships,Queens Club,Outdoor,Grass,2023-06-22,4.5,1.2,0
Mannarino A.,27,567,264,303,60,73,204,230,Fritz T.,9,356,205,151,26,22,179,129,Queen's Club Championships,Queens Club,Outdoor,Grass,2023-06-22,3.75,1.29,1
Dimitrov G.,20,651,389,262,79,50,310,212,Cerundolo F.,21,104,58,46,3,7,55,39,Queen's Club Championships,Queens Club,Outdoor,Grass,2023-06-22,1.36,3.2,1
Bublik A.,25,219,110,109,39,30,71,79,Struff J.L.,21,369,170,199,43,42,127,157,Halle Open,Halle,Outdoor,Grass,2023-06-22,2.38,1.57,1
Hurkacz H.,17,238,137,101,27,24,110,77,Griekspoor T.,37,97,47,50,7,14,40,36,Halle Open,Halle,Outdoor,Grass,2023-06-22,1.53,2.5,0
Rublev A.,7,392,255,137,57,34,198,103,Hanfmann Y.,50,99,50,49,5,4,45,45,Halle Open,Halle,Outdoor,Grass,2023-06-22,1.2,4.5,1
Sonego L.,43,221,107,114,19,17,88,97,Sinner J.,8,224,153,71,42,19,111,52,Halle Open,Halle,Outdoor,Grass,2023-06-22,3.75,1.29,0
Alcaraz C.,1,164,130,34,10,5,120,29,Dimitrov G.,20,651,389,262,79,50,310,212,Queen's Club Championships,Queens Club,Outdoor,Grass,2023-06-23,1.36,3.2,1
Rublev A.,7,392,255,137,57,34,198,103,Griekspoor T.,37,97,47,50,7,14,40,36,Halle Open,Halle,Outdoor,Grass,2023-06-23,1.53,2.5,1
Medvedev D.,3,406,289,117,69,27,220,90,Bautista Agut R.,25,379,234,145,31,29,203,116,Halle Open,Halle,Outdoor,Grass,2023-06-23,1.33,3.4,0
Jarry N.,28,141,73,68,9,6,64,62,Zverev A.,19,500,346,154,60,31,286,123,Halle Open,Halle,Outdoor,Grass,2023-06-23,3.2,1.36,0
Sinner J.,8,224,153,71,42,19,111,52,Bublik A.,25,219,110,109,39,30,71,79,Halle Open,Halle,Outdoor,Grass,2023-06-23,1.33,3.4,0
Norrie C.,13,287,172,115,15,18,157,97,Korda S.,26,126,75,51,15,9,60,42,Queen's Club Championships,Queens Club,Outdoor,Grass,2023-06-23,2.0,1.8,0
Musetti L.,18,143,79,64,12,12,67,52,Rune H.,6,131,83,48,28,9,55,39,Queen's Club Championships,Queens Club,Outdoor,Grass,2023-06-23,2.38,1.57,0
De Minaur A.,19,272,161,111,30,19,131,92,Mannarino A.,27,567,264,303,60,73,204,230,Queen's Club Championships,Queens Club,Outdoor,Grass,2023-06-23,1.5,2.63,1
Rublev A.,7,392,255,137,57,34,198,103,Bautista Agut R.,25,379,234,145,31,29,203,116,Halle Open,Halle,Outdoor,Grass,2023-06-24,1.8,2.0,1
De Minaur A.,19,272,161,111,30,19,131,92,Rune H.,6,131,83,48,28,9,55,39,Queen's Club Championships,Queens Club,Outdoor,Grass,2023-06-24,1.91,1.91,1
Zverev A.,19,500,346,154,60,31,286,123,Bublik A.,25,219,110,109,39,30,71,79,Halle Open,Halle,Outdoor,Grass,2023-06-24,1.44,2.75,0
Korda S.,26,126,75,51,15,9,60,42,Alcaraz C.,1,164,130,34,10,5,120,29,Queen's Club Championships,Queens Club,Outdoor,Grass,2023-06-24,3.4,1.33,0
Giron M.,69,150,68,82,20,14,48,68,Pella G.,199,260,118,142,14,16,104,126,Mallorca Championships,Mallorca,Outdoor,Grass,2023-06-25,1.17,5.0,0
Moutet C.,80,118,50,68,5,11,45,57,O Connell C.,74,65,26,39,0,0,26,39,Mallorca Championships,Mallorca,Outdoor,Grass,2023-06-25,2.75,1.44,1
Rublev A.,7,392,255,137,57,34,198,103,Bublik A.,25,219,110,109,39,30,71,79,Halle Open,Halle,Outdoor,Grass,2023-06-25,1.67,2.2,0
De Minaur A.,19,272,161,111,30,19,131,92,Alcaraz C.,1,164,130,34,10,5,120,29,Queen's Club Championships,Queens Club,Outdoor,Grass,2023-06-25,3.75,1.29,0
Barrere G.,59,79,31,48,11,16,20,32,Ruusuvuori E.,55,158,79,79,16,18,63,61,Eastbourne International,Eastbourne,Outdoor,Grass,2023-06-26,3.0,1.4,1
Kotov P.,89,25,10,15,1,4,9,11,Tu L.,252,5,1,4,0,0,1,4,Mallorca Championships,Mallorca,Outdoor,Grass,2023-06-26,1.67,2.2,1
Safiullin R.,92,42,20,22,7,7,13,15,Shelbayh A.,240,6,1,5,0,0,1,5,Mallorca Championships,Mallorca,Outdoor,Grass,2023-06-26,1.4,3.0,1
Carballes Baena R.,64,207,91,116,11,10,80,106,Ivashka I.,113,159,78,81,19,18,59,63,Mallorca Championships,Mallorca,Outdoor,Grass,2023-06-26,4.0,1.25,1
Eubanks C.,29,64,28,36,1,3,27,33,Michelsen A.,140,7,4,3,0,0,4,3,Mallorca Championships,Mallorca,Outdoor,Grass,2023-06-26,1.5,2.63,1
Zapata Miralles B.,54,80,32,48,1,6,31,42,Harris L.,186,129,59,70,7,8,52,62,Mallorca Championships,Mallorca,Outdoor,Grass,2023-06-26,2.63,1.5,0
Cachin P.,54,52,23,29,1,3,22,26,Hanfmann Y.,50,99,50,49,5,4,45,45,Mallorca Championships,Mallorca,Outdoor,Grass,2023-06-26,2.75,1.44,0
Gasquet R.,48,948,581,367,133,82,448,285,Thompson J.,71,221,96,125,10,10,86,115,Mallorca Championships,Mallorca,Outdoor,Grass,2023-06-26,2.5,1.53,0
Borges N.,69,28,10,18,1,1,9,17,Baez S.,72,95,47,48,6,6,41,42,Eastbourne International,Eastbourne,Outdoor,Grass,2023-06-26,1.5,2.63,0
Peniston R.,268,13,6,7,0,0,6,7,Huesler M.A.,88,58,21,37,8,8,13,29,Eastbourne International,Eastbourne,Outdoor,Grass,2023-06-26,2.0,1.8,0
Vukic A.,62,36,15,21,2,1,13,20,Nakashima B.,70,106,57,49,6,5,51,44,Eastbourne International,Eastbourne,Outdoor,Grass,2023-06-26,3.2,1.36,1
Van Assche L.,68,20,7,13,0,3,7,10,Loffhagen G.,371,2,0,2,0,0,0,2,Eastbourne International,Eastbourne,Outdoor,Grass,2023-06-26,1.44,2.75,1
Wu Y.,90,36,15,21,5,0,10,21,Kecmanovic M.,40,210,107,103,12,16,95,87,Eastbourne International,Eastbourne,Outdoor,Grass,2023-06-26,1.73,2.1,0
Etcheverry T.,34,60,26,34,5,3,21,31,Wolf J.J.,45,75,39,36,8,6,31,30,Eastbourne International,Eastbourne,Outdoor,Grass,2023-06-26,2.2,1.67,0
Rinderknech A.,67,96,46,50,16,12,30,38,Ramos-Vinolas A.,82,437,204,233,17,31,187,202,Mallorca Championships,Mallorca,Outdoor,Grass,2023-06-27,1.25,4.0,1
Kubler J.,77,53,24,29,0,1,24,28,Lestienne C.,109,40,13,27,6,9,7,18,Mallorca Championships,Mallorca,Outdoor,Grass,2023-06-27,1.36,3.2,0
Carballes Baena R.,64,207,91,116,11,10,80,106,Moutet C.,80,118,50,68,5,11,45,57,Mallorca Championships,Mallorca,Outdoor,Grass,2023-06-27,3.0,1.4,0
Davidovich Fokina A.,39,168,84,84,17,20,67,64,Kotov P.,89,25,10,15,1,4,9,11,Mallorca Championships,Mallorca,Outdoor,Grass,2023-06-27,1.29,3.75,0
Safiullin R.,92,42,20,22,7,7,13,15,Harris L.,186,129,59,70,7,8,52,62,Mallorca Championships,Mallorca,Outdoor,Grass,2023-06-27,1.8,2.0,0
Mannarino A.,27,567,264,303,60,73,204,230,Pella G.,199,260,118,142,14,16,104,126,Mallorca Championships,Mallorca,Outdoor,Grass,2023-06-27,1.25,4.0,1
Purcell M.,78,28,9,19,0,0,9,19,Lopez F.,634,863,441,422,71,82,370,340,Mallorca Championships,Mallorca,Outdoor,Grass,2023-06-27,1.53,2.5,0
Mcdonald M.,60,190,87,103,11,15,76,88,Cecchinato M.,108,204,79,125,2,14,77,111,Eastbourne International,Eastbourne,Outdoor,Grass,2023-06-27,1.14,5.5,1
Broady L.,125,47,18,29,5,3,13,26,Choinski J.,151,6,1,5,0,0,1,5,Eastbourne International,Eastbourne,Outdoor,Grass,2023-06-27,1.36,3.2,1
Van De Zandschulp B.,44,117,63,54,11,11,52,43,Ymer M.,59,130,58,72,18,23,40,49,Eastbourne International,Eastbourne,Outdoor,Grass,2023-06-27,1.67,2.2,0
Galan D.E.,76,78,33,45,3,5,30,40,Cressy M.,96,96,42,54,10,11,32,43,Eastbourne International,Eastbourne,Outdoor,Grass,2023-06-27,3.0,1.4,0
Sonego L.,43,221,107,114,19,17,88,97,Zhang Zh.,53,44,20,24,1,2,19,22,Eastbourne International,Eastbourne,Outdoor,Grass,2023-06-27,1.2,4.5,0
Eubanks C.,29,64,28,36,1,3,27,33,Shelton B.,43,34,13,21,0,0,13,21,Mallorca Championships,Mallorca,Outdoor,Grass,2023-06-28,2.2,1.67,1
Lopez F.,634,863,441,422,71,82,370,340,Thompson J.,71,221,96,125,10,10,86,115,Mallorca Championships,Mallorca,Outdoor,Grass,2023-06-28,5.0,1.17,1
Vukic A.,62,36,15,21,2,1,13,20,Kecmanovic M.,40,210,107,103,12,16,95,87,Eastbourne International,Eastbourne,Outdoor,Grass,2023-06-28,2.38,1.57,0
Jarry N.,28,141,73,68,9,6,64,62,Barrere G.,59,79,31,48,11,16,20,32,Eastbourne International,Eastbourne,Outdoor,Grass,2023-06-28,1.53,2.5,0
Fritz T.,9,356,205,151,26,22,179,129,Mcdonald M.,60,190,87,103,11,15,76,88,Eastbourne International,Eastbourne,Outdoor,Grass,2023-06-28,1.3,3.5,0
Broady L.,125,47,18,29,5,3,13,26,Ymer M.,59,130,58,72,18,23,40,49,Eastbourne International,Eastbourne,Outdoor,Grass,2023-06-28,2.5,1.53,0
Van Assche L.,68,20,7,13,0,3,7,10,Wolf J.J.,45,75,39,36,8,6,31,30,Eastbourne International,Eastbourne,Outdoor,Grass,2023-06-28,3.2,1.36,0
Cressy M.,96,96,42,54,10,11,32,43,Zhang Zh.,53,44,20,24,1,2,19,22,Eastbourne International,Eastbourne,Outdoor,Grass,2023-06-28,1.5,2.63,0
Cerundolo F.,21,104,58,46,3,7,55,39,Huesler M.A.,88,58,21,37,8,8,13,29,Eastbourne International,Eastbourne,Outdoor,Grass,2023-06-28,1.8,2.0,1
Paul T.,14,204,111,93,19,13,92,80,Baez S.,72,95,47,48,6,6,41,42,Eastbourne International,Eastbourne,Outdoor,Grass,2023-06-28,1.2,4.5,1
Lestienne C.,109,40,13,27,6,9,7,18,Rinderknech A.,67,96,46,50,16,12,30,38,Mallorca Championships,Mallorca,Outdoor,Grass,2023-06-28,2.63,1.5,0
Hanfmann Y.,50,99,50,49,5,4,45,45,Tsitsipas S.,5,390,264,126,49,32,215,94,Mallorca Championships,Mallorca,Outdoor,Grass,2023-06-28,3.5,1.3,1
Harris L.,186,129,59,70,7,8,52,62,Kotov P.,89,25,10,15,1,4,9,11,Mallorca Championships,Mallorca,Outdoor,Grass,2023-06-29,1.36,3.2,1
Rinderknech A.,67,96,46,50,16,12,30,38,Eubanks C.,29,64,28,36,1,3,27,33,Mallorca Championships,Mallorca,Outdoor,Grass,2023-06-29,1.73,2.1,0
Lopez F.,634,863,441,422,71,82,370,340,Hanfmann Y.,50,99,50,49,5,4,45,45,Mallorca Championships,Mallorca,Outdoor,Grass,2023-06-29,2.75,1.44,0
Mannarino A.,27,567,264,303,60,73,204,230,Moutet C.,80,118,50,68,5,11,45,57,Mallorca Championships,Mallorca,Outdoor,Grass,2023-06-29,1.44,2.75,1
Wolf J.J.,45,75,39,36,8,6,31,30,Paul T.,14,204,111,93,19,13,92,80,Eastbourne International,Eastbourne,Outdoor,Grass,2023-06-29,2.63,1.5,0
Barrere G.,59,79,31,48,11,16,20,32,Kecmanovic M.,40,210,107,103,12,16,95,87,Eastbourne International,Eastbourne,Outdoor,Grass,2023-06-29,1.91,1.91,1
Zhang Zh.,53,44,20,24,1,2,19,22,Cerundolo F.,21,104,58,46,3,7,55,39,Eastbourne International,Eastbourne,Outdoor,Grass,2023-06-29,2.1,1.73,0
Mcdonald M.,60,190,87,103,11,15,76,88,Ymer M.,59,130,58,72,18,23,40,49,Eastbourne International,Eastbourne,Outdoor,Grass,2023-06-29,1.67,2.2,1
Harris L.,186,129,59,70,7,8,52,62,Eubanks C.,29,64,28,36,1,3,27,33,Mallorca Championships,Mallorca,Outdoor,Grass,2023-06-30,1.73,2.1,0
Hanfmann Y.,50,99,50,49,5,4,45,45,Mannarino A.,27,567,264,303,60,73,204,230,Mallorca Championships,Mallorca,Outdoor,Grass,2023-06-30,1.91,1.91,0
Cerundolo F.,21,104,58,46,3,7,55,39,Paul T.,14,204,111,93,19,13,92,80,Eastbourne International,Eastbourne,Outdoor,Grass,2023-07-01,2.2,1.67,1
Paul T.,14,204,111,93,19,13,92,80,Barrere G.,59,79,31,48,11,16,20,32,Eastbourne International,Eastbourne,Outdoor,Grass,2023-07-01,1.44,2.75,1
Eubanks C.,29,64,28,36,1,3,27,33,Mannarino A.,27,567,264,303,60,73,204,230,Mallorca Championships,Mallorca,Outdoor,Grass,2023-07-01,2.63,1.5,1
Mcdonald M.,60,190,87,103,11,15,76,88,Cerundolo F.,21,104,58,46,3,7,55,39,Eastbourne International,Eastbourne,Outdoor,Grass,2023-07-01,2.2,1.67,0
Sinner J.,8,224,153,71,42,19,111,52,Cerundolo J.M.,106,29,12,17,2,3,10,14,Wimbledon,London,Outdoor,Grass,2023-07-03,1.02,19.0,1
Ruud C.,4,275,176,99,19,16,157,83,Lokoli L.,199,8,0,8,0,3,0,5,Wimbledon,London,Outdoor,Grass,2023-07-03,1.17,5.0,1
Lajovic D.,66,378,163,215,21,36,142,179,Choinski J.,151,6,1,5,0,0,1,5,Wimbledon,London,Outdoor,Grass,2023-07-03,1.5,2.63,0
Ymer M.,59,130,58,72,18,23,40,49,Molcan A.,120,86,45,41,1,6,44,35,Wimbledon,London,Outdoor,Grass,2023-07-03,1.44,2.75,1
Koepfer D.,84,86,38,48,3,3,35,45,Otte O.,233,78,33,45,6,14,27,31,Wimbledon,London,Outdoor,Grass,2023-07-03,2.3,1.62,0
Wawrinka S.,72,854,535,319,84,69,451,250,Ruusuvuori E.,55,158,79,79,16,18,63,61,Wimbledon,London,Outdoor,Grass,2023-07-03,3.0,1.4,1
Vukic A.,62,36,15,21,2,1,13,20,Altmaier D.,51,79,28,51,1,5,27,46,Wimbledon,London,Outdoor,Grass,2023-07-03,1.44,2.75,1
Kecmanovic M.,40,210,107,103,12,16,95,87,Schwartzman D.,95,428,233,195,32,27,201,168,Wimbledon,London,Outdoor,Grass,2023-07-03,1.44,2.75,0
Munar J.,104,178,75,103,7,12,68,91,Isner J.,114,755,465,290,53,45,412,245,Wimbledon,London,Outdoor,Grass,2023-07-03,3.2,1.36,1
Galan D.E.,76,78,33,45,3,5,30,40,Nishioka Y.,31,215,99,116,15,15,84,101,Wimbledon,London,Outdoor,Grass,2023-07-03,2.1,1.73,1
Mcdonald M.,60,190,87,103,11,15,76,88,Bublik A.,25,219,110,109,39,30,71,79,Wimbledon,London,Outdoor,Grass,2023-07-03,2.75,1.44,0
Wolf J.J.,45,75,39,36,8,6,31,30,Couacaud E.,158,9,2,7,0,1,2,6,Wimbledon,London,Outdoor,Grass,2023-07-03,1.22,4.33,1
Gojo B.,115,14,3,11,0,1,3,10,Marterer M.,144,91,31,60,2,8,29,52,Wimbledon,London,Outdoor,Grass,2023-07-03,1.8,2.0,0
Goffin D.,123,522,296,226,66,52,230,174,Marozsan F.,87,7,4,3,0,0,4,3,Wimbledon,London,Outdoor,Grass,2023-07-03,1.44,2.75,1
Gasquet R.,48,948,581,367,133,82,448,285,Moutet C.,80,118,50,68,5,11,45,57,Wimbledon,London,Outdoor,Grass,2023-07-03,1.57,2.38,0
Auger-Aliassime F.,12,268,163,105,48,22,115,83,Mmoh M.,112,55,20,35,0,3,20,32,Wimbledon,London,Outdoor,Grass,2023-07-03,1.11,6.5,0
Cachin P.,54,52,23,29,1,3,22,26,Djokovic N.,2,1207,1012,195,146,42,866,153,Wimbledon,London,Outdoor,Grass,2023-07-03,34.0,1.01,0
Hurkacz H.,17,238,137,101,27,24,110,77,Ramos-Vinolas A.,82,437,204,233,17,31,187,202,Wimbledon,London,Outdoor,Grass,2023-07-03,1.06,10.0,1
Purcell M.,78,28,9,19,0,0,9,19,Rublev A.,7,392,255,137,57,34,198,103,Wimbledon,London,Outdoor,Grass,2023-07-03,10.0,1.06,0
Nakashima B.,70,106,57,49,6,5,51,44,Thompson J.,71,221,96,125,10,10,86,115,Wimbledon,London,Outdoor,Grass,2023-07-03,1.91,1.91,0
Van Assche L.,68,20,7,13,0,3,7,10,Karatsev A.,75,136,66,70,10,22,56,48,Wimbledon,London,Outdoor,Grass,2023-07-03,2.1,1.73,0
Varillas J.P.,77,22,10,12,1,3,9,9,Musetti L.,18,143,79,64,12,12,67,52,Wimbledon,London,Outdoor,Grass,2023-07-03,10.0,1.06,0
Barrios M.,121,10,3,7,0,0,3,7,Baez S.,72,95,47,48,6,6,41,42,Wimbledon,London,Outdoor,Grass,2023-07-03,2.1,1.73,1
Broady L.,125,47,18,29,5,3,13,26,Lestienne C.,109,40,13,27,6,9,7,18,Wimbledon,London,Outdoor,Grass,2023-07-03,1.5,2.63,1
Etcheverry T.,34,60,26,34,5,3,21,31,Zapata Miralles B.,54,80,32,48,1,6,31,42,Wimbledon,London,Outdoor,Grass,2023-07-04,1.44,2.75,1
Machac T.,108,18,6,12,1,1,5,11,Norrie C.,13,287,172,115,15,18,157,97,Wimbledon,London,Outdoor,Grass,2023-07-04,4.33,1.22,0
Halys Q.,79,72,23,49,3,10,20,39,Evans D.,30,251,124,127,18,16,106,111,Wimbledon,London,Outdoor,Grass,2023-07-04,2.0,1.8,1
Chardy J.,542,591,289,302,44,48,245,254,Alcaraz C.,1,164,130,34,10,5,120,29,Wimbledon,London,Outdoor,Grass,2023-07-04,29.0,1.01,0
Murray A.,44,932,687,245,132,47,555,198,Peniston R.,268,13,6,7,0,0,6,7,Wimbledon,London,Outdoor,Grass,2023-07-04,1.1,7.0,1
Thiem D.,116,517,327,190,53,39,274,151,Tsitsipas S.,5,390,264,126,49,32,215,94,Wimbledon,London,Outdoor,Grass,2023-07-05,5.0,1.17,0
Sinner J.,8,224,153,71,42,19,111,52,Schwartzman D.,95,428,233,195,32,27,201,168,Wimbledon,London,Outdoor,Grass,2023-07-05,1.05,11.0,1
Djokovic N.,2,1207,1012,195,146,42,866,153,Thompson J.,71,221,96,125,10,10,86,115,Wimbledon,London,Outdoor,Grass,2023-07-05,1.03,15.0,1
Fucsovics M.,67,249,121,128,26,24,95,104,Griekspoor T.,37,97,47,50,7,14,40,36,Wimbledon,London,Outdoor,Grass,2023-07-05,2.0,1.8,1
Djere L.,38,243,120,123,10,22,110,101,Cressy M.,96,96,42,54,10,11,32,43,Wimbledon,London,Outdoor,Grass,2023-07-05,2.2,1.67,1
Mannarino A.,27,567,264,303,60,73,204,230,Shevchenko A.,93,20,8,12,0,2,8,10,Wimbledon,London,Outdoor,Grass,2023-07-05,1.2,4.5,1
Daniel T.,111,178,67,111,3,10,64,101,Shelton B.,43,34,13,21,0,0,13,21,Wimbledon,London,Outdoor,Grass,2023-07-05,3.2,1.36,0
Ivashka I.,113,159,78,81,19,18,59,63,Coria F.,108,99,43,56,2,6,41,50,Wimbledon,London,Outdoor,Grass,2023-07-05,1.08,8.0,1
Giron M.,69,150,68,82,20,14,48,68,Dellien H.,164,70,22,48,5,5,17,43,Wimbledon,London,Outdoor,Grass,2023-07-05,1.03,15.0,1
Eubanks C.,29,64,28,36,1,3,27,33,Monteiro T.,121,171,69,102,9,11,60,91,Wimbledon,London,Outdoor,Grass,2023-07-05,1.25,4.0,1
Vesely J.,528,288,130,158,6,19,124,139,Korda S.,26,126,75,51,15,9,60,42,Wimbledon,London,Outdoor,Grass,2023-07-05,7.0,1.1,1
Loffhagen G.,371,2,0,2,0,0,0,2,Rune H.,6,131,83,48,28,9,55,39,Wimbledon,London,Outdoor,Grass,2023-07-05,11.0,1.05,0
Shapovalov D.,29,298,166,132,30,27,136,105,Albot R.,97,215,86,129,26,26,60,103,Wimbledon,London,Outdoor,Grass,2023-07-05,1.2,4.5,1
Bautista Agut R.,25,379,234,145,31,29,203,116,Safiullin R.,92,42,20,22,7,7,13,15,Wimbledon,London,Outdoor,Grass,2023-07-05,1.3,3.5,0
Mochizuki S.,200,8,0,8,0,1,0,7,Paul T.,14,204,111,93,19,13,92,80,Wimbledon,London,Outdoor,Grass,2023-07-05,6.5,1.11,0
Cerundolo F.,21,104,58,46,3,7,55,39,Borges N.,69,28,10,18,1,1,9,17,Wimbledon,London,Outdoor,Grass,2023-07-05,1.22,4.33,1
Popyrin A.,90,140,59,81,9,13,50,68,Stricker D.,106,20,10,10,2,2,8,8,Wimbledon,London,Outdoor,Grass,2023-07-05,2.3,1.62,0
Novak D.,166,58,15,43,6,16,9,27,Raonic M.,849,540,361,179,64,34,297,145,Wimbledon,London,Outdoor,Grass,2023-07-05,1.91,1.91,0
Lehecka J.,33,61,30,31,4,4,26,27,Ofner S.,61,34,16,18,1,2,15,16,Wimbledon,London,Outdoor,Grass,2023-07-05,1.57,2.38,1
Shimabukuro S.,161,4,1,3,0,0,1,3,Dimitrov G.,20,651,389,262,79,50,310,212,Wimbledon,London,Outdoor,Grass,2023-07-05,11.0,1.05,0
Wu Y.,90,36,15,21,5,0,10,21,Tiafoe F.,10,303,158,145,24,23,134,122,Wimbledon,London,Outdoor,Grass,2023-07-05,5.5,1.14,0
Medvedev D.,3,406,289,117,69,27,220,90,Fery A.,391,1,0,1,0,0,0,1,Wimbledon,London,Outdoor,Grass,2023-07-05,1.01,29.0,1
Pella G.,199,260,118,142,14,16,104,126,Coric B.,15,343,185,158,28,28,157,130,Wimbledon,London,Outdoor,Grass,2023-07-05,3.2,1.36,1
Muller A.,81,22,9,13,0,1,9,12,Rinderknech A.,67,96,46,50,16,12,30,38,Wimbledon,London,Outdoor,Grass,2023-07-05,4.33,1.22,1
Hanfmann Y.,50,99,50,49,5,4,45,45,Fritz T.,9,356,205,151,26,22,179,129,Wimbledon,London,Outdoor,Grass,2023-07-05,4.33,1.22,0
Bonzi B.,107,83,37,46,10,13,27,33,Mayot H.,181,4,1,3,0,1,1,2,Wimbledon,London,Outdoor,Grass,2023-07-05,2.3,1.62,0
Harris L.,186,129,59,70,7,8,52,62,Barrere G.,59,79,31,48,11,16,20,32,Wimbledon,London,Outdoor,Grass,2023-07-05,1.73,2.1,0
Moutet C.,80,118,50,68,5,11,45,57,Safiullin R.,92,42,20,22,7,7,13,15,Wimbledon,London,Outdoor,Grass,2023-07-06,2.2,1.67,0
Rublev A.,7,392,255,137,57,34,198,103,Karatsev A.,75,136,66,70,10,22,56,48,Wimbledon,London,Outdoor,Grass,2023-07-06,1.2,4.5,1
Broady L.,125,47,18,29,5,3,13,26,Ruud C.,4,275,176,99,19,16,157,83,Wimbledon,London,Outdoor,Grass,2023-07-06,4.5,1.2,1
Galan D.E.,76,78,33,45,3,5,30,40,Otte O.,233,78,33,45,6,14,27,31,Wimbledon,London,Outdoor,Grass,2023-07-06,2.75,1.44,1
Raonic M.,849,540,361,179,64,34,297,145,Paul T.,14,204,111,93,19,13,92,80,Wimbledon,London,Outdoor,Grass,2023-07-06,2.75,1.44,0
Stricker D.,106,20,10,10,2,2,8,8,Tiafoe F.,10,303,158,145,24,23,134,122,Wimbledon,London,Outdoor,Grass,2023-07-06,4.5,1.2,0
Cerundolo F.,21,104,58,46,3,7,55,39,Lehecka J.,33,61,30,31,4,4,26,27,Wimbledon,London,Outdoor,Grass,2023-07-06,1.8,2.0,0
Pella G.,199,260,118,142,14,16,104,126,Mayot H.,181,4,1,3,0,1,1,2,Wimbledon,London,Outdoor,Grass,2023-07-06,2.2,1.67,1
Fritz T.,9,356,205,151,26,22,179,129,Ymer M.,59,130,58,72,18,23,40,49,Wimbledon,London,Outdoor,Grass,2023-07-06,1.2,4.5,0
Shapovalov D.,29,298,166,132,30,27,136,105,Barrere G.,59,79,31,48,11,16,20,32,Wimbledon,London,Outdoor,Grass,2023-07-06,1.57,2.38,1
Djere L.,38,243,120,123,10,22,110,101,Shelton B.,43,34,13,21,0,0,13,21,Wimbledon,London,Outdoor,Grass,2023-07-06,2.5,1.53,1
Ivashka I.,113,159,78,81,19,18,59,63,Dimitrov G.,20,651,389,262,79,50,310,212,Wimbledon,London,Outdoor,Grass,2023-07-06,5.0,1.17,0
Goffin D.,123,522,296,226,66,52,230,174,Barrios M.,121,10,3,7,0,0,3,7,Wimbledon,London,Outdoor,Grass,2023-07-06,1.36,3.2,1
Bublik A.,25,219,110,109,39,30,71,79,Wolf J.J.,45,75,39,36,8,6,31,30,Wimbledon,London,Outdoor,Grass,2023-07-06,1.44,2.75,1
Munar J.,104,178,75,103,7,12,68,91,Musetti L.,18,143,79,64,12,12,67,52,Wimbledon,London,Outdoor,Grass,2023-07-06,5.5,1.14,0
Choinski J.,151,6,1,5,0,0,1,5,Hurkacz H.,17,238,137,101,27,24,110,77,Wimbledon,London,Outdoor,Grass,2023-07-06,9.0,1.07,0
Davidovich Fokina A.,39,168,84,84,17,20,67,64,Fils A.,71,24,15,9,6,3,9,6,Wimbledon,London,Outdoor,Grass,2023-07-06,1.67,2.2,1
Zhang Zh.,53,44,20,24,1,2,19,22,Van De Zandschulp B.,44,117,63,54,11,11,52,43,Wimbledon,London,Outdoor,Grass,2023-07-06,2.2,1.67,0
Marterer M.,144,91,31,60,2,8,29,52,Mmoh M.,112,55,20,35,0,3,20,32,Wimbledon,London,Outdoor,Grass,2023-07-06,1.8,2.0,1
Huesler M.A.,88,58,21,37,8,8,13,29,Watanuki Y.,99,25,11,14,0,0,11,14,Wimbledon,London,Outdoor,Grass,2023-07-06,2.0,1.8,0
Zverev A.,19,500,346,154,60,31,286,123,Brouwer G.,144,21,11,10,3,2,8,8,Wimbledon,London,Outdoor,Grass,2023-07-06,1.07,9.0,1
O Connell C.,74,65,26,39,0,0,26,39,Medjedovic H.,147,11,3,8,0,1,3,7,Wimbledon,London,Outdoor,Grass,2023-07-06,1.62,2.3,1
Carballes Baena R.,64,207,91,116,11,10,80,106,Arnaldi M.,76,18,9,9,0,0,9,9,Wimbledon,London,Outdoor,Grass,2023-07-06,2.75,1.44,1
Humbert U.,36,170,80,90,23,21,57,69,Kubler J.,77,53,24,29,0,1,24,28,Wimbledon,London,Outdoor,Grass,2023-07-06,1.62,2.3,0
Cecchinato M.,108,204,79,125,2,14,77,111,Jarry N.,28,141,73,68,9,6,64,62,Wimbledon,London,Outdoor,Grass,2023-07-06,11.0,1.05,0
Berrettini M.,38,217,142,75,14,11,128,64,Sonego L.,43,221,107,114,19,17,88,97,Wimbledon,London,Outdoor,Grass,2023-07-06,2.5,1.53,1
Wawrinka S.,72,854,535,319,84,69,451,250,Etcheverry T.,34,60,26,34,5,3,21,31,Wimbledon,London,Outdoor,Grass,2023-07-06,1.5,2.63,1
Halys Q.,79,72,23,49,3,10,20,39,Vukic A.,62,36,15,21,2,1,13,20,Wimbledon,London,Outdoor,Grass,2023-07-06,1.67,2.2,1
Coppejans K.,188,11,0,11,0,3,0,8,De Minaur A.,19,272,161,111,30,19,131,92,Wimbledon,London,Outdoor,Grass,2023-07-06,17.0,1.03,0
Tsitsipas S.,5,390,264,126,49,32,215,94,Murray A.,44,932,687,245,132,47,555,198,Wimbledon,London,Outdoor,Grass,2023-07-07,2.1,1.73,1
Rublev A.,7,392,255,137,57,34,198,103,Goffin D.,123,522,296,226,66,52,230,174,Wimbledon,London,Outdoor,Grass,2023-07-07,1.2,4.5,1
Pella G.,199,260,118,142,14,16,104,126,Safiullin R.,92,42,20,22,7,7,13,15,Wimbledon,London,Outdoor,Grass,2023-07-07,2.75,1.44,0
Broady L.,125,47,18,29,5,3,13,26,Shapovalov D.,29,298,166,132,30,27,136,105,Wimbledon,London,Outdoor,Grass,2023-07-07,3.75,1.29,0
Ymer M.,59,130,58,72,18,23,40,49,Galan D.E.,76,78,33,45,3,5,30,40,Wimbledon,London,Outdoor,Grass,2023-07-07,1.4,3.0,0
Marterer M.,144,91,31,60,2,8,29,52,Bublik A.,25,219,110,109,39,30,71,79,Wimbledon,London,Outdoor,Grass,2023-07-07,5.5,1.14,0
Djokovic N.,2,1207,1012,195,146,42,866,153,Wawrinka S.,72,854,535,319,84,69,451,250,Wimbledon,London,Outdoor,Grass,2023-07-07,1.04,15.0,1
Hurkacz H.,17,238,137,101,27,24,110,77,Musetti L.,18,143,79,64,12,12,67,52,Wimbledon,London,Outdoor,Grass,2023-07-07,1.62,2.3,1
Eubanks C.,29,64,28,36,1,3,27,33,Norrie C.,13,287,172,115,15,18,157,97,Wimbledon,London,Outdoor,Grass,2023-07-07,3.5,1.3,1
Halys Q.,79,72,23,49,3,10,20,39,Sinner J.,8,224,153,71,42,19,111,52,Wimbledon,London,Outdoor,Grass,2023-07-07,5.5,1.14,0
Alcaraz C.,1,164,130,34,10,5,120,29,Muller A.,81,22,9,13,0,1,9,12,Wimbledon,London,Outdoor,Grass,2023-07-07,1.02,21.0,1
Zverev A.,19,500,346,154,60,31,286,123,Watanuki Y.,99,25,11,14,0,0,11,14,Wimbledon,London,Outdoor,Grass,2023-07-07,1.13,6.0,1
Davidovich Fokina A.,39,168,84,84,17,20,67,64,Van De Zandschulp B.,44,117,63,54,11,11,52,43,Wimbledon,London,Outdoor,Grass,2023-07-07,1.53,2.5,1
Medvedev D.,3,406,289,117,69,27,220,90,Mannarino A.,27,567,264,303,60,73,204,230,Wimbledon,London,Outdoor,Grass,2023-07-07,1.22,4.33,1
Fucsovics M.,67,249,121,128,26,24,95,104,Giron M.,69,150,68,82,20,14,48,68,Wimbledon,London,Outdoor,Grass,2023-07-07,1.36,3.2,1
De Minaur A.,19,272,161,111,30,19,131,92,Berrettini M.,38,217,142,75,14,11,128,64,Wimbledon,London,Outdoor,Grass,2023-07-07,1.57,2.38,0
Vesely J.,528,288,130,158,6,19,124,139,O Connell C.,74,65,26,39,0,0,26,39,Wimbledon,London,Outdoor,Grass,2023-07-07,1.91,1.91,0
Rune H.,6,131,83,48,28,9,55,39,Carballes Baena R.,64,207,91,116,11,10,80,106,Wimbledon,London,Outdoor,Grass,2023-07-07,1.06,10.0,1
Jarry N.,28,141,73,68,9,6,64,62,Kubler J.,77,53,24,29,0,1,24,28,Wimbledon,London,Outdoor,Grass,2023-07-07,1.57,2.38,1
Zverev A.,19,500,346,154,60,31,286,123,Berrettini M.,38,217,142,75,14,11,128,64,Wimbledon,London,Outdoor,Grass,2023-07-08,1.8,2.0,0
Djere L.,38,243,120,123,10,22,110,101,Tsitsipas S.,5,390,264,126,49,32,215,94,Wimbledon,London,Outdoor,Grass,2023-07-08,4.5,1.2,0
Alcaraz C.,1,164,130,34,10,5,120,29,Jarry N.,28,141,73,68,9,6,64,62,Wimbledon,London,Outdoor,Grass,2023-07-08,1.08,8.0,1
Rune H.,6,131,83,48,28,9,55,39,Davidovich Fokina A.,39,168,84,84,17,20,67,64,Wimbledon,London,Outdoor,Grass,2023-07-08,1.4,3.0,1
O Connell C.,74,65,26,39,0,0,26,39,Eubanks C.,29,64,28,36,1,3,27,33,Wimbledon,London,Outdoor,Grass,2023-07-08,2.5,1.53,0
Lehecka J.,33,61,30,31,4,4,26,27,Paul T.,14,204,111,93,19,13,92,80,Wimbledon,London,Outdoor,Grass,2023-07-08,2.0,1.8,1
Medvedev D.,3,406,289,117,69,27,220,90,Fucsovics M.,67,249,121,128,26,24,95,104,Wimbledon,London,Outdoor,Grass,2023-07-08,1.22,4.33,1
Tiafoe F.,10,303,158,145,24,23,134,122,Dimitrov G.,20,651,389,262,79,50,310,212,Wimbledon,London,Outdoor,Grass,2023-07-09,1.8,2.0,0
Rublev A.,7,392,255,137,57,34,198,103,Bublik A.,25,219,110,109,39,30,71,79,Wimbledon,London,Outdoor,Grass,2023-07-09,1.8,2.0,1
Shapovalov D.,29,298,166,132,30,27,136,105,Safiullin R.,92,42,20,22,7,7,13,15,Wimbledon,London,Outdoor,Grass,2023-07-09,1.57,2.38,0
Sinner J.,8,224,153,71,42,19,111,52,Galan D.E.,76,78,33,45,3,5,30,40,Wimbledon,London,Outdoor,Grass,2023-07-09,1.04,13.0,1
Medvedev D.,3,406,289,117,69,27,220,90,Lehecka J.,33,61,30,31,4,4,26,27,Wimbledon,London,Outdoor,Grass,2023-07-10,1.25,4.0,1
Eubanks C.,29,64,28,36,1,3,27,33,Tsitsipas S.,5,390,264,126,49,32,215,94,Wimbledon,London,Outdoor,Grass,2023-07-10,3.2,1.36,1
Djokovic N.,2,1207,1012,195,146,42,866,153,Hurkacz H.,17,238,137,101,27,24,110,77,Wimbledon,London,Outdoor,Grass,2023-07-10,1.05,11.0,1
Dimitrov G.,20,651,389,262,79,50,310,212,Rune H.,6,131,83,48,28,9,55,39,Wimbledon,London,Outdoor,Grass,2023-07-10,1.57,2.38,0
Berrettini M.,38,217,142,75,14,11,128,64,Alcaraz C.,1,164,130,34,10,5,120,29,Wimbledon,London,Outdoor,Grass,2023-07-10,3.0,1.4,0
Safiullin R.,92,42,20,22,7,7,13,15,Sinner J.,8,224,153,71,42,19,111,52,Wimbledon,London,Outdoor,Grass,2023-07-11,5.5,1.14,0
Rublev A.,7,392,255,137,57,34,198,103,Djokovic N.,2,1207,1012,195,146,42,866,153,Wimbledon,London,Outdoor,Grass,2023-07-11,9.0,1.07,0
Alcaraz C.,1,164,130,34,10,5,120,29,Rune H.,6,131,83,48,28,9,55,39,Wimbledon,London,Outdoor,Grass,2023-07-12,1.22,4.33,1
Medvedev D.,3,406,289,117,69,27,220,90,Eubanks C.,29,64,28,36,1,3,27,33,Wimbledon,London,Outdoor,Grass,2023-07-12,1.17,5.0,1
Sinner J.,8,224,153,71,42,19,111,52,Djokovic N.,2,1207,1012,195,146,42,866,153,Wimbledon,London,Outdoor,Grass,2023-07-14,4.5,1.2,0
Alcaraz C.,1,164,130,34,10,5,120,29,Medvedev D.,3,406,289,117,69,27,220,90,Wimbledon,London,Outdoor,Grass,2023-07-14,1.36,3.2,1
Alcaraz C.,1,164,130,34,10,5,120,29,Djokovic N.,2,1207,1012,195,146,42,866,153,Wimbledon,London,Outdoor,Grass,2023-07-16,2.63,1.53,1
Djere L.,38,243,120,123,10,22,110,101,Bergs Z.,175,15,4,11,1,5,3,6,Suisse Open Gstaad,Gstaad,Outdoor,Clay,2023-07-17,1.36,3.2,0
Ritschard A.,163,9,3,6,1,1,2,5,Munar J.,104,178,75,103,7,12,68,91,Suisse Open Gstaad,Gstaad,Outdoor,Clay,2023-07-17,2.75,1.44,0
Zhang Zh.,53,44,20,24,1,2,19,22,Medjedovic H.,147,11,3,8,0,1,3,7,Suisse Open Gstaad,Gstaad,Outdoor,Clay,2023-07-17,2.1,1.73,0
Muller A.,81,22,9,13,0,1,9,12,Thiem D.,116,517,327,190,53,39,274,151,Suisse Open Gstaad,Gstaad,Outdoor,Clay,2023-07-17,2.1,1.73,0
Huesler M.A.,88,58,21,37,8,8,13,29,Rodionov J.,118,26,9,17,2,3,7,14,Suisse Open Gstaad,Gstaad,Outdoor,Clay,2023-07-17,1.73,2.1,0
Mochizuki S.,200,8,0,8,0,1,0,7,Broady L.,125,47,18,29,5,3,13,26,Hall of Fame Championships,Newport,Outdoor,Grass,2023-07-17,2.75,1.44,0
Kovacevic A.,129,14,6,8,0,0,6,8,Thompson J.,71,221,96,125,10,10,86,115,Hall of Fame Championships,Newport,Outdoor,Grass,2023-07-17,3.5,1.3,0
Moutet C.,80,118,50,68,5,11,45,57,Spizzirri E.,0,1,0,1,0,0,0,1,Hall of Fame Championships,Newport,Outdoor,Grass,2023-07-17,1.1,7.0,1
Shelbayh A.,240,6,1,5,0,0,1,5,Hijikata R.,110,16,7,9,0,0,7,9,Hall of Fame Championships,Newport,Outdoor,Grass,2023-07-17,2.75,1.44,0
Monteiro T.,121,171,69,102,9,11,60,91,Galan D.E.,76,78,33,45,3,5,30,40,Nordea Open,Bastad,Outdoor,Clay,2023-07-17,2.1,1.73,1
Van Assche L.,68,20,7,13,0,3,7,10,Madaras D.,191,2,0,2,0,1,0,1,Nordea Open,Bastad,Outdoor,Clay,2023-07-17,1.36,3.2,1
Bonzi B.,107,83,37,46,10,13,27,33,Altmaier D.,51,79,28,51,1,5,27,46,Suisse Open Gstaad,Gstaad,Outdoor,Clay,2023-07-17,3.0,1.4,0
Bolt A.,345,40,13,27,0,0,13,27,Isner J.,114,755,465,290,53,45,412,245,Hall of Fame Championships,Newport,Outdoor,Grass,2023-07-18,2.3,1.62,0
Brouwer G.,144,21,11,10,3,2,8,8,Purcell M.,78,28,9,19,0,0,9,19,Hall of Fame Championships,Newport,Outdoor,Grass,2023-07-18,2.0,1.8,1
Duckworth J.,123,143,55,88,10,9,45,79,Lestienne C.,109,40,13,27,6,9,7,18,Hall of Fame Championships,Newport,Outdoor,Grass,2023-07-18,1.73,2.1,1
Quinn E.,394,3,1,2,0,0,1,2,Mukund S.,356,3,0,3,0,0,0,3,Hall of Fame Championships,Newport,Outdoor,Grass,2023-07-18,1.91,1.91,1
Wawrinka S.,72,854,535,319,84,69,451,250,Carballes Baena R.,64,207,91,116,11,10,80,106,Suisse Open Gstaad,Gstaad,Outdoor,Clay,2023-07-18,1.44,2.75,1
Fognini F.,128,742,383,359,39,48,344,311,Ramos-Vinolas A.,82,437,204,233,17,31,187,202,Suisse Open Gstaad,Gstaad,Outdoor,Clay,2023-07-18,2.1,1.73,0
Stricker D.,106,20,10,10,2,2,8,8,Fils A.,71,24,15,9,6,3,9,6,Suisse Open Gstaad,Gstaad,Outdoor,Clay,2023-07-18,2.2,1.67,1
Varillas J.P.,77,22,10,12,1,3,9,9,Virtanen O.,127,2,0,2,0,0,0,2,Suisse Open Gstaad,Gstaad,Outdoor,Clay,2023-07-18,1.3,3.5,1
Cachin P.,54,52,23,29,1,3,22,26,Daniel T.,111,178,67,111,3,10,64,101,Suisse Open Gstaad,Gstaad,Outdoor,Clay,2023-07-18,1.67,2.2,1
Chung Y.,322,2,0,2,0,0,0,2,Johnson S.,197,395,196,199,16,23,180,176,Hall of Fame Championships,Newport,Outdoor,Grass,2023-07-18,3.0,1.4,0
Diallo G.,140,3,0,3,0,1,0,2,Anderson K.,652,598,347,251,48,38,299,213,Hall of Fame Championships,Newport,Outdoor,Grass,2023-07-18,1.53,2.5,0
Tu L.,252,5,1,4,0,0,1,4,Vukic A.,62,36,15,21,2,1,13,20,Hall of Fame Championships,Newport,Outdoor,Grass,2023-07-18,3.75,1.29,1
Cressy M.,96,96,42,54,10,11,32,43,Michelsen A.,140,7,4,3,0,0,4,3,Hall of Fame Championships,Newport,Outdoor,Grass,2023-07-18,1.44,2.75,0
Bagnis F.,135,121,39,82,9,8,30,74,Rinderknech A.,67,96,46,50,16,12,30,38,Suisse Open Gstaad,Gstaad,Outdoor,Clay,2023-07-18,2.3,1.62,1
Etcheverry T.,34,60,26,34,5,3,21,31,Ofner S.,61,34,16,18,1,2,15,16,Nordea Open,Bastad,Outdoor,Clay,2023-07-18,1.4,3.0,0
Shevchenko A.,93,20,8,12,0,2,8,10,Cerundolo J.M.,106,29,12,17,2,3,10,14,Nordea Open,Bastad,Outdoor,Clay,2023-07-18,2.1,1.73,1
Zverev A.,19,500,346,154,60,31,286,123,Molcan A.,120,86,45,41,1,6,44,35,Nordea Open,Bastad,Outdoor,Clay,2023-07-18,1.14,5.5,1
Zapata Miralles B.,54,80,32,48,1,6,31,42,Dellien H.,164,70,22,48,5,5,17,43,Nordea Open,Bastad,Outdoor,Clay,2023-07-18,1.62,2.3,1
Kotov P.,89,25,10,15,1,4,9,11,Cecchinato M.,108,204,79,125,2,14,77,111,Nordea Open,Bastad,Outdoor,Clay,2023-07-18,2.3,1.62,1
Lajovic D.,66,378,163,215,21,36,142,179,Misolic F.,158,11,6,5,0,1,6,4,Nordea Open,Bastad,Outdoor,Clay,2023-07-18,1.62,2.3,0
Kovalik J.,172,68,24,44,5,8,19,36,Davidovich Fokina A.,39,168,84,84,17,20,67,64,Nordea Open,Bastad,Outdoor,Clay,2023-07-18,6.5,1.11,1
Ymer E.,186,81,24,57,3,11,21,46,Borg L.,437,4,1,3,0,2,1,1,Nordea Open,Bastad,Outdoor,Clay,2023-07-18,1.08,8.0,0
Baez S.,72,95,47,48,6,6,41,42,Coria F.,108,99,43,56,2,6,41,50,Nordea Open,Bastad,Outdoor,Clay,2023-07-18,1.33,3.4,0
Arnaldi M.,76,18,9,9,0,0,9,9,Ruusuvuori E.,55,158,79,79,16,18,63,61,Nordea Open,Bastad,Outdoor,Clay,2023-07-18,1.91,1.91,1
Humbert U.,36,170,80,90,23,21,57,69,Johnson S.,197,395,196,199,16,23,180,176,Hall of Fame Championships,Newport,Outdoor,Grass,2023-07-19,1.36,3.2,1
Tu L.,252,5,1,4,0,0,1,4,Mcdonald M.,60,190,87,103,11,15,76,88,Hall of Fame Championships,Newport,Outdoor,Grass,2023-07-19,4.5,1.2,0
Stricker D.,106,20,10,10,2,2,8,8,Kecmanovic M.,40,210,107,103,12,16,95,87,Suisse Open Gstaad,Gstaad,Outdoor,Clay,2023-07-19,1.73,2.1,0
Altmaier D.,51,79,28,51,1,5,27,46,Hanfmann Y.,50,99,50,49,5,4,45,45,Suisse Open Gstaad,Gstaad,Outdoor,Clay,2023-07-19,2.38,1.57,0
Van Assche L.,68,20,7,13,0,3,7,10,Cerundolo F.,21,104,58,46,3,7,55,39,Nordea Open,Bastad,Outdoor,Clay,2023-07-19,3.2,1.36,0
Rodionov J.,118,26,9,17,2,3,7,14,Bergs Z.,175,15,4,11,1,5,3,6,Suisse Open Gstaad,Gstaad,Outdoor,Clay,2023-07-19,2.1,1.73,0
Musetti L.,18,143,79,64,12,12,67,52,Arnaldi M.,76,18,9,9,0,0,9,9,Nordea Open,Bastad,Outdoor,Clay,2023-07-19,1.36,3.2,1
Borg L.,437,4,1,3,0,2,1,1,Coria F.,108,99,43,56,2,6,41,50,Nordea Open,Bastad,Outdoor,Clay,2023-07-19,5.0,1.17,0
Isner J.,114,755,465,290,53,45,412,245,Moutet C.,80,118,50,68,5,11,45,57,Hall of Fame Championships,Newport,Outdoor,Grass,2023-07-19,1.91,1.91,1
Thompson J.,71,221,96,125,10,10,86,115,Broady L.,125,47,18,29,5,3,13,26,Hall of Fame Championships,Newport,Outdoor,Grass,2023-07-19,1.5,2.63,1
Mannarino A.,27,567,264,303,60,73,204,230,Hijikata R.,110,16,7,9,0,0,7,9,Hall of Fame Championships,Newport,Outdoor,Grass,2023-07-19,1.5,2.63,1
Anderson K.,652,598,347,251,48,38,299,213,Brouwer G.,144,21,11,10,3,2,8,8,Hall of Fame Championships,Newport,Outdoor,Grass,2023-07-19,1.73,2.1,1
Quinn E.,394,3,1,2,0,0,1,2,Paul T.,14,204,111,93,19,13,92,80,Hall of Fame Championships,Newport,Outdoor,Grass,2023-07-19,10.0,1.06,0
Michelsen A.,140,7,4,3,0,0,4,3,Duckworth J.,123,143,55,88,10,9,45,79,Hall of Fame Championships,Newport,Outdoor,Grass,2023-07-19,1.57,2.38,1
Medjedovic H.,147,11,3,8,0,1,3,7,Thiem D.,116,517,327,190,53,39,274,151,Suisse Open Gstaad,Gstaad,Outdoor,Clay,2023-07-19,2.5,1.53,1
Kovalik J.,172,68,24,44,5,8,19,36,Misolic F.,158,11,6,5,0,1,6,4,Nordea Open,Bastad,Outdoor,Clay,2023-07-19,2.0,1.8,0
Thompson J.,71,221,96,125,10,10,86,115,Mannarino A.,27,567,264,303,60,73,204,230,Hall of Fame Championships,Newport,Outdoor,Grass,2023-07-20,1.67,2.2,0
Ofner S.,61,34,16,18,1,2,15,16,Zapata Miralles B.,54,80,32,48,1,6,31,42,Nordea Open,Bastad,Outdoor,Clay,2023-07-20,1.67,2.2,1
Humbert U.,36,170,80,90,23,21,57,69,Anderson K.,652,598,347,251,48,38,299,213,Hall of Fame Championships,Newport,Outdoor,Grass,2023-07-20,1.67,2.2,1
Munar J.,104,178,75,103,7,12,68,91,Wawrinka S.,72,854,535,319,84,69,451,250,Suisse Open Gstaad,Gstaad,Outdoor,Clay,2023-07-20,3.0,1.4,1
Bautista Agut R.,25,379,234,145,31,29,203,116,Cachin P.,54,52,23,29,1,3,22,26,Suisse Open Gstaad,Gstaad,Outdoor,Clay,2023-07-20,1.67,2.2,0
Ramos-Vinolas A.,82,437,204,233,17,31,187,202,Sonego L.,43,221,107,114,19,17,88,97,Suisse Open Gstaad,Gstaad,Outdoor,Clay,2023-07-20,3.0,1.4,1
Bagnis F.,135,121,39,82,9,8,30,74,Varillas J.P.,77,22,10,12,1,3,9,9,Suisse Open Gstaad,Gstaad,Outdoor,Clay,2023-07-20,2.75,1.44,0
Shevchenko A.,93,20,8,12,0,2,8,10,Ruud C.,4,275,176,99,19,16,157,83,Nordea Open,Bastad,Outdoor,Clay,2023-07-20,5.5,1.14,0
Monteiro T.,121,171,69,102,9,11,60,91,Zverev A.,19,500,346,154,60,31,286,123,Nordea Open,Bastad,Outdoor,Clay,2023-07-20,5.5,1.14,0
Kotov P.,89,25,10,15,1,4,9,11,Rublev A.,7,392,255,137,57,34,198,103,Nordea Open,Bastad,Outdoor,Clay,2023-07-20,5.0,1.17,0
Michelsen A.,140,7,4,3,0,0,4,3,Mcdonald M.,60,190,87,103,11,15,76,88,Hall of Fame Championships,Newport,Outdoor,Grass,2023-07-21,2.5,1.53,1
Coria F.,108,99,43,56,2,6,41,50,Cerundolo F.,21,104,58,46,3,7,55,39,Nordea Open,Bastad,Outdoor,Clay,2023-07-21,3.75,1.29,0
Zverev A.,19,500,346,154,60,31,286,123,Rublev A.,7,392,255,137,57,34,198,103,Nordea Open,Bastad,Outdoor,Clay,2023-07-21,1.73,2.1,0
Ofner S.,61,34,16,18,1,2,15,16,Ruud C.,4,275,176,99,19,16,157,83,Nordea Open,Bastad,Outdoor,Clay,2023-07-21,5.0,1.17,0
Munar J.,104,178,75,103,7,12,68,91,Cachin P.,54,52,23,29,1,3,22,26,Suisse Open Gstaad,Gstaad,Outdoor,Clay,2023-07-21,1.8,2.0,0
Paul T.,14,204,111,93,19,13,92,80,Isner J.,114,755,465,290,53,45,412,245,Hall of Fame Championships,Newport,Outdoor,Grass,2023-07-21,1.44,2.75,0
Bergs Z.,175,15,4,11,1,5,3,6,Kecmanovic M.,40,210,107,103,12,16,95,87,Suisse Open Gstaad,Gstaad,Outdoor,Clay,2023-07-21,2.75,1.44,0
Ramos-Vinolas A.,82,437,204,233,17,31,187,202,Varillas J.P.,77,22,10,12,1,3,9,9,Suisse Open Gstaad,Gstaad,Outdoor,Clay,2023-07-21,2.38,1.57,1
Medjedovic H.,147,11,3,8,0,1,3,7,Hanfmann Y.,50,99,50,49,5,4,45,45,Suisse Open Gstaad,Gstaad,Outdoor,Clay,2023-07-21,2.5,1.53,1
Misolic F.,158,11,6,5,0,1,6,4,Musetti L.,18,143,79,64,12,12,67,52,Nordea Open,Bastad,Outdoor,Clay,2023-07-21,6.0,1.13,0
Michelsen A.,140,7,4,3,0,0,4,3,Isner J.,114,755,465,290,53,45,412,245,Hall of Fame Championships,Newport,Outdoor,Grass,2023-07-22,2.0,1.8,1
Medjedovic H.,147,11,3,8,0,1,3,7,Cachin P.,54,52,23,29,1,3,22,26,Suisse Open Gstaad,Gstaad,Outdoor,Clay,2023-07-22,2.1,1.73,0
Rublev A.,7,392,255,137,57,34,198,103,Cerundolo F.,21,104,58,46,3,7,55,39,Nordea Open,Bastad,Outdoor,Clay,2023-07-22,1.57,2.38,1
Kecmanovic M.,40,210,107,103,12,16,95,87,Ramos-Vinolas A.,82,437,204,233,17,31,187,202,Suisse Open Gstaad,Gstaad,Outdoor,Clay,2023-07-22,1.67,2.2,0
Ruud C.,4,275,176,99,19,16,157,83,Musetti L.,18,143,79,64,12,12,67,52,Nordea Open,Bastad,Outdoor,Clay,2023-07-22,1.44,2.75,1
Humbert U.,36,170,80,90,23,21,57,69,Mannarino A.,27,567,264,303,60,73,204,230,Hall of Fame Championships,Newport,Outdoor,Grass,2023-07-22,2.0,1.8,0
Michelsen A.,140,7,4,3,0,0,4,3,Mannarino A.,27,567,264,303,60,73,204,230,Hall of Fame Championships,Newport,Outdoor,Grass,2023-07-23,2.2,1.67,0
Ruud C.,4,275,176,99,19,16,157,83,Rublev A.,7,392,255,137,57,34,198,103,Nordea Open,Bastad,Outdoor,Clay,2023-07-23,1.53,2.5,0
Ramos-Vinolas A.,82,437,204,233,17,31,187,202,Cachin P.,54,52,23,29,1,3,22,26,Suisse Open Gstaad,Gstaad,Outdoor,Clay,2023-07-23,2.2,1.67,0
Daniel T.,111,178,67,111,3,10,64,101,Landaluce M.,720,3,0,3,0,1,0,2,Croatia Open,Umag,Outdoor,Clay,2023-07-24,1.22,4.33,1
Etcheverry T.,34,60,26,34,5,3,21,31,Djere L.,38,243,120,123,10,22,110,101,European Open,Hamburg,Outdoor,Clay,2023-07-24,1.62,2.3,0
Muller A.,81,22,9,13,0,1,9,12,Van Assche L.,68,20,7,13,0,3,7,10,European Open,Hamburg,Outdoor,Clay,2023-07-24,2.2,1.67,0
Prizmic D.,287,5,2,3,0,0,2,3,Ajdukovic D.,299,4,1,3,0,0,1,3,Croatia Open,Umag,Outdoor,Clay,2023-07-24,1.53,2.5,1
Popyrin A.,90,140,59,81,9,13,50,68,Bonzi B.,107,83,37,46,10,13,27,33,Croatia Open,Umag,Outdoor,Clay,2023-07-24,1.62,2.3,1
Thiem D.,116,517,327,190,53,39,274,151,Bagnis F.,135,121,39,82,9,8,30,74,Croatia Open,Umag,Outdoor,Clay,2023-07-24,1.53,2.5,1
Cilic M.,100,853,543,310,119,65,424,245,Cobolli F.,148,14,5,9,0,1,5,8,Croatia Open,Umag,Outdoor,Clay,2023-07-24,2.38,1.57,0
Monteiro T.,121,171,69,102,9,11,60,91,Pella G.,199,260,118,142,14,16,104,126,European Open,Hamburg,Outdoor,Clay,2023-07-24,1.8,2.0,0
Altmaier D.,51,79,28,51,1,5,27,46,Gasquet R.,48,948,581,367,133,82,448,285,European Open,Hamburg,Outdoor,Clay,2023-07-24,1.62,2.3,1
Vukic A.,62,36,15,21,2,1,13,20,Quinn E.,394,3,1,2,0,0,1,2,Atlanta Open,Atlanta,Outdoor,Hard,2023-07-24,1.36,3.2,1
Duckworth J.,123,143,55,88,10,9,45,79,Harris L.,186,129,59,70,7,8,52,62,Atlanta Open,Atlanta,Outdoor,Hard,2023-07-24,3.0,1.4,0
Cressy M.,96,96,42,54,10,11,32,43,Michelsen A.,140,7,4,3,0,0,4,3,Atlanta Open,Atlanta,Outdoor,Hard,2023-07-25,1.8,2.0,1
Ymer E.,186,81,24,57,3,11,21,46,Musetti L.,18,143,79,64,12,12,67,52,European Open,Hamburg,Outdoor,Clay,2023-07-25,6.0,1.13,0
Marterer M.,144,91,31,60,2,8,29,52,Molleker R.,251,15,4,11,0,0,4,11,European Open,Hamburg,Outdoor,Clay,2023-07-25,1.57,2.38,1
Garin C.,101,190,103,87,15,13,88,74,Dellien H.,164,70,22,48,5,5,17,43,European Open,Hamburg,Outdoor,Clay,2023-07-25,1.36,3.2,1
Kokkinakis T.,86,124,55,69,0,4,55,65,Monfils G.,323,816,510,306,131,65,379,241,Atlanta Open,Atlanta,Outdoor,Hard,2023-07-25,1.53,2.5,1
Jung J.,276,32,10,22,5,4,5,18,Wolf J.J.,45,75,39,36,8,6,31,30,Atlanta Open,Atlanta,Outdoor,Hard,2023-07-25,5.0,1.17,0
Purcell M.,78,28,9,19,0,0,9,19,Nakashima B.,70,106,57,49,6,5,51,44,Atlanta Open,Atlanta,Outdoor,Hard,2023-07-25,4.0,1.25,0
Kecmanovic M.,40,210,107,103,12,16,95,87,Lajovic D.,66,378,163,215,21,36,142,179,European Open,Hamburg,Outdoor,Clay,2023-07-25,1.67,2.2,0
Nishikori K.,439,617,408,209,70,33,338,176,Thompson J.,71,221,96,125,10,10,86,115,Atlanta Open,Atlanta,Outdoor,Hard,2023-07-25,2.0,1.8,1
O Connell C.,74,65,26,39,0,0,26,39,Piros Z.,124,3,1,2,0,0,1,2,Croatia Open,Umag,Outdoor,Clay,2023-07-25,1.73,2.1,0
De Jong J.,180,3,0,3,0,1,0,2,Arnaldi M.,76,18,9,9,0,0,9,9,Croatia Open,Umag,Outdoor,Clay,2023-07-25,2.75,1.44,0
Lestienne C.,109,40,13,27,6,9,7,18,Humbert U.,36,170,80,90,23,21,57,69,Atlanta Open,Atlanta,Outdoor,Hard,2023-07-25,3.0,1.4,0
Kovalik J.,172,68,24,44,5,8,19,36,Seyboth Wild T.,117,28,12,16,7,3,5,13,European Open,Hamburg,Outdoor,Clay,2023-07-25,,,1
Moutet C.,80,118,50,68,5,11,45,57,Wu Y.,90,36,15,21,5,0,10,21,Atlanta Open,Atlanta,Outdoor,Hard,2023-07-25,2.75,1.44,0
Fils A.,71,24,15,9,6,3,9,6,Galan D.E.,76,78,33,45,3,5,30,40,European Open,Hamburg,Outdoor,Clay,2023-07-25,1.5,2.63,1
Davidovich Fokina A.,39,168,84,84,17,20,67,64,Cachin P.,54,52,23,29,1,3,22,26,European Open,Hamburg,Outdoor,Clay,2023-07-25,1.5,2.63,1
Choinski J.,151,6,1,5,0,0,1,5,Zhang Zh.,53,44,20,24,1,2,19,22,European Open,Hamburg,Outdoor,Clay,2023-07-25,2.5,1.53,0
Cerundolo F.,21,104,58,46,3,7,55,39,Hanfmann Y.,50,99,50,49,5,4,45,45,European Open,Hamburg,Outdoor,Clay,2023-07-25,1.5,2.63,0
Koepfer D.,84,86,38,48,3,3,35,45,Isner J.,114,755,465,290,53,45,412,245,Atlanta Open,Atlanta,Outdoor,Hard,2023-07-25,2.38,1.57,1
Molcan A.,120,86,45,41,1,6,44,35,Zverev A.,19,500,346,154,60,31,286,123,European Open,Hamburg,Outdoor,Clay,2023-07-25,5.5,1.14,0
Piros Z.,124,3,1,2,0,0,1,2,Prizmic D.,287,5,2,3,0,0,2,3,Croatia Open,Umag,Outdoor,Clay,2023-07-26,2.0,1.8,0
Van Assche L.,68,20,7,13,0,3,7,10,Davidovich Fokina A.,39,168,84,84,17,20,67,64,European Open,Hamburg,Outdoor,Clay,2023-07-26,3.0,1.4,1
Zverev A.,19,500,346,154,60,31,286,123,Marterer M.,144,91,31,60,2,8,29,52,European Open,Hamburg,Outdoor,Clay,2023-07-26,1.08,8.0,1
Cerundolo J.M.,106,29,12,17,2,3,10,14,Marozsan F.,87,7,4,3,0,0,4,3,Croatia Open,Umag,Outdoor,Clay,2023-07-26,2.38,1.57,0
Ramos-Vinolas A.,82,437,204,233,17,31,187,202,Munar J.,104,178,75,103,7,12,68,91,Croatia Open,Umag,Outdoor,Clay,2023-07-26,2.38,1.57,0
Misolic F.,158,11,6,5,0,1,6,4,Wawrinka S.,72,854,535,319,84,69,451,250,Croatia Open,Umag,Outdoor,Clay,2023-07-26,2.75,1.44,0
Coria F.,108,99,43,56,2,6,41,50,Huesler M.A.,88,58,21,37,8,8,13,29,Croatia Open,Umag,Outdoor,Clay,2023-07-26,1.67,2.2,1
Ofner S.,61,34,16,18,1,2,15,16,Popyrin A.,90,140,59,81,9,13,50,68,Croatia Open,Umag,Outdoor,Clay,2023-07-26,1.57,2.38,0
Arnaldi M.,76,18,9,9,0,0,9,9,Cobolli F.,148,14,5,9,0,1,5,8,Croatia Open,Umag,Outdoor,Clay,2023-07-26,1.44,2.75,1
Pella G.,199,260,118,142,14,16,104,126,Djere L.,38,243,120,123,10,22,110,101,European Open,Hamburg,Outdoor,Clay,2023-07-26,3.2,1.36,0
Baez S.,72,95,47,48,6,6,41,42,Ruud C.,4,275,176,99,19,16,157,83,European Open,Hamburg,Outdoor,Clay,2023-07-26,5.0,1.17,0
Cecchinato M.,108,204,79,125,2,14,77,111,Shevchenko A.,93,20,8,12,0,2,8,10,Croatia Open,Umag,Outdoor,Clay,2023-07-26,2.63,1.5,1
Zapata Miralles B.,54,80,32,48,1,6,31,42,Rublev A.,7,392,255,137,57,34,198,103,European Open,Hamburg,Outdoor,Clay,2023-07-26,6.0,1.13,0
Martin A.,723,258,107,151,6,13,101,138,Eubanks C.,29,64,28,36,1,3,27,33,Atlanta Open,Atlanta,Outdoor,Hard,2023-07-26,10.0,1.06,0
Shang J.,149,12,4,8,0,0,4,8,Shelton B.,43,34,13,21,0,0,13,21,Atlanta Open,Atlanta,Outdoor,Hard,2023-07-26,2.75,1.44,1
Harris L.,186,129,59,70,7,8,52,62,Humbert U.,36,170,80,90,23,21,57,69,Atlanta Open,Atlanta,Outdoor,Hard,2023-07-26,1.67,2.2,0
Vukic A.,62,36,15,21,2,1,13,20,Nishioka Y.,31,215,99,116,15,15,84,101,Atlanta Open,Atlanta,Outdoor,Hard,2023-07-26,2.1,1.73,1
Munar J.,104,178,75,103,7,12,68,91,Marozsan F.,87,7,4,3,0,0,4,3,Croatia Open,Umag,Outdoor,Clay,2023-07-27,1.91,1.91,1
Coria F.,108,99,43,56,2,6,41,50,Wawrinka S.,72,854,535,319,84,69,451,250,Croatia Open,Umag,Outdoor,Clay,2023-07-27,2.63,1.5,0
Lehecka J.,33,61,30,31,4,4,26,27,Thiem D.,116,517,327,190,53,39,274,151,Croatia Open,Umag,Outdoor,Clay,2023-07-27,1.8,2.0,1
Daniel T.,111,178,67,111,3,10,64,101,Carballes Baena R.,64,207,91,116,11,10,80,106,Croatia Open,Umag,Outdoor,Clay,2023-07-27,2.0,1.8,0
Kokkinakis T.,86,124,55,69,0,4,55,65,De Minaur A.,19,272,161,111,30,19,131,92,Atlanta Open,Atlanta,Outdoor,Hard,2023-07-27,3.5,1.3,0
Eubanks C.,29,64,28,36,1,3,27,33,Nakashima B.,70,106,57,49,6,5,51,44,Atlanta Open,Atlanta,Outdoor,Hard,2023-07-27,2.0,1.8,1
Evans D.,30,251,124,127,18,16,106,111,Koepfer D.,84,86,38,48,3,3,35,45,Atlanta Open,Atlanta,Outdoor,Hard,2023-07-27,1.91,1.91,0
Wolf J.J.,45,75,39,36,8,6,31,30,Cressy M.,96,96,42,54,10,11,32,43,Atlanta Open,Atlanta,Outdoor,Hard,2023-07-27,1.57,2.38,1
Cecchinato M.,108,204,79,125,2,14,77,111,Sonego L.,43,221,107,114,19,17,88,97,Croatia Open,Umag,Outdoor,Clay,2023-07-27,3.2,1.36,0
Hanfmann Y.,50,99,50,49,5,4,45,45,Zhang Zh.,53,44,20,24,1,2,19,22,European Open,Hamburg,Outdoor,Clay,2023-07-27,1.44,2.75,0
Fils A.,71,24,15,9,6,3,9,6,Lajovic D.,66,378,163,215,21,36,142,179,European Open,Hamburg,Outdoor,Clay,2023-07-27,1.8,2.0,1
Kovalik J.,172,68,24,44,5,8,19,36,Musetti L.,18,143,79,64,12,12,67,52,European Open,Hamburg,Outdoor,Clay,2023-07-27,7.0,1.1,0
Ruud C.,4,275,176,99,19,16,157,83,Garin C.,101,190,103,87,15,13,88,74,European Open,Hamburg,Outdoor,Clay,2023-07-27,1.22,4.33,1
Rublev A.,7,392,255,137,57,34,198,103,Altmaier D.,51,79,28,51,1,5,27,46,European Open,Hamburg,Outdoor,Clay,2023-07-27,1.25,4.0,0
Prizmic D.,287,5,2,3,0,0,2,3,Popyrin A.,90,140,59,81,9,13,50,68,Croatia Open,Umag,Outdoor,Clay,2023-07-28,2.0,1.8,0
Arnaldi M.,76,18,9,9,0,0,9,9,Lehecka J.,33,61,30,31,4,4,26,27,Croatia Open,Umag,Outdoor,Clay,2023-07-28,2.2,1.67,1
Sonego L.,43,221,107,114,19,17,88,97,Munar J.,104,178,75,103,7,12,68,91,Croatia Open,Umag,Outdoor,Clay,2023-07-28,1.8,2.0,1
Musetti L.,18,143,79,64,12,12,67,52,Djere L.,38,243,120,123,10,22,110,101,European Open,Hamburg,Outdoor,Clay,2023-07-28,1.5,2.63,0
Zhang Zh.,53,44,20,24,1,2,19,22,Altmaier D.,51,79,28,51,1,5,27,46,European Open,Hamburg,Outdoor,Clay,2023-07-28,2.75,1.44,1
Carballes Baena R.,64,207,91,116,11,10,80,106,Wawrinka S.,72,854,535,319,84,69,451,250,Croatia Open,Umag,Outdoor,Clay,2023-07-28,2.75,1.44,0
Fils A.,71,24,15,9,6,3,9,6,Ruud C.,4,275,176,99,19,16,157,83,European Open,Hamburg,Outdoor,Clay,2023-07-28,4.0,1.25,1
Wu Y.,90,36,15,21,5,0,10,21,Fritz T.,9,356,205,151,26,22,179,129,Atlanta Open,Atlanta,Outdoor,Hard,2023-07-28,3.5,1.3,0
Shang J.,149,12,4,8,0,0,4,8,Nishikori K.,439,617,408,209,70,33,338,176,Atlanta Open,Atlanta,Outdoor,Hard,2023-07-28,2.5,1.53,0
Koepfer D.,84,86,38,48,3,3,35,45,Wolf J.J.,45,75,39,36,8,6,31,30,Atlanta Open,Atlanta,Outdoor,Hard,2023-07-28,2.75,1.44,0
Nishikori K.,439,617,408,209,70,33,338,176,Fritz T.,9,356,205,151,26,22,179,129,Atlanta Open,Atlanta,Outdoor,Hard,2023-07-28,3.2,1.36,0
Zverev A.,19,500,346,154,60,31,286,123,Van Assche L.,68,20,7,13,0,3,7,10,European Open,Hamburg,Outdoor,Clay,2023-07-28,1.17,5.0,1
Zhang Zh.,53,44,20,24,1,2,19,22,Djere L.,38,243,120,123,10,22,110,101,European Open,Hamburg,Outdoor,Clay,2023-07-29,2.5,1.53,0
Fils A.,71,24,15,9,6,3,9,6,Zverev A.,19,500,346,154,60,31,286,123,European Open,Hamburg,Outdoor,Clay,2023-07-29,3.5,1.3,0
Wolf J.J.,45,75,39,36,8,6,31,30,Fritz T.,9,356,205,151,26,22,179,129,Atlanta Open,Atlanta,Outdoor,Hard,2023-07-29,3.2,1.36,0
Wawrinka S.,72,854,535,319,84,69,451,250,Sonego L.,43,221,107,114,19,17,88,97,Croatia Open,Umag,Outdoor,Clay,2023-07-29,1.8,2.0,1
Arnaldi M.,76,18,9,9,0,0,9,9,Popyrin A.,90,140,59,81,9,13,50,68,Croatia Open,Umag,Outdoor,Clay,2023-07-29,1.62,2.3,0
Vukic A.,62,36,15,21,2,1,13,20,Eubanks C.,29,64,28,36,1,3,27,33,Atlanta Open,Atlanta,Outdoor,Hard,2023-07-29,2.5,1.53,1
De Minaur A.,19,272,161,111,30,19,131,92,Humbert U.,36,170,80,90,23,21,57,69,Atlanta Open,Atlanta,Outdoor,Hard,2023-07-29,1.36,3.2,0
Zverev A.,19,500,346,154,60,31,286,123,Djere L.,38,243,120,123,10,22,110,101,European Open,Hamburg,Outdoor,Clay,2023-07-30,1.22,4.33,1
Wawrinka S.,72,854,535,319,84,69,451,250,Popyrin A.,90,140,59,81,9,13,50,68,Croatia Open,Umag,Outdoor,Clay,2023-07-30,1.44,2.75,0
Vukic A.,62,36,15,21,2,1,13,20,Humbert U.,36,170,80,90,23,21,57,69,Atlanta Open,Atlanta,Outdoor,Hard,2023-07-30,2.63,1.5,1
Vukic A.,62,36,15,21,2,1,13,20,Fritz T.,9,356,205,151,26,22,179,129,Atlanta Open,Atlanta,Outdoor,Hard,2023-07-30,5.0,1.17,0
Van Assche L.,68,20,7,13,0,3,7,10,Molcan A.,120,86,45,41,1,6,44,35,Generali Open,Kitzbuhel,Outdoor,Clay,2023-07-31,1.73,2.1,0
Mcdonald M.,60,190,87,103,11,15,76,88,Schwartzman D.,95,428,233,195,32,27,201,168,Citi Open,Washington,Outdoor,Hard,2023-07-31,1.53,2.5,1
Broady L.,125,47,18,29,5,3,13,26,Moutet C.,80,118,50,68,5,11,45,57,Citi Open,Washington,Outdoor,Hard,2023-07-31,1.8,2.0,1
Karatsev A.,75,136,66,70,10,22,56,48,Pannu K.,717,2,0,2,0,0,0,2,Citi Open,Washington,Outdoor,Hard,2023-07-31,1.07,9.0,1
Mmoh M.,112,55,20,35,0,3,20,32,Klahn B.,797,56,13,43,1,3,12,40,Citi Open,Washington,Outdoor,Hard,2023-07-31,1.3,3.5,1
Wu Y.,90,36,15,21,5,0,10,21,Watanuki Y.,99,25,11,14,0,0,11,14,Citi Open,Washington,Outdoor,Hard,2023-07-31,1.62,2.3,0
Cressy M.,96,96,42,54,10,11,32,43,Shevchenko A.,93,20,8,12,0,2,8,10,Citi Open,Washington,Outdoor,Hard,2023-07-31,1.44,2.75,0
Albot R.,97,215,86,129,26,26,60,103,Giron M.,69,150,68,82,20,14,48,68,Citi Open,Washington,Outdoor,Hard,2023-07-31,3.2,1.36,1
Ruusuvuori E.,55,158,79,79,16,18,63,61,Lestienne C.,109,40,13,27,6,9,7,18,Citi Open,Washington,Outdoor,Hard,2023-07-31,1.36,3.2,1
Carballes Baena R.,64,207,91,116,11,10,80,106,Pella G.,199,260,118,142,14,16,104,126,Generali Open,Kitzbuhel,Outdoor,Clay,2023-07-31,1.8,2.0,1
Baez S.,72,95,47,48,6,6,41,42,Medjedovic H.,147,11,3,8,0,1,3,7,Generali Open,Kitzbuhel,Outdoor,Clay,2023-07-31,1.67,2.2,1
Misolic F.,158,11,6,5,0,1,6,4,Andreozzi G.,240,39,12,27,0,0,12,27,Generali Open,Kitzbuhel,Outdoor,Clay,2023-07-31,1.57,2.38,0
Ramos-Vinolas A.,82,437,204,233,17,31,187,202,Varillas J.P.,77,22,10,12,1,3,9,9,Generali Open,Kitzbuhel,Outdoor,Clay,2023-07-31,2.0,1.8,1
Galan D.E.,76,78,33,45,3,5,30,40,Cecchinato M.,108,204,79,125,2,14,77,111,Generali Open,Kitzbuhel,Outdoor,Clay,2023-07-31,1.62,2.3,1
Gomez E.,155,26,7,19,2,2,5,17,Shang J.,149,12,4,8,0,0,4,8,Citi Open,Washington,Outdoor,Hard,2023-07-31,4.0,1.25,0
Mochizuki S.,200,8,0,8,0,1,0,7,Barrere G.,59,79,31,48,11,16,20,32,Citi Open,Washington,Outdoor,Hard,2023-07-31,2.75,1.44,0
Kovacevic A.,129,14,6,8,0,0,6,8,Kumar O.,403,1,0,1,0,0,0,1,Los Cabos Open,Los Cabos,Outdoor,Hard,2023-08-01,1.22,4.33,1
Kokkinakis T.,86,124,55,69,0,4,55,65,Daniel T.,111,178,67,111,3,10,64,101,Citi Open,Washington,Outdoor,Hard,2023-08-01,1.57,2.38,1
Nishioka Y.,31,215,99,116,15,15,84,101,Ruusuvuori E.,55,158,79,79,16,18,63,61,Citi Open,Washington,Outdoor,Hard,2023-08-01,2.75,1.44,0
Tirante T.A.,136,5,2,3,0,0,2,3,Lama G.,410,4,0,4,0,2,0,2,Los Cabos Open,Los Cabos,Outdoor,Hard,2023-08-01,1.17,5.0,1
Purcell M.,78,28,9,19,0,0,9,19,Svajda Z.,233,8,2,6,0,1,2,5,Citi Open,Washington,Outdoor,Hard,2023-08-01,1.8,2.0,0
Vukic A.,62,36,15,21,2,1,13,20,Nakashima B.,70,106,57,49,6,5,51,44,Citi Open,Washington,Outdoor,Hard,2023-08-01,3.0,1.4,0
Anderson K.,652,598,347,251,48,38,299,213,Thompson J.,71,221,96,125,10,10,86,115,Citi Open,Washington,Outdoor,Hard,2023-08-01,2.63,1.5,0
Shang J.,149,12,4,8,0,0,4,8,Shelton B.,43,34,13,21,0,0,13,21,Citi Open,Washington,Outdoor,Hard,2023-08-01,2.2,1.67,1
Dimitrov G.,20,651,389,262,79,50,310,212,Mcdonald M.,60,190,87,103,11,15,76,88,Citi Open,Washington,Outdoor,Hard,2023-08-01,1.5,2.63,1
Hurkacz H.,17,238,137,101,27,24,110,77,Mmoh M.,112,55,20,35,0,3,20,32,Citi Open,Washington,Outdoor,Hard,2023-08-01,1.2,4.5,0
Fratangelo B.,695,62,22,40,0,1,22,39,Monfils G.,323,816,510,306,131,65,379,241,Citi Open,Washington,Outdoor,Hard,2023-08-01,3.5,1.3,0
Shimabukuro S.,161,4,1,3,0,0,1,3,Harris L.,186,129,59,70,7,8,52,62,Citi Open,Washington,Outdoor,Hard,2023-08-01,3.75,1.29,1
Isner J.,114,755,465,290,53,45,412,245,Hijikata R.,110,16,7,9,0,0,7,9,Los Cabos Open,Los Cabos,Outdoor,Hard,2023-08-01,1.5,2.63,1
Tabilo A.,122,44,21,23,5,4,16,19,Meligeni Alves F.,177,3,1,2,0,0,1,2,Los Cabos Open,Los Cabos,Outdoor,Hard,2023-08-01,1.36,3.2,0
Diallo G.,140,3,0,3,0,1,0,2,Brouwer G.,144,21,11,10,3,2,8,8,Los Cabos Open,Los Cabos,Outdoor,Hard,2023-08-01,1.8,2.0,0
Lajovic D.,66,378,163,215,21,36,142,179,Zhang Zh.,53,44,20,24,1,2,19,22,Generali Open,Kitzbuhel,Outdoor,Clay,2023-08-01,2.0,1.8,0
Thiem D.,116,517,327,190,53,39,274,151,Bagnis F.,135,121,39,82,9,8,30,74,Generali Open,Kitzbuhel,Outdoor,Clay,2023-08-01,1.3,3.5,1
Rinderknech A.,67,96,46,50,16,12,30,38,Cerundolo J.M.,106,29,12,17,2,3,10,14,Generali Open,Kitzbuhel,Outdoor,Clay,2023-08-01,1.57,2.38,1
Seyboth Wild T.,117,28,12,16,7,3,5,13,Novak D.,166,58,15,43,6,16,9,27,Generali Open,Kitzbuhel,Outdoor,Clay,2023-08-01,1.57,2.38,1
Altmaier D.,51,79,28,51,1,5,27,46,Huesler M.A.,88,58,21,37,8,8,13,29,Generali Open,Kitzbuhel,Outdoor,Clay,2023-08-01,1.33,3.4,1
O Connell C.,74,65,26,39,0,0,26,39,Djere L.,38,243,120,123,10,22,110,101,Generali Open,Kitzbuhel,Outdoor,Clay,2023-08-01,2.75,1.44,0
Wolf J.J.,45,75,39,36,8,6,31,30,Albot R.,97,215,86,129,26,26,60,103,Citi Open,Washington,Outdoor,Hard,2023-08-02,1.3,3.5,1
Seyboth Wild T.,117,28,12,16,7,3,5,13,Djere L.,38,243,120,123,10,22,110,101,Generali Open,Kitzbuhel,Outdoor,Clay,2023-08-02,2.3,1.62,0
Ramos-Vinolas A.,82,437,204,233,17,31,187,202,Cachin P.,54,52,23,29,1,3,22,26,Generali Open,Kitzbuhel,Outdoor,Clay,2023-08-02,2.2,1.67,0
Galan D.E.,76,78,33,45,3,5,30,40,Altmaier D.,51,79,28,51,1,5,27,46,Generali Open,Kitzbuhel,Outdoor,Clay,2023-08-02,2.63,1.5,1
Griekspoor T.,37,97,47,50,7,14,40,36,Broady L.,125,47,18,29,5,3,13,26,Citi Open,Washington,Outdoor,Hard,2023-08-02,1.57,2.38,1
Andreozzi G.,240,39,12,27,0,0,12,27,Etcheverry T.,34,60,26,34,5,3,21,31,Generali Open,Kitzbuhel,Outdoor,Clay,2023-08-02,3.2,1.36,0
Baez S.,72,95,47,48,6,6,41,42,Carballes Baena R.,64,207,91,116,11,10,80,106,Generali Open,Kitzbuhel,Outdoor,Clay,2023-08-02,1.57,2.38,1
Kokkinakis T.,86,124,55,69,0,4,55,65,Humbert U.,36,170,80,90,23,21,57,69,Citi Open,Washington,Outdoor,Hard,2023-08-02,2.5,1.53,0
Murray A.,44,932,687,245,132,47,555,198,Nakashima B.,70,106,57,49,6,5,51,44,Citi Open,Washington,Outdoor,Hard,2023-08-02,2.1,1.73,1
Evans D.,30,251,124,127,18,16,106,111,Barrere G.,59,79,31,48,11,16,20,32,Citi Open,Washington,Outdoor,Hard,2023-08-02,1.8,2.0,1
Mannarino A.,27,567,264,303,60,73,204,230,Thompson J.,71,221,96,125,10,10,86,115,Citi Open,Washington,Outdoor,Hard,2023-08-02,2.0,1.8,0
Rinderknech A.,67,96,46,50,16,12,30,38,Hanfmann Y.,50,99,50,49,5,4,45,45,Generali Open,Kitzbuhel,Outdoor,Clay,2023-08-02,2.3,1.62,1
Eubanks C.,29,64,28,36,1,3,27,33,Shimabukuro S.,161,4,1,3,0,0,1,3,Citi Open,Washington,Outdoor,Hard,2023-08-02,1.3,3.5,1
Karatsev A.,75,136,66,70,10,22,56,48,Tiafoe F.,10,303,158,145,24,23,134,122,Citi Open,Washington,Outdoor,Hard,2023-08-02,3.5,1.3,0
Shevchenko A.,93,20,8,12,0,2,8,10,Korda S.,26,126,75,51,15,9,60,42,Citi Open,Washington,Outdoor,Hard,2023-08-02,4.5,1.2,1
Watanuki Y.,99,25,11,14,0,0,11,14,Auger-Aliassime F.,12,268,163,105,48,22,115,83,Citi Open,Washington,Outdoor,Hard,2023-08-02,2.38,1.57,1
Thiem D.,116,517,327,190,53,39,274,151,Zhang Zh.,53,44,20,24,1,2,19,22,Generali Open,Kitzbuhel,Outdoor,Clay,2023-08-02,1.8,2.0,1
Molcan A.,120,86,45,41,1,6,44,35,Ofner S.,61,34,16,18,1,2,15,16,Generali Open,Kitzbuhel,Outdoor,Clay,2023-08-02,2.1,1.73,1
Jarry N.,28,141,73,68,9,6,64,62,Pacheco Mendez R.,817,3,0,3,0,0,0,3,Los Cabos Open,Los Cabos,Outdoor,Hard,2023-08-02,1.05,11.0,1
Barrios M.,121,10,3,7,0,0,3,7,Koepfer D.,84,86,38,48,3,3,35,45,Los Cabos Open,Los Cabos,Outdoor,Hard,2023-08-02,3.0,1.4,0
Escobedo E.,377,57,20,37,2,2,18,35,Jung J.,276,32,10,22,5,4,5,18,Los Cabos Open,Los Cabos,Outdoor,Hard,2023-08-02,1.8,2.0,0
De Minaur A.,19,272,161,111,30,19,131,92,Mansouri S.,296,1,0,1,0,0,0,1,Los Cabos Open,Los Cabos,Outdoor,Hard,2023-08-02,1.05,11.0,1
Duckworth J.,123,143,55,88,10,9,45,79,Virtanen O.,127,2,0,2,0,0,0,2,Los Cabos Open,Los Cabos,Outdoor,Hard,2023-08-02,1.67,2.2,1
Ivashka I.,113,159,78,81,19,18,59,63,Zhukayev B.,258,2,0,2,0,1,0,1,Los Cabos Open,Los Cabos,Outdoor,Hard,2023-08-02,1.25,4.0,1
Garin C.,101,190,103,87,15,13,88,74,Gojo B.,115,14,3,11,0,1,3,10,Los Cabos Open,Los Cabos,Outdoor,Hard,2023-08-02,1.67,2.2,0
Humbert U.,36,170,80,90,23,21,57,69,Watanuki Y.,99,25,11,14,0,0,11,14,Citi Open,Washington,Outdoor,Hard,2023-08-03,1.44,2.75,1
Wolf J.J.,45,75,39,36,8,6,31,30,Mmoh M.,112,55,20,35,0,3,20,32,Citi Open,Washington,Outdoor,Hard,2023-08-03,1.33,3.4,1
Dimitrov G.,20,651,389,262,79,50,310,212,Ruusuvuori E.,55,158,79,79,16,18,63,61,Citi Open,Washington,Outdoor,Hard,2023-08-03,1.4,3.0,1
Svajda Z.,233,8,2,6,0,1,2,5,Fritz T.,9,356,205,151,26,22,179,129,Citi Open,Washington,Outdoor,Hard,2023-08-03,8.0,1.08,0
Bublik A.,25,219,110,109,39,30,71,79,Monfils G.,323,816,510,306,131,65,379,241,Citi Open,Washington,Outdoor,Hard,2023-08-03,1.62,2.3,0
Duckworth J.,123,143,55,88,10,9,45,79,Koepfer D.,84,86,38,48,3,3,35,45,Los Cabos Open,Los Cabos,Outdoor,Hard,2023-08-03,2.38,1.57,0
De Minaur A.,19,272,161,111,30,19,131,92,Tirante T.A.,136,5,2,3,0,0,2,3,Los Cabos Open,Los Cabos,Outdoor,Hard,2023-08-03,1.08,8.0,1
Meligeni Alves F.,177,3,1,2,0,0,1,2,Paul T.,14,204,111,93,19,13,92,80,Los Cabos Open,Los Cabos,Outdoor,Hard,2023-08-03,6.5,1.11,0
Thiem D.,116,517,327,190,53,39,274,151,Rinderknech A.,67,96,46,50,16,12,30,38,Generali Open,Kitzbuhel,Outdoor,Clay,2023-08-03,1.73,2.1,1
Ivashka I.,113,159,78,81,19,18,59,63,Gojo B.,115,14,3,11,0,1,3,10,Los Cabos Open,Los Cabos,Outdoor,Hard,2023-08-03,2.1,1.73,1
Brouwer G.,144,21,11,10,3,2,8,8,Jarry N.,28,141,73,68,9,6,64,62,Los Cabos Open,Los Cabos,Outdoor,Hard,2023-08-03,3.75,1.29,0
Kovacevic A.,129,14,6,8,0,0,6,8,Norrie C.,13,287,172,115,15,18,157,97,Los Cabos Open,Los Cabos,Outdoor,Hard,2023-08-03,4.0,1.25,1
Isner J.,114,755,465,290,53,45,412,245,Tsitsipas S.,5,390,264,126,49,32,215,94,Los Cabos Open,Los Cabos,Outdoor,Hard,2023-08-03,4.0,1.25,0
Djere L.,38,243,120,123,10,22,110,101,Cachin P.,54,52,23,29,1,3,22,26,Generali Open,Kitzbuhel,Outdoor,Clay,2023-08-03,1.8,2.0,1
Etcheverry T.,34,60,26,34,5,3,21,31,Galan D.E.,76,78,33,45,3,5,30,40,Generali Open,Kitzbuhel,Outdoor,Clay,2023-08-03,1.36,3.2,1
Baez S.,72,95,47,48,6,6,41,42,Molcan A.,120,86,45,41,1,6,44,35,Generali Open,Kitzbuhel,Outdoor,Clay,2023-08-03,1.44,2.75,1
Jung J.,276,32,10,22,5,4,5,18,Coric B.,15,343,185,158,28,28,157,130,Los Cabos Open,Los Cabos,Outdoor,Hard,2023-08-03,5.5,1.14,0
Thompson J.,71,221,96,125,10,10,86,115,Eubanks C.,29,64,28,36,1,3,27,33,Citi Open,Washington,Outdoor,Hard,2023-08-04,1.8,2.0,1
Shevchenko A.,93,20,8,12,0,2,8,10,Evans D.,30,251,124,127,18,16,106,111,Citi Open,Washington,Outdoor,Hard,2023-08-04,2.38,1.57,0
Shang J.,149,12,4,8,0,0,4,8,Tiafoe F.,10,303,158,145,24,23,134,122,Citi Open,Washington,Outdoor,Hard,2023-08-04,4.33,1.22,0
Humbert U.,36,170,80,90,23,21,57,69,Dimitrov G.,20,651,389,262,79,50,310,212,Citi Open,Washington,Outdoor,Hard,2023-08-04,2.75,1.44,0
Griekspoor T.,37,97,47,50,7,14,40,36,Monfils G.,323,816,510,306,131,65,379,241,Citi Open,Washington,Outdoor,Hard,2023-08-04,1.73,2.1,1
Ivashka I.,113,159,78,81,19,18,59,63,Coric B.,15,343,185,158,28,28,157,130,Los Cabos Open,Los Cabos,Outdoor,Hard,2023-08-04,3.4,1.33,0
Tsitsipas S.,5,390,264,126,49,32,215,94,Jarry N.,28,141,73,68,9,6,64,62,Los Cabos Open,Los Cabos,Outdoor,Hard,2023-08-04,1.3,3.5,1
De Minaur A.,19,272,161,111,30,19,131,92,Paul T.,14,204,111,93,19,13,92,80,Los Cabos Open,Los Cabos,Outdoor,Hard,2023-08-04,1.67,2.2,1
Baez S.,72,95,47,48,6,6,41,42,Etcheverry T.,34,60,26,34,5,3,21,31,Generali Open,Kitzbuhel,Outdoor,Clay,2023-08-04,1.91,1.91,1
Kovacevic A.,129,14,6,8,0,0,6,8,Koepfer D.,84,86,38,48,3,3,35,45,Los Cabos Open,Los Cabos,Outdoor,Hard,2023-08-04,2.75,1.44,0
Griekspoor T.,37,97,47,50,7,14,40,36,Wolf J.J.,45,75,39,36,8,6,31,30,Citi Open,Washington,Outdoor,Hard,2023-08-04,2.2,1.67,1
Thiem D.,116,517,327,190,53,39,274,151,Djere L.,38,243,120,123,10,22,110,101,Generali Open,Kitzbuhel,Outdoor,Clay,2023-08-04,2.3,1.62,1
Fritz T.,9,356,205,151,26,22,179,129,Murray A.,44,932,687,245,132,47,555,198,Citi Open,Washington,Outdoor,Hard,2023-08-04,1.36,3.2,1
Coric B.,15,343,185,158,28,28,157,130,Tsitsipas S.,5,390,264,126,49,32,215,94,Los Cabos Open,Los Cabos,Outdoor,Hard,2023-08-05,3.0,1.4,0
Thiem D.,116,517,327,190,53,39,274,151,Baez S.,72,95,47,48,6,6,41,42,Generali Open,Kitzbuhel,Outdoor,Clay,2023-08-05,2.0,1.8,0
Koepfer D.,84,86,38,48,3,3,35,45,De Minaur A.,19,272,161,111,30,19,131,92,Los Cabos Open,Los Cabos,Outdoor,Hard,2023-08-05,4.0,1.25,0
Fritz T.,9,356,205,151,26,22,179,129,Thompson J.,71,221,96,125,10,10,86,115,Citi Open,Washington,Outdoor,Hard,2023-08-05,1.44,2.75,1
Tiafoe F.,10,303,158,145,24,23,134,122,Evans D.,30,251,124,127,18,16,106,111,Citi Open,Washington,Outdoor,Hard,2023-08-05,1.29,3.75,0
Fritz T.,9,356,205,151,26,22,179,129,Griekspoor T.,37,97,47,50,7,14,40,36,Citi Open,Washington,Outdoor,Hard,2023-08-06,1.3,3.5,0
Tsitsipas S.,5,390,264,126,49,32,215,94,De Minaur A.,19,272,161,111,30,19,131,92,Los Cabos Open,Los Cabos,Outdoor,Hard,2023-08-06,1.36,3.2,1
Evans D.,30,251,124,127,18,16,106,111,Dimitrov G.,20,651,389,262,79,50,310,212,Citi Open,Washington,Outdoor,Hard,2023-08-06,3.2,1.36,1
Evans D.,30,251,124,127,18,16,106,111,Griekspoor T.,37,97,47,50,7,14,40,36,Citi Open,Washington,Outdoor,Hard,2023-08-06,2.0,1.8,1
