name,ATPRank,games,wins,loses,players_odds,indoors_win,indoors_loss,outdoors_win,outdoors_loss,ratio_win,players_indoors_win_ratio,players_outdoors_win_ratio
 Hajek J.,79,2,1,1,2.915,0,0,1,1,0.5,,0.5
Abdulla M.,1349,1,0,1,,0,0,0,1,0.0,,0.0
Abel M.,411,1,0,1,,0,0,0,1,0.0,,0.0
Acasuso J.,256,271,141,130,2.3588582261029414,8,15,133,115,0.5202952029520295,0.34782608695652173,0.5362903225806451
Adaktusson J.,265,1,0,1,,0,0,0,1,0.0,,0.0
Agamenone F.,136,5,3,2,4.275,0,0,3,2,0.6,,0.6
Agassi A.,39,118,85,33,1.7003970256024097,12,5,73,28,0.7203389830508474,0.7058823529411765,0.7227722772277227
Ager J.,295,1,0,1,,0,0,0,1,0.0,,0.0
Agostinelli B.,1171,1,0,1,,0,0,0,1,0.0,,0.0
Aguilar J.,191,6,1,5,,0,1,1,4,0.16666666666666666,0.0,0.2
Ahouda A.,727,4,1,3,16.166666666666668,0,0,1,3,0.25,,0.25
Ajdukovic D.,299,4,1,3,2.8000000000000003,0,0,1,3,0.25,,0.25
Al Ghareeb M.,514,7,1,6,,0,0,1,6,0.14285714285714285,,0.14285714285714285
Al Mutawa J.,0,2,0,2,,0,0,0,2,0.0,,0.0
Al-Ghareeb M.,431,1,0,1,,0,0,0,1,0.0,,0.0
Alawadhi O.,0,1,0,1,,0,0,0,1,0.0,,0.0
Albot R.,97,215,86,129,3.0446032831737346,26,26,60,103,0.4,0.5,0.36809815950920244
Alcaide G.,238,1,0,1,,0,0,0,1,0.0,,0.0
Alcaraz C.,1,164,130,34,1.7737904696762428,10,5,120,29,0.7926829268292683,0.6666666666666666,0.8053691275167785
Aldi F.,238,8,1,7,5.675,0,1,1,6,0.125,0.0,0.14285714285714285
Ali Mutawa J.M.,0,2,0,2,,0,0,0,2,0.0,,0.0
Allegro Y.,0,4,1,3,,0,0,1,3,0.25,,0.25
Almagro N.,661,654,384,270,2.279300826519207,29,36,355,234,0.5871559633027523,0.4461538461538462,0.6027164685908319
Almagro N. ,27,1,0,1,,0,1,0,0,0.0,0.0,
Altamirano C.,345,2,0,2,,0,0,0,2,0.0,,0.0
Altmaier D.,51,79,28,51,2.762713585434174,1,5,27,46,0.35443037974683544,0.16666666666666666,0.3698630136986301
Alund M.,131,17,7,10,5.695857142857143,3,1,4,9,0.4117647058823529,0.75,0.3076923076923077
Alvarez Varona N.,231,3,1,2,4.0,1,1,0,1,0.3333333333333333,0.5,0.0
Alves M.,556,1,0,1,,0,0,0,1,0.0,,0.0
Alves T.,138,29,7,22,4.595428571428571,0,0,7,22,0.2413793103448276,,0.2413793103448276
Amritraj P.,308,27,11,16,2.9333928571428567,0,2,11,14,0.4074074074074074,0.0,0.44
Ancic I.,68,3,2,1,2.875,0,0,2,1,0.6666666666666666,,0.6666666666666666
Ancic M.,422,272,174,98,2.168427785200738,52,31,122,67,0.6397058823529411,0.6265060240963856,0.6455026455026455
Andersen J.F.,190,3,1,2,,0,1,1,1,0.3333333333333333,0.0,0.5
Anderson A.,1564,1,0,1,,0,0,0,1,0.0,,0.0
Anderson K.,652,598,347,251,2.3719290173410403,48,38,299,213,0.580267558528428,0.5581395348837209,0.583984375
Anderson O.,813,1,0,1,,0,0,0,1,0.0,,0.0
Andreev A.,319,8,2,6,5.840833333333333,2,6,0,0,0.25,0.25,
Andreev I.,416,423,214,209,2.157216102585663,23,32,191,177,0.5059101654846335,0.41818181818181815,0.5190217391304348
Andreev I. ,35,1,0,1,,0,1,0,0,0.0,0.0,
Andreozzi G.,240,39,12,27,3.233737373737374,0,0,12,27,0.3076923076923077,,0.3076923076923077
Androic T.,363,2,0,2,,0,1,0,1,0.0,0.0,0.0
Andujar P.,323,404,164,240,3.349938907000026,12,30,152,210,0.40594059405940597,0.2857142857142857,0.4198895027624309
Aragone J.,289,2,0,2,,0,0,0,2,0.0,,0.0
Aragone J.C.,299,1,0,1,,0,0,0,1,0.0,,0.0
Aragone JC,265,1,0,1,,0,0,0,1,0.0,,0.0
Aranguren J.M.,257,2,0,2,,0,0,0,2,0.0,,0.0
Arazi H.,138,34,15,19,2.5354833333333335,1,4,14,15,0.4411764705882353,0.2,0.4827586206896552
Arevalo M.,220,2,0,2,,0,0,0,2,0.0,,0.0
Arguello F.,181,17,1,16,4.176666666666667,0,0,1,16,0.058823529411764705,,0.058823529411764705
Armando H.,205,24,9,15,3.4746428571428574,0,0,9,15,0.375,,0.375
Arnaboldi A.,267,14,4,10,3.7002500000000005,0,1,4,9,0.2857142857142857,0.0,0.3076923076923077
Arnaldi M.,76,18,9,9,3.2222222222222223,0,0,9,9,0.5,,0.5
Arthurs W.,195,88,39,49,2.5110034502587695,6,7,33,42,0.4431818181818182,0.46153846153846156,0.44
Artunedo Martinavarro A.,340,1,0,1,,0,1,0,0,0.0,0.0,
Arvidsson I.,507,1,0,1,,0,0,0,1,0.0,,0.0
Ascione T.,238,66,19,47,2.9863593350383626,2,12,17,35,0.2878787878787879,0.14285714285714285,0.3269230769230769
Auckland J.,414,3,2,1,5.5,2,1,0,0,0.6666666666666666,0.6666666666666666,
Auger-Aliassime F.,12,268,163,105,1.8139207763095797,48,22,115,83,0.6082089552238806,0.6857142857142857,0.5808080808080808
Authom M.,156,2,0,2,,0,0,0,2,0.0,,0.0
Avidzba A.,498,2,1,1,2.54,1,1,0,0,0.5,0.5,
Awadhy O.,0,2,0,2,,0,0,0,2,0.0,,0.0
Azzaro L.,295,3,0,3,,0,0,0,3,0.0,,0.0
Baccanello P.,310,5,1,4,3.385375,1,1,0,3,0.2,0.5,0.0
Bachinger M.,279,86,31,55,3.0425576923076925,14,17,17,38,0.36046511627906974,0.45161290322580644,0.3090909090909091
Baez S.,72,95,47,48,2.389135638297872,6,6,41,42,0.49473684210526314,0.5,0.4939759036144578
Baghdatis M.,135,596,324,272,2.300156133828996,81,54,243,218,0.5436241610738255,0.6,0.527114967462039
Bagnis F.,135,121,39,82,3.2126719824890553,9,8,30,74,0.32231404958677684,0.5294117647058824,0.28846153846153844
Bahrouzyan O.,808,4,0,4,,0,0,0,4,0.0,,0.0
Bai Y.,222,8,2,6,7.1416666666666675,0,0,2,6,0.25,,0.25
Bailly G.,1185,1,0,1,,0,1,0,0,0.0,0.0,
Baker B.,312,55,20,35,3.394171428571428,2,5,18,30,0.36363636363636365,0.2857142857142857,0.375
Baker J.,295,19,3,16,3.7651041666666667,0,0,3,16,0.15789473684210525,,0.15789473684210525
Balazs A.,745,33,16,17,4.549044117647059,0,1,16,16,0.48484848484848486,0.0,0.5
Baldi F.,149,3,0,3,,0,0,0,3,0.0,,0.0
Ball C.,158,20,8,12,3.9672916666666667,0,0,8,12,0.4,,0.4
Balleret B.,348,11,3,8,7.366071428571429,1,1,2,7,0.2727272727272727,0.5,0.2222222222222222
Baluda V.,466,1,0,1,,0,1,0,0,0.0,0.0,
Bangoura S.,313,1,0,1,,0,0,0,1,0.0,,0.0
Barrere G.,59,79,31,48,2.980336021505376,11,16,20,32,0.3924050632911392,0.4074074074074074,0.38461538461538464
Barrientos N.,354,4,0,4,,0,0,0,4,0.0,,0.0
Barrios M.,121,10,3,7,2.512380952380952,0,0,3,7,0.3,,0.3
Barrios Vera M.T.,300,2,1,1,3.0,1,1,0,0,0.5,0.5,
Barton M.,198,8,4,4,5.3125,0,0,4,4,0.5,,0.5
Basic M.,292,50,22,28,3.397738095238095,12,7,10,21,0.44,0.631578947368421,0.3225806451612903
Basilashvili N.,118,301,138,163,2.896651138716356,26,34,112,129,0.4584717607973422,0.43333333333333335,0.46473029045643155
Basso A.,416,1,0,1,,0,0,0,1,0.0,,0.0
Bastl G.,227,37,12,25,3.3622916666666667,4,12,8,13,0.32432432432432434,0.25,0.38095238095238093
Bautista Agut R.,25,379,234,145,1.9774626068376069,31,29,203,116,0.6174142480211082,0.5166666666666667,0.6363636363636364
Bautista R.,18,223,134,89,2.7149262116384367,33,21,101,68,0.600896860986547,0.6111111111111112,0.5976331360946746
Bautista R. ,315,1,0,1,,0,1,0,0,0.0,0.0,
Beck A.,338,99,38,61,3.2543333333333333,5,8,33,53,0.3838383838383838,0.38461538461538464,0.38372093023255816
Beck A. ,33,1,0,1,,0,1,0,0,0.0,0.0,
Beck K.,143,134,50,84,3.1329942602040814,15,21,35,63,0.373134328358209,0.4166666666666667,0.35714285714285715
Becker B.,163,369,153,216,3.0785530816688045,46,50,107,166,0.4146341463414634,0.4791666666666667,0.39194139194139194
Becker B. ,43,1,0,1,,0,1,0,0,0.0,0.0,
Bedene A.,347,291,131,160,2.8427720965960916,18,23,113,137,0.45017182130584193,0.43902439024390244,0.452
Bega A.,351,1,0,1,,0,0,0,1,0.0,,0.0
Behrend T.,152,52,16,36,3.0011392045454546,2,3,14,33,0.3076923076923077,0.4,0.2978723404255319
Belic L.,766,3,0,3,,0,0,0,3,0.0,,0.0
Bellier A.,190,9,4,5,4.775499999999999,1,2,3,3,0.4444444444444444,0.3333333333333333,0.5
Bellotti R.,204,1,0,1,,0,0,0,1,0.0,,0.0
Bellucci M.,152,1,0,1,,0,0,0,1,0.0,,0.0
Bellucci T.,915,380,179,201,2.7086286516853932,22,24,157,177,0.4710526315789474,0.4782608695652174,0.47005988023952094
Belyaev I.,334,1,0,1,,0,1,0,0,0.0,0.0,
Bemelmans R.,171,72,23,49,3.5064809782608695,9,16,14,33,0.3194444444444444,0.36,0.2978723404255319
Benchetrit E.,445,8,1,7,3.882142857142857,0,0,1,7,0.125,,0.125
Benneteau A.,75,1,0,1,,0,0,0,1,0.0,,0.0
Benneteau J.,60,545,265,280,2.7194898262178437,83,66,182,214,0.48623853211009177,0.5570469798657718,0.4595959595959596
Benneteau J. ,48,1,0,1,,0,1,0,0,0.0,0.0,
Berankis R.,212,249,104,145,3.0232043521928356,36,31,68,114,0.41767068273092367,0.5373134328358209,0.37362637362637363
Berdych T.,98,910,592,318,1.9906093542158336,113,71,479,247,0.6505494505494506,0.6141304347826086,0.6597796143250688
Berdych T. ,19,2,1,1,1.9900000000000002,1,1,0,0,0.5,0.5,
Bergs Z.,175,15,4,11,3.211818181818182,1,5,3,6,0.26666666666666666,0.16666666666666666,0.3333333333333333
Berlocq C.,177,312,127,185,3.166681993869119,12,18,115,167,0.40705128205128205,0.4,0.4078014184397163
Berrer M.,154,231,88,143,3.2357591240875916,33,36,55,107,0.38095238095238093,0.4782608695652174,0.3395061728395062
Berrettini J.,842,2,1,1,10.25,0,0,1,1,0.5,,0.5
Berrettini M.,38,217,142,75,2.0072,14,11,128,64,0.6543778801843319,0.56,0.6666666666666666
Berrettini M. ,8,3,1,2,4.35,1,2,0,0,0.3333333333333333,0.3333333333333333,
Berta D.,0,2,0,2,,0,0,0,2,0.0,,0.0
Bester P.,225,5,0,5,,0,0,0,5,0.0,,0.0
Betov S.,514,1,0,1,,0,1,0,0,0.0,0.0,
Bhambri Y.,862,40,14,26,3.871730769230769,2,5,12,21,0.35,0.2857142857142857,0.36363636363636365
Biryukov M.,310,2,0,2,,0,2,0,0,0.0,0.0,
Bjorkman J.,173,168,75,93,2.712570525365046,20,21,55,72,0.44642857142857145,0.4878048780487805,0.4330708661417323
Blake J.,100,439,269,170,2.0175511140819964,50,36,219,134,0.6127562642369021,0.5813953488372093,0.6203966005665722
Blake J. ,41,1,0,1,,0,1,0,0,0.0,0.0,
Blake T.,715,1,0,1,,0,0,0,1,0.0,,0.0
Blancaneaux G.,152,6,0,6,,0,4,0,2,0.0,0.0,0.0
Blanch U.,244,1,0,1,,0,0,0,1,0.0,,0.0
Blanco G.,347,27,8,19,3.199803921568628,0,0,8,19,0.2962962962962963,,0.2962962962962963
Bloomfield R.,332,15,4,11,4.334848484848485,0,1,4,10,0.26666666666666666,0.0,0.2857142857142857
Blumberg W.,773,1,0,1,,0,0,0,1,0.0,,0.0
Boeker M.,246,4,1,3,,0,0,1,3,0.25,,0.25
Bogaerts R.,1149,1,0,1,,0,0,0,1,0.0,,0.0
Bogdanovic A.,403,30,8,22,3.069438311688312,1,1,7,21,0.26666666666666666,0.5,0.25
Bogomolov A.,85,152,61,91,3.1993653483992466,16,17,45,74,0.40131578947368424,0.48484848484848486,0.37815126050420167
Bohane A.,1416,1,0,1,,0,0,0,1,0.0,,0.0
Bohli S.,401,20,2,18,2.9703125000000004,1,8,1,10,0.1,0.1111111111111111,0.09090909090909091
Bohli S. ,148,1,0,1,,0,1,0,0,0.0,0.0,
Bolelli S.,187,268,113,155,3.4104321342374444,20,33,93,122,0.4216417910447761,0.37735849056603776,0.4325581395348837
Bolelli S. ,94,1,0,1,,0,1,0,0,0.0,0.0,
Bolt A.,345,40,13,27,3.1015740740740743,0,0,13,27,0.325,,0.325
Bonadio R.,181,3,1,2,3.15,1,1,0,1,0.3333333333333333,0.5,0.0
Bonzi B.,107,83,37,46,2.5454084084084085,10,13,27,33,0.4457831325301205,0.43478260869565216,0.45
Bopanna R.,0,20,5,15,3.83125,1,4,4,11,0.25,0.2,0.26666666666666666
Borg L.,437,4,1,3,14.5,0,2,1,1,0.25,0.0,0.5
Borges N.,69,28,10,18,2.8827777777777777,1,1,9,17,0.35714285714285715,0.5,0.34615384615384615
Borvanov R.,357,1,0,1,,0,1,0,0,0.0,0.0,
Bossel A.,282,2,0,2,,0,0,0,2,0.0,,0.0
Bourchier H.,324,2,1,1,4.3100000000000005,0,0,1,1,0.5,,0.5
Bourgeois L.,369,2,0,2,,0,0,0,2,0.0,,0.0
Bourgue M.,197,5,1,4,7.1425,0,1,1,3,0.2,0.0,0.25
Boutter J.,489,6,1,5,,0,0,1,5,0.16666666666666666,,0.16666666666666666
Bowles C.,1401,1,0,1,,0,0,0,1,0.0,,0.0
Bozoljac I.,244,25,8,17,3.17828431372549,2,4,6,13,0.32,0.3333333333333333,0.3157894736842105
Bracciali D.,139,80,31,49,3.1948988005996997,8,12,23,37,0.3875,0.4,0.38333333333333336
Braga P.,368,1,0,1,,0,0,0,1,0.0,,0.0
Brancaccio R.,336,1,0,1,,0,0,0,1,0.0,,0.0
Brands D.,180,151,58,93,3.040438596491228,16,24,42,69,0.3841059602649007,0.4,0.3783783783783784
Britton D.,1461,3,0,3,,0,1,0,2,0.0,0.0,0.0
Brizzi A.,273,1,0,1,,0,0,0,1,0.0,,0.0
Broady L.,125,47,18,29,3.8881547619047616,5,3,13,26,0.3829787234042553,0.625,0.3333333333333333
Brooksby J.,39,79,46,33,2.506627140974967,6,5,40,28,0.5822784810126582,0.5454545454545454,0.5882352941176471
Brouwer G.,144,21,11,10,3.401136363636364,3,2,8,8,0.5238095238095238,0.6,0.5
Brown D.,303,158,62,96,3.333123319892473,11,14,51,82,0.3924050632911392,0.44,0.38345864661654133
Browne F.,181,3,1,2,,0,0,1,2,0.3333333333333333,,0.3333333333333333
Brugues-Davi A.,184,4,1,3,3.2833333333333337,1,1,0,2,0.25,0.5,0.0
Bryan B.,273,1,0,1,,0,1,0,0,0.0,0.0,
Bryde T.,1164,1,0,1,,0,0,0,1,0.0,,0.0
Brzezicki J.P.,196,23,6,17,2.9734999999999996,0,1,6,16,0.2608695652173913,0.0,0.2727272727272727
Bubka S.,146,17,5,12,4.6161666666666665,0,1,5,11,0.29411764705882354,0.0,0.3125
Bublik A.,25,219,110,109,2.5106722268557133,39,30,71,79,0.502283105022831,0.5652173913043478,0.47333333333333333
Buchanan C.,172,2,0,2,,0,0,0,2,0.0,,0.0
Burgsmuller L.,263,66,18,48,3.0716453804347825,1,7,17,41,0.2727272727272727,0.125,0.29310344827586204
Burniol G.,505,2,0,2,,0,0,0,2,0.0,,0.0
Burquier G.,205,1,0,1,,0,1,0,0,0.0,0.0,
Cabal J.S.,0,2,0,2,,0,0,0,2,0.0,,0.0
Cachin P.,54,52,23,29,3.354392803598201,1,3,22,26,0.4423076923076923,0.25,0.4583333333333333
Cacic N.,761,2,1,1,8.5,0,0,1,1,0.5,,0.5
Cadart R.,0,1,0,1,,0,1,0,0,0.0,0.0,
Cakl T.,283,12,3,9,3.925,2,4,1,5,0.25,0.3333333333333333,0.16666666666666666
Calatrava A.,188,39,12,27,3.064222222222222,1,2,11,25,0.3076923076923077,0.3333333333333333,0.3055555555555556
Calleri A.,148,228,116,112,2.1440294312169312,7,18,109,94,0.5087719298245614,0.28,0.5369458128078818
Canas G.,151,210,125,85,2.0569846864365586,15,16,110,69,0.5952380952380952,0.4838709677419355,0.6145251396648045
Capdeville P.,151,101,35,66,3.1536121323529414,3,7,32,59,0.3465346534653465,0.3,0.3516483516483517
Carballes Baena R.,64,207,91,116,3.315915750915751,11,10,80,106,0.4396135265700483,0.5238095238095238,0.43010752688172044
Carlsen K.,304,110,46,64,2.7919409073579873,14,13,32,51,0.41818181818181815,0.5185185185185185,0.3855421686746988
Carraz G.,167,49,18,31,2.4203694581280786,5,8,13,23,0.3673469387755102,0.38461538461538464,0.3611111111111111
Carreno Busta P.,16,352,214,138,2.220969456860355,33,25,181,113,0.6079545454545454,0.5689655172413793,0.6156462585034014
Carreno-Busta P.,53,108,42,66,2.9674350649350654,8,11,34,55,0.3888888888888889,0.42105263157894735,0.38202247191011235
Caruana L.,397,1,0,1,,0,0,0,1,0.0,,0.0
Caruso S.,146,63,19,44,3.4097906698564593,5,9,14,35,0.30158730158730157,0.35714285714285715,0.2857142857142857
Casanova H.,321,1,0,1,,0,0,0,1,0.0,,0.0
Catarina L.,430,4,0,4,,0,0,0,4,0.0,,0.0
Cazaux A.,190,4,1,3,2.286666666666667,0,0,1,3,0.25,,0.25
Cecchinato M.,108,204,79,125,2.7199250632911394,2,14,77,111,0.3872549019607843,0.125,0.4095744680851064
Celikbilek A.,230,9,4,5,3.57675,3,3,1,2,0.4444444444444444,0.5,0.3333333333333333
Cermak F.,830,11,4,7,3.7941428571428575,0,2,4,5,0.36363636363636365,0.0,0.4444444444444444
Cerundolo F.,21,104,58,46,2.578039664378337,3,7,55,39,0.5576923076923077,0.3,0.5851063829787234
Cerundolo J.M.,106,29,12,17,3.339679144385027,2,3,10,14,0.41379310344827586,0.4,0.4166666666666667
Cervantes I.,125,49,17,32,3.4191084558823532,4,4,13,28,0.3469387755102041,0.5,0.3170731707317073
Cervenak P.,204,9,5,4,4.22775,0,1,5,3,0.5555555555555556,0.0,0.625
Chadaj A.,230,2,1,1,4.375,0,0,1,1,0.5,,0.5
Chaen T.,625,1,0,1,,0,0,0,1,0.0,,0.0
Chaki R.,482,2,0,2,,0,0,0,2,0.0,,0.0
Chakravarthi C.,0,1,0,1,,0,1,0,0,0.0,0.0,
Chappell N.,432,2,0,2,,0,0,0,2,0.0,,0.0
Chardy J.,542,591,289,302,2.7839732394366195,44,48,245,254,0.4890016920473773,0.4782608695652174,0.4909819639278557
Chardy J. ,31,2,1,1,2.015,1,1,0,0,0.5,0.5,
Chekov P.,17,1,0,1,,0,1,0,0,0.0,0.0,
Chela J.,38,5,3,2,1.6048333333333331,0,0,3,2,0.6,,0.6
Chela J.I.,83,385,201,184,2.3007899553634092,9,22,192,162,0.522077922077922,0.2903225806451613,0.5423728813559322
Chen T.,321,3,0,3,,0,2,0,1,0.0,0.0,0.0
Chidekh C.,434,1,0,1,,0,1,0,0,0.0,0.0,
Childs L.,408,3,0,3,,0,0,0,3,0.0,,0.0
Chiudinelli M.,366,124,41,83,3.365853597601599,5,24,36,59,0.33064516129032256,0.1724137931034483,0.37894736842105264
Chiudinelli M. ,73,4,3,1,8.546666666666667,3,1,0,0,0.75,0.75,
Choinski J.,151,6,1,5,4.385,0,0,1,5,0.16666666666666666,,0.16666666666666666
Chrysochos P.,1360,1,0,1,,0,0,0,1,0.0,,0.0
Chung H.,139,138,71,67,2.7181269707799034,7,10,64,57,0.5144927536231884,0.4117647058823529,0.5289256198347108
Chung Y.,322,2,0,2,,0,0,0,2,0.0,,0.0
Chvojka E.,233,2,0,2,,0,0,0,2,0.0,,0.0
Cilic M.,100,853,543,310,2.042417769000584,119,65,424,245,0.6365767878077374,0.6467391304347826,0.6337817638266069
Cilic M. ,13,3,2,1,1.3875000000000002,2,1,0,0,0.6666666666666666,0.6666666666666666,
Ciorcila P.,589,1,0,1,,0,0,0,1,0.0,,0.0
Cipolla F.,147,101,35,66,3.5959393939393935,7,8,28,58,0.3465346534653465,0.4666666666666667,0.32558139534883723
Clarke J.,156,13,2,11,5.3309999999999995,0,0,2,11,0.15384615384615385,,0.15384615384615385
Clayton A.,1281,1,0,1,,0,0,0,1,0.0,,0.0
Clemens T.,207,4,2,2,4.7575,2,2,0,0,0.5,0.5,
Clement A.,139,289,128,161,2.629635777559055,40,49,88,112,0.4429065743944637,0.449438202247191,0.44
Clezar G.,225,12,1,11,2.876818181818182,1,6,0,5,0.08333333333333333,0.14285714285714285,0.0
Cobolli F.,148,14,5,9,3.4414444444444445,0,1,5,8,0.35714285714285715,0.0,0.38461538461538464
Collarini A.,210,1,0,1,,0,0,0,1,0.0,,0.0
Condor F.,374,1,0,1,,0,0,0,1,0.0,,0.0
Cook L.,1445,1,0,1,,0,0,0,1,0.0,,0.0
Copil M.,350,128,47,81,3.0906566850538484,19,19,28,62,0.3671875,0.5,0.3111111111111111
Coppejans K.,188,11,0,11,,0,3,0,8,0.0,0.0,0.0
Coria F.,108,99,43,56,3.7406955980066448,2,6,41,50,0.43434343434343436,0.25,0.45054945054945056
Coria G.,564,160,99,61,1.930382456140351,4,9,95,52,0.61875,0.3076923076923077,0.6462585034013606
Coric B.,15,343,185,158,2.386229900786863,28,28,157,130,0.5393586005830904,0.5,0.5470383275261324
Corretja A.,153,37,13,24,2.45438127090301,4,5,9,19,0.35135135135135137,0.4444444444444444,0.32142857142857145
Corrie E.,330,1,0,1,,0,0,0,1,0.0,,0.0
Costa A.,249,75,34,41,2.1792079326923077,3,6,31,35,0.4533333333333333,0.3333333333333333,0.4696969696969697
Couacaud E.,158,9,2,7,5.2160714285714285,0,1,2,6,0.2222222222222222,0.0,0.25
Cox D.,214,5,0,5,,0,0,0,5,0.0,,0.0
Crabb J.,409,1,0,1,,0,1,0,0,0.0,0.0,
Cressy M.,96,96,42,54,2.7126190476190475,10,11,32,43,0.4375,0.47619047619047616,0.4266666666666667
Crivoi V.,206,41,12,29,3.044545454545455,2,5,10,24,0.2926829268292683,0.2857142857142857,0.29411764705882354
Cruciat A.,183,3,1,2,2.6125,0,0,1,2,0.3333333333333333,,0.3333333333333333
Crugnola M.,237,3,0,3,,0,0,0,3,0.0,,0.0
Cuadrado C.,225,5,3,2,3.1875,0,0,3,2,0.6,,0.6
Cuevas P.,149,421,210,211,2.3887850893182647,34,25,176,186,0.498812351543943,0.576271186440678,0.4861878453038674
Cuevas P. ,50,2,1,1,3.625,1,1,0,0,0.5,0.5,
Dabul B.,164,42,15,27,3.5455185185185187,2,2,13,25,0.35714285714285715,0.5,0.34210526315789475
Dailey Z.,868,1,0,1,,0,1,0,0,0.0,0.0,
Dancevic F.,422,137,52,85,2.7350657239819007,7,12,45,73,0.3795620437956204,0.3684210526315789,0.3813559322033898
Daniel M.,147,78,19,59,3.9075589836660614,0,5,19,54,0.24358974358974358,0.0,0.2602739726027397
Daniel T.,111,178,67,111,3.0271643035863214,3,10,64,101,0.37640449438202245,0.23076923076923078,0.3878787878787879
Darcis S.,179,214,92,122,3.292840355805244,22,23,70,99,0.42990654205607476,0.4888888888888889,0.41420118343195267
Darderi L.,184,3,1,2,2.9275,0,0,1,2,0.3333333333333333,,0.3333333333333333
Dasnieres de Veigy J.,158,6,1,5,3.06,0,1,1,4,0.16666666666666666,0.0,0.2
Davidovich Fokina A.,39,168,84,84,2.2816666666666667,17,20,67,64,0.5,0.4594594594594595,0.5114503816793893
Davletshin V.,620,1,0,1,,0,1,0,0,0.0,0.0,
Davydenko N.,92,670,415,255,2.083673202614379,97,63,318,192,0.6194029850746269,0.60625,0.6235294117647059
Davydenko N. ,7,4,3,1,1.26,3,1,0,0,0.75,0.75,
Davydenko P.,658,3,1,2,6.375,0,1,1,1,0.3333333333333333,0.0,0.5
De Bakker T.,224,134,54,80,3.354891509433962,6,15,48,65,0.40298507462686567,0.2857142857142857,0.4247787610619469
De Chaunac S.,144,10,5,5,3.5629999999999997,0,1,5,4,0.5,0.0,0.5555555555555556
De Greef A.,115,8,3,5,4.028333333333333,0,0,3,5,0.375,,0.375
De Heart R.,241,3,1,2,10.86,0,0,1,2,0.3333333333333333,,0.3333333333333333
De Jong J.,180,3,0,3,,0,1,0,2,0.0,0.0,0.0
De Loore J.,351,2,0,2,,0,1,0,1,0.0,0.0,0.0
De Minaur A.,19,272,161,111,2.0893607954545454,30,19,131,92,0.5919117647058824,0.6122448979591837,0.5874439461883408
De Paula F.,458,1,0,1,,0,0,0,1,0.0,,0.0
De Schepper K.,186,88,27,61,3.1835740740740746,10,21,17,40,0.3068181818181818,0.3225806451612903,0.2982456140350877
De Voest R.,338,28,7,21,2.9865,2,5,5,16,0.25,0.2857142857142857,0.23809523809523808
Decoud S.,215,8,4,4,5.29125,0,0,4,4,0.5,,0.5
Deen Heshaam A.,1557,1,0,1,,0,1,0,0,0.0,0.0,
Deheart R.,270,2,0,2,,0,2,0,0,0.0,0.0,
Del Bonis F.,10,13,6,7,2.945952380952381,0,1,6,6,0.46153846153846156,0.0,0.5
Del Potro J.,75,3,2,1,1.7675,0,0,2,1,0.6666666666666666,,0.6666666666666666
Del Potro J. M.,30,3,2,1,2.3125,0,0,2,1,0.6666666666666666,,0.6666666666666666
Del Potro J.M.,753,581,411,170,1.9852196727477898,90,38,321,132,0.7074010327022375,0.703125,0.7086092715231788
Delbonis F.,131,340,152,188,2.6412330073177595,19,23,133,165,0.4470588235294118,0.4523809523809524,0.4463087248322148
Delgado J.,447,9,3,6,3.5389166666666667,0,0,3,6,0.3333333333333333,,0.3333333333333333
Delgado R.,143,26,9,17,3.4495089285714284,2,2,7,15,0.34615384615384615,0.5,0.3181818181818182
Delic A.,178,72,24,48,3.122891304347826,1,6,23,42,0.3333333333333333,0.14285714285714285,0.35384615384615387
Delic M.,326,10,2,8,3.923125,0,2,2,6,0.2,0.0,0.25
Dell'Acqua M.,472,5,1,4,3.785,0,0,1,4,0.2,,0.2
Dellien H.,164,70,22,48,3.495952611218568,5,5,17,43,0.3142857142857143,0.5,0.2833333333333333
Demoliner M.,1184,2,1,1,5.0,0,0,1,1,0.5,,0.5
Dent T.,92,172,86,86,2.3956011904761905,15,22,71,64,0.5,0.40540540540540543,0.5259259259259259
Desein N.,170,3,0,3,,0,0,0,3,0.0,,0.0
Dev Varman S.,1035,3,0,3,,0,1,0,2,0.0,0.0,0.0
Devilder N.,286,70,23,47,3.72508398656215,2,6,21,41,0.32857142857142857,0.25,0.3387096774193548
Devvarman S.,177,115,48,67,3.815975378787879,4,8,44,59,0.41739130434782606,0.3333333333333333,0.42718446601941745
Dhamne M.,0,1,0,1,,0,0,0,1,0.0,,0.0
Di Mauro A.,257,2,1,1,5.6,0,0,1,1,0.5,,0.5
Diallo G.,140,3,0,3,,0,1,0,2,0.0,0.0,0.0
Diaz Acosta F.,137,5,1,4,2.98625,0,0,1,4,0.2,,0.2
Diez S.,292,10,2,8,3.5081249999999997,0,0,2,8,0.2,,0.2
Dimitrov G.,20,651,389,262,2.2141458221666364,79,50,310,212,0.5975422427035331,0.6124031007751938,0.5938697318007663
Djere L.,38,243,120,123,2.6934939024390245,10,22,110,101,0.49382716049382713,0.3125,0.5213270142180095
Djokovic M.,878,4,0,4,,0,1,0,3,0.0,0.0,0.0
Djokovic N.,2,1207,1012,195,1.6962336394948334,146,42,866,153,0.8384424192212097,0.776595744680851,0.8498527968596663
Djokovic N. ,2,8,6,2,1.3808333333333334,6,2,0,0,0.75,0.75,
Dlouhy L.,180,67,20,47,3.5684217171717174,4,9,16,38,0.29850746268656714,0.3076923076923077,0.2962962962962963
Do M.Q.,1422,1,0,1,,0,1,0,0,0.0,0.0,
Dodig I.,412,245,115,130,2.9733427704752278,33,30,82,100,0.46938775510204084,0.5238095238095238,0.45054945054945056
Dolgopolov A.,89,3,0,3,,0,0,0,3,0.0,,0.0
Dolgopolov O.,54,412,215,197,2.3744098391764314,19,29,196,168,0.5218446601941747,0.3958333333333333,0.5384615384615384
Domingues J.,169,11,5,6,3.617,1,1,4,5,0.45454545454545453,0.5,0.4444444444444444
Donaldson J.,192,110,48,62,2.8177755376344082,1,6,47,56,0.43636363636363634,0.14285714285714285,0.4563106796116505
Donati M.,282,2,1,1,12.5,0,0,1,1,0.5,,0.5
Donski A.,1529,1,0,1,,0,1,0,0,0.0,0.0,
Donskoy E.,149,162,50,112,3.0775951461665745,14,33,36,79,0.30864197530864196,0.2978723404255319,0.3130434782608696
Dorsch B.,236,3,0,3,,0,1,0,2,0.0,0.0,0.0
Draper J.,55,51,29,22,2.8812539184952977,2,3,27,19,0.5686274509803921,0.4,0.5869565217391305
Draper S.,787,4,0,4,,0,0,0,4,0.0,,0.0
Dubrivnyy A.,424,1,0,1,,0,1,0,0,0.0,0.0,
Duckworth J.,123,143,55,88,3.354769511149228,10,9,45,79,0.38461538461538464,0.5263157894736842,0.3629032258064516
Duclos P.L.,244,4,1,3,,0,0,1,3,0.25,,0.25
Dupuis A.,221,69,30,39,2.4469219924812027,10,8,20,31,0.43478260869565216,0.5555555555555556,0.39215686274509803
Durasovic V.,345,2,0,2,,0,1,0,1,0.0,0.0,0.0
Dustov F.,108,7,0,7,,0,0,0,7,0.0,,0.0
Dutra Da Silva D.,215,1,0,1,,0,0,0,1,0.0,,0.0
Dutra Da Silva R.,114,2,1,1,,0,0,1,1,0.5,,0.5
Dutra Silva R.,138,80,22,58,4.560757575757576,5,5,17,53,0.275,0.5,0.24285714285714285
Dzumhur D.,202,234,107,127,3.4062613113781337,31,29,76,98,0.45726495726495725,0.5166666666666667,0.4367816091954023
Eaton C.,661,2,1,1,3.7199999999999998,0,0,1,1,0.5,,0.5
Ebden M.,432,203,75,128,3.1444111969111974,13,18,62,110,0.3694581280788177,0.41935483870967744,0.36046511627906974
Ebelthite C.,254,1,0,1,,0,0,0,1,0.0,,0.0
Echagaray B.,358,4,0,4,,0,0,0,4,0.0,,0.0
Economidis K.,142,10,1,9,3.5375,0,2,1,7,0.1,0.0,0.125
Edmund K.,473,233,113,120,2.539520280235988,19,10,94,110,0.48497854077253216,0.6551724137931034,0.46078431372549017
Ehrat S.,408,3,0,3,,0,0,0,3,0.0,,0.0
Eitzinger R.,263,9,3,6,4.062,1,2,2,4,0.3333333333333333,0.3333333333333333,0.3333333333333333
El Aarej M.,589,2,0,2,,0,0,0,2,0.0,,0.0
El Amrani R.,667,9,3,6,6.256666666666666,0,0,3,6,0.3333333333333333,,0.3333333333333333
El Aynaoui Y.,0,32,10,22,3.8730277777777777,0,1,10,21,0.3125,0.0,0.3225806451612903
Eleskovic E.,483,10,2,8,4.569642857142857,0,4,2,4,0.2,0.0,0.3333333333333333
Elgin M.,949,10,3,7,5.3741666666666665,3,7,0,0,0.3,0.3,
Elias G.,127,67,23,44,3.205849342770475,5,7,18,37,0.34328358208955223,0.4166666666666667,0.32727272727272727
Elseneer G.,181,22,6,16,2.6276833333333336,0,1,6,15,0.2727272727272727,0.0,0.2857142857142857
Elsner D.,339,11,3,8,2.713357142857143,0,0,3,8,0.2727272727272727,,0.2727272727272727
Emmrich M.,994,1,0,1,,0,0,0,1,0.0,,0.0
Enqvist T.,157,50,19,31,2.204254668930391,6,10,13,21,0.38,0.375,0.38235294117647056
Eriksson M.,536,4,0,4,,0,1,0,3,0.0,0.0,0.0
Erler A.,337,2,1,1,7.1,0,0,1,1,0.5,,0.5
Eschauer W.,218,35,9,26,3.5226250000000006,0,4,9,22,0.2571428571428571,0.0,0.2903225806451613
Escobar G.,364,2,0,2,,0,0,0,2,0.0,,0.0
Escobedo E.,377,57,20,37,2.5371834992887625,2,2,18,35,0.3508771929824561,0.5,0.33962264150943394
Escude N.,67,23,15,8,2.3322857142857143,1,2,14,6,0.6521739130434783,0.3333333333333333,0.7
Estrella Burgos V.,198,109,45,64,3.6988715277777775,0,4,45,60,0.41284403669724773,0.0,0.42857142857142855
Estrella V.,243,1,0,1,,0,0,0,1,0.0,,0.0
Etcheverry T.,34,60,26,34,2.5879298642533937,5,3,21,31,0.43333333333333335,0.625,0.40384615384615385
Eubanks C.,29,64,28,36,3.251547619047619,1,3,27,33,0.4375,0.25,0.45
Evans B.,318,21,6,15,3.48,1,1,5,14,0.2857142857142857,0.5,0.2631578947368421
Evans D.,30,251,124,127,2.656191756272402,18,16,106,111,0.4940239043824701,0.5294117647058824,0.48847926267281105
Eysseric J.,290,4,0,4,,0,0,0,4,0.0,,0.0
Fabbiano T.,192,89,27,62,3.436674937965261,2,10,25,52,0.30337078651685395,0.16666666666666666,0.3246753246753247
Falla A.,310,253,96,157,3.213841039279869,11,22,85,135,0.3794466403162055,0.3333333333333333,0.38636363636363635
Falla A. ,98,1,0,1,,0,1,0,0,0.0,0.0,
Fancutt T.,562,1,0,1,,0,0,0,1,0.0,,0.0
Farah R.,210,9,3,6,7.066333333333334,0,1,3,5,0.3333333333333333,0.0,0.375
Faurel J.C.,148,9,2,7,3.5816666666666666,1,1,1,6,0.2222222222222222,0.5,0.14285714285714285
Federer R.,8,1143,981,162,1.4232684702567713,167,29,814,133,0.8582677165354331,0.8520408163265306,0.8595564941921858
Federer R. ,3,9,6,3,1.3475,6,3,0,0,0.6666666666666666,0.6666666666666666,
Ferreira Silva F.,185,2,0,2,,0,0,0,2,0.0,,0.0
Ferreira W.,107,27,12,15,2.098933333333333,1,2,11,13,0.4444444444444444,0.3333333333333333,0.4583333333333333
Ferreiro F.,185,5,2,3,4.1,0,0,2,3,0.4,,0.4
Ferrer D.,144,1003,669,334,2.149093961545801,89,62,580,272,0.6669990029910269,0.5894039735099338,0.6807511737089202
Ferrer D. ,18,2,1,1,1.345,1,1,0,0,0.5,0.5,
Ferrero J.,3,2,0,2,,0,0,0,2,0.0,,0.0
Ferrero J.C.,161,393,237,156,2.134764876090267,23,26,214,130,0.6030534351145038,0.46938775510204084,0.622093023255814
Ferrero J.C. ,22,1,0,1,,0,1,0,0,0.0,0.0,
Fery A.,391,1,0,1,,0,0,0,1,0.0,,0.0
Ficovich J.P.,230,3,1,2,3.0825,0,0,1,2,0.3333333333333333,,0.3333333333333333
Fidirko N.,934,1,0,1,,0,1,0,0,0.0,0.0,
Fils A.,71,24,15,9,2.675,6,3,9,6,0.625,0.6666666666666666,0.6
Fischer M.,335,21,2,19,2.5163157894736843,0,5,2,14,0.09523809523809523,0.0,0.125
Fish A.,56,1,0,1,,0,1,0,0,0.0,0.0,
Fish M.,581,397,233,164,2.266483528941051,37,32,196,132,0.5869017632241813,0.5362318840579711,0.5975609756097561
Fitz S.,326,1,0,1,,0,0,0,1,0.0,,0.0
Flanagan I.,866,3,2,1,,0,0,2,1,0.6666666666666666,,0.6666666666666666
Fleishman Z.,437,18,5,13,3.9625454545454546,0,2,5,11,0.2777777777777778,0.0,0.3125
Fleming C.,110,2,0,2,,0,0,0,2,0.0,,0.0
Fognini F.,128,742,383,359,2.719557691461751,39,48,344,311,0.5161725067385444,0.4482758620689655,0.5251908396946565
Fogues F.,333,3,1,2,,0,0,1,2,0.3333333333333333,,0.3333333333333333
Fonseca J.,827,1,0,1,,0,0,0,1,0.0,,0.0
Forejtek J.,399,2,1,1,4.875,1,1,0,0,0.5,0.5,
Fornell M.,284,1,0,1,,0,0,0,1,0.0,,0.0
Fraile G.,930,7,0,7,,0,1,0,6,0.0,0.0,0.0
Fratangelo B.,695,62,22,40,3.2977045454545455,0,1,22,39,0.3548387096774194,0.0,0.36065573770491804
Friedl L.,0,3,2,1,4.0075,0,0,2,1,0.6666666666666666,,0.6666666666666666
Fritz T.,9,356,205,151,2.1542681145305806,26,22,179,129,0.5758426966292135,0.5416666666666666,0.5811688311688312
Fruttero J.P.,205,1,0,1,,0,1,0,0,0.0,0.0,
Fucsovics M.,67,249,121,128,2.57405282152231,26,24,95,104,0.4859437751004016,0.52,0.47738693467336685
Furness E.,208,1,0,1,,0,1,0,0,0.0,0.0,
Fyrstenberg M.,836,2,0,2,,0,0,0,2,0.0,,0.0
Gabashvili T.,229,304,109,195,3.2672439713449704,26,48,83,147,0.35855263157894735,0.35135135135135137,0.36086956521739133
Gaio F.,174,18,3,15,3.824285714285714,0,1,3,14,0.16666666666666666,0.0,0.17647058823529413
Gakhov I.,198,3,1,2,10.69,0,0,1,2,0.3333333333333333,,0.3333333333333333
Galan D.,153,3,2,1,18.23,0,0,2,1,0.6666666666666666,,0.6666666666666666
Galan D.E.,76,78,33,45,3.004050505050505,3,5,30,40,0.4230769230769231,0.375,0.42857142857142855
Galarneau A.,237,1,0,1,,0,0,0,1,0.0,,0.0
Galdon P.,305,1,0,1,,0,0,0,1,0.0,,0.0
Galimberti G.,189,5,1,4,2.835,0,2,1,2,0.2,0.0,0.3333333333333333
Gallardo M.,225,2,0,2,,0,0,0,2,0.0,,0.0
Gallardo Valles M.,346,1,0,1,,0,0,0,1,0.0,,0.0
Galovic V.,197,7,2,5,3.915,0,0,2,5,0.2857142857142857,,0.2857142857142857
Galvani S.,321,27,8,19,3.460764705882353,1,2,7,17,0.2962962962962963,0.3333333333333333,0.2916666666666667
Gambill J.M.,671,61,24,37,2.3445193498452013,7,6,17,31,0.39344262295081966,0.5384615384615384,0.3541666666666667
Gamonal H.,187,1,0,1,,0,0,0,1,0.0,,0.0
Gao X.,944,1,0,1,,0,0,0,1,0.0,,0.0
Garanganga T.,451,1,0,1,,0,0,0,1,0.0,,0.0
Garcia A.,213,28,7,21,3.2458125,1,3,6,18,0.25,0.25,0.25
Garcia-Lopez G.,165,648,297,351,2.7853716625378473,42,61,255,290,0.4583333333333333,0.4077669902912621,0.46788990825688076
Garcia-Lopez G. ,47,3,2,1,4.0,2,1,0,0,0.6666666666666666,0.6666666666666666,
Gard C.,250,1,0,1,,0,0,0,1,0.0,,0.0
Garin C.,101,190,103,87,2.5527011494252876,15,13,88,74,0.5421052631578948,0.5357142857142857,0.5432098765432098
Garza D.,480,4,0,4,,0,0,0,4,0.0,,0.0
Gasquet R.,48,948,581,367,2.192766535746812,133,82,448,285,0.6128691983122363,0.6186046511627907,0.6111869031377899
Gasquet R. ,57,3,2,1,1.53,2,1,0,0,0.6666666666666666,0.6666666666666666,
Gaston H.,109,58,24,34,3.4962254901960783,5,9,19,25,0.41379310344827586,0.35714285714285715,0.4318181818181818
Gaudio G.,174,208,122,86,2.002777077304671,6,10,116,76,0.5865384615384616,0.375,0.6041666666666666
Geerts M.,268,1,0,1,,0,1,0,0,0.0,0.0,
Gensse A.,155,4,1,3,,0,0,1,3,0.25,,0.25
Gerasimov E.,150,93,43,50,2.990894636924537,19,19,24,31,0.46236559139784944,0.5,0.43636363636363634
Ghedin R.,319,3,0,3,,0,1,0,2,0.0,0.0,0.0
Ghem A.,221,7,2,5,3.515,0,0,2,5,0.2857142857142857,,0.2857142857142857
Giannessi A.,224,35,12,23,3.2092934782608697,1,4,11,19,0.34285714285714286,0.2,0.36666666666666664
Gicquel M.,127,203,91,112,2.8130264797507785,29,28,62,84,0.4482758620689655,0.5087719298245614,0.4246575342465753
Gigounon G.,209,1,0,1,,0,0,0,1,0.0,,0.0
Gil F.,114,115,49,66,3.59930352393617,2,3,47,63,0.4260869565217391,0.4,0.42727272727272725
Gimelstob J.,549,70,24,46,3.1783569444444444,2,6,22,40,0.34285714285714286,0.25,0.3548387096774194
Gimeno D.,269,1,0,1,,0,0,0,1,0.0,,0.0
Gimeno Valero C.,369,1,0,1,,0,0,0,1,0.0,,0.0
Gimeno-Traver D.,230,262,95,167,3.2885992179863153,7,15,88,152,0.36259541984732824,0.3181818181818182,0.36666666666666664
Gimeno-Traver D. ,77,1,0,1,,0,1,0,0,0.0,0.0,
Ginepri R.,204,303,145,158,2.43663834304558,35,35,110,123,0.47854785478547857,0.5,0.4721030042918455
Giraldo S.,232,326,141,185,2.8265544496487123,12,23,129,162,0.4325153374233129,0.34285714285714286,0.44329896907216493
Giron M.,69,150,68,82,2.8841809246450674,20,14,48,68,0.4533333333333333,0.5882352941176471,0.41379310344827586
Giustino L.,223,8,1,7,4.325,0,0,1,7,0.125,,0.125
Goffin D.,123,522,296,226,2.3461721179143744,66,52,230,174,0.5670498084291188,0.559322033898305,0.5693069306930693
Gojo B.,115,14,3,11,2.451060606060606,0,1,3,10,0.21428571428571427,0.0,0.23076923076923078
Gojowczyk P.,108,172,75,97,3.1470668563300137,17,18,58,79,0.436046511627907,0.4857142857142857,0.4233576642335766
Golding O.,491,3,0,3,,0,0,0,3,0.0,,0.0
Goldstein P.,97,94,42,52,2.9075320512820513,3,9,39,43,0.44680851063829785,0.25,0.47560975609756095
Golmard J.,252,9,4,5,2.411,0,0,4,5,0.4444444444444444,,0.4444444444444444
Golubev A.,154,158,51,107,3.346116914055342,17,23,34,84,0.3227848101265823,0.425,0.288135593220339
Gombos N.,114,66,21,45,3.119194444444444,6,14,15,31,0.3181818181818182,0.3,0.32608695652173914
Gomez A.,698,2,1,1,7.5,0,0,1,1,0.5,,0.5
Gomez E.,155,26,7,19,3.694473684210526,2,2,5,17,0.2692307692307692,0.5,0.22727272727272727
Gomez L.,492,6,0,6,,0,0,0,6,0.0,,0.0
Gomez-Herrera C.,671,1,0,1,,0,0,0,1,0.0,,0.0
Gong M.X.,718,4,0,4,,0,0,0,4,0.0,,0.0
Gonzalez A.,163,46,12,34,3.7174754901960787,0,1,12,33,0.2608695652173913,0.0,0.26666666666666666
Gonzalez F.,221,374,245,129,2.1302951460040984,36,24,209,105,0.6550802139037433,0.6,0.6656050955414012
Gonzalez F. ,11,1,0,1,,0,1,0,0,0.0,0.0,
Gonzalez M.,163,86,28,58,3.4074014778325123,0,4,28,54,0.32558139534883723,0.0,0.34146341463414637
Gonzalez S.,0,9,1,8,4.95375,0,0,1,8,0.1111111111111111,,0.1111111111111111
Goodall J.,215,12,1,11,2.7760000000000002,0,0,1,11,0.08333333333333333,,0.08333333333333333
Goransson T.,800,2,0,2,,0,0,0,2,0.0,,0.0
Granollers G.,280,1,0,1,,0,0,0,1,0.0,,0.0
Granollers M.,100,445,201,244,3.1257637860082306,27,39,174,205,0.451685393258427,0.4090909090909091,0.45910290237467016
Granollers M. ,82,1,0,1,,0,1,0,0,0.0,0.0,
Granollers Pujol G.,331,1,0,1,,0,0,0,1,0.0,,0.0
Granollers-Pujol G.,265,2,0,2,,0,0,0,2,0.0,,0.0
Granollers-Pujol M.,291,1,0,1,,0,0,0,1,0.0,,0.0
Gray A.,288,4,1,3,5.183333333333334,0,0,1,3,0.25,,0.25
Gregorc L.,195,13,6,7,5.029999999999999,0,0,6,7,0.46153846153846156,,0.46153846153846156
Gremelmayr D.,189,86,32,54,3.7177078965758215,4,9,28,45,0.37209302325581395,0.3076923076923077,0.3835616438356164
Grenier H.,122,16,5,11,3.1260000000000003,1,2,4,9,0.3125,0.3333333333333333,0.3076923076923077
Greul S.,125,114,43,71,3.080455005055611,6,10,37,61,0.37719298245614036,0.375,0.37755102040816324
Greul S. ,56,1,0,1,,0,1,0,0,0.0,0.0,
Griekspoor T.,37,97,47,50,2.988326086956522,7,14,40,36,0.4845360824742268,0.3333333333333333,0.5263157894736842
Grigelis L.,243,1,0,1,,0,0,0,1,0.0,,0.0
Gromley C.,0,1,0,1,,0,0,0,1,0.0,,0.0
Grosjean S.,559,204,108,96,1.998986340408805,22,19,86,77,0.5294117647058824,0.5365853658536586,0.5276073619631901
Groth S.,201,93,36,57,3.299422514619882,2,5,34,52,0.3870967741935484,0.2857142857142857,0.3953488372093023
Gruber K.,633,1,0,1,,0,1,0,0,0.0,0.0,
Guccione A.,92,3,1,2,2.0625,0,0,1,2,0.3333333333333333,,0.3333333333333333
Guccione C.,613,85,32,53,2.7976395781637717,4,7,28,46,0.3764705882352941,0.36363636363636365,0.3783783783783784
Guez D.,193,18,2,16,4.336500000000001,2,10,0,6,0.1111111111111111,0.16666666666666666,0.0
Guinard M.,148,9,4,5,3.615,2,2,2,3,0.4444444444444444,0.5,0.4
Gulbis E.,191,453,221,232,2.2846506781013165,55,51,166,181,0.4878587196467991,0.5188679245283019,0.4783861671469741
Gunneswaran P.,228,28,7,21,3.5469047619047616,0,0,7,21,0.25,,0.25
Gutierrez-Ferrol S.,544,4,2,2,2.83,0,0,2,2,0.5,,0.5
Guzman J.,100,1,0,1,,0,0,0,1,0.0,,0.0
Guzman J.P.,132,20,6,14,2.7305256410256415,0,0,6,14,0.3,,0.3
Haas T.,248,505,306,199,2.1753309613319014,66,41,240,158,0.6059405940594059,0.616822429906542,0.6030150753768844
Haase R.,257,458,202,256,2.6807787947674884,35,54,167,202,0.4410480349344978,0.39325842696629215,0.45257452574525747
Hadad A.,344,4,2,2,3.675,0,0,2,2,0.5,,0.5
Haehnel J.,675,26,8,18,4.054154411764706,7,5,1,13,0.3076923076923077,0.5833333333333334,0.07142857142857142
Haider-Mauer A.,254,3,1,2,,0,1,1,1,0.3333333333333333,0.0,0.5
Haider-Maurer A.,412,110,38,72,4.03062865497076,6,9,32,63,0.34545454545454546,0.4,0.3368421052631579
Hajek J.,111,96,26,70,3.5917892976588623,4,18,22,52,0.2708333333333333,0.18181818181818182,0.2972972972972973
Haji A.,0,1,0,1,,0,0,0,1,0.0,,0.0
Hajji A.,0,2,0,2,,0,0,0,2,0.0,,0.0
Halebian A.,644,1,0,1,,0,0,0,1,0.0,,0.0
Halys Q.,79,72,23,49,3.689343389529725,3,10,20,39,0.3194444444444444,0.23076923076923078,0.3389830508474576
Hamou M.,287,3,0,3,,0,0,0,3,0.0,,0.0
Hanescu V.,146,380,170,210,2.8486695477562423,15,31,155,179,0.4473684210526316,0.32608695652173914,0.46407185628742514
Hanescu V. ,36,1,0,1,,0,1,0,0,0.0,0.0,
Hanfmann Y.,50,99,50,49,3.001122448979592,5,4,45,45,0.5050505050505051,0.5555555555555556,0.5
Hank T.,567,3,0,3,,0,0,0,3,0.0,,0.0
Hantschk M.,177,1,0,1,,0,0,0,1,0.0,,0.0
Harboe P.,610,1,0,1,,0,0,0,1,0.0,,0.0
Harris A.,232,3,1,2,4.75,0,0,1,2,0.3333333333333333,,0.3333333333333333
Harris L.,186,129,59,70,2.6111306846576707,7,8,52,62,0.4573643410852713,0.4666666666666667,0.45614035087719296
Harrison C.,251,15,6,9,3.3769444444444447,0,0,6,9,0.4,,0.4
Harrison R.,481,272,117,155,2.9878685203685205,16,17,101,138,0.43014705882352944,0.48484848484848486,0.4225941422594142
Hartfield D.,137,46,17,29,3.3285947712418302,2,4,15,25,0.3695652173913043,0.3333333333333333,0.375
Healey N.,173,18,6,12,4.084,0,0,6,12,0.3333333333333333,,0.3333333333333333
Hellstrom M.,534,1,0,1,,0,0,0,1,0.0,,0.0
Hemery C.,130,10,2,8,3.22625,0,2,2,6,0.2,0.0,0.25
Hemmes F.,215,2,1,1,,0,0,1,1,0.5,,0.5
Henman T.,91,169,99,70,2.077968924889544,20,13,79,57,0.5857988165680473,0.6060606060606061,0.5808823529411765
Herbert P-H.,131,1,0,1,,0,0,0,1,0.0,,0.0
Herbert P.H,95,16,8,8,3.1100000000000003,1,3,7,5,0.5,0.25,0.5833333333333334
Herbert P.H.,157,202,89,113,2.7118262268704747,31,38,58,75,0.4405940594059406,0.4492753623188406,0.43609022556390975
Hernandez A.,521,5,1,4,,0,0,1,4,0.2,,0.2
Hernandez O.,125,181,61,120,3.35881450094162,3,8,58,112,0.3370165745856354,0.2727272727272727,0.3411764705882353
Hernandez O. ,75,1,0,1,,0,1,0,0,0.0,0.0,
Hernandez-Fernandez J,266,1,0,1,,0,0,0,1,0.0,,0.0
Hernandez-Fernandez J.,250,1,0,1,,0,0,0,1,0.0,,0.0
Hernych J.,324,190,78,112,3.0841269696969698,9,17,69,95,0.4105263157894737,0.34615384615384615,0.42073170731707316
Hernych J. ,59,2,1,1,6.55,1,1,0,0,0.5,0.5,
Heuberger I.,191,27,9,18,2.9859999999999998,4,6,5,12,0.3333333333333333,0.4,0.29411764705882354
Hewitt L.,308,457,300,157,2.2250675074025947,29,17,271,140,0.6564551422319475,0.6304347826086957,0.6593673965936739
Hijikata R.,110,16,7,9,4.688809523809524,0,0,7,9,0.4375,,0.4375
Hilton M.,212,3,1,2,2.8125,0,0,1,2,0.3333333333333333,,0.3333333333333333
Hipfl M.,0,1,0,1,,0,0,0,1,0.0,,0.0
Hippensteel K.,207,4,1,3,,1,1,0,2,0.25,0.5,0.0
Hoang A.,155,19,6,13,3.3791025641025643,2,5,4,8,0.3157894736842105,0.2857142857142857,0.3333333333333333
Hocevar R.,248,5,0,5,,0,0,0,5,0.0,,0.0
Holmgren A.,901,1,0,1,,0,0,0,1,0.0,,0.0
Holt B.,193,7,2,5,5.7010000000000005,0,1,2,4,0.2857142857142857,0.0,0.3333333333333333
Hong S.,471,1,0,1,,0,0,0,1,0.0,,0.0
Horansky F.,185,8,1,7,5.1,0,2,1,5,0.125,0.0,0.16666666666666666
Hormazabal G.,621,2,0,2,,0,0,0,2,0.0,,0.0
Horna L.,95,193,88,105,2.392210187283789,5,7,83,98,0.45595854922279794,0.4166666666666667,0.4585635359116022
Hossam K.,338,1,0,1,,0,0,0,1,0.0,,0.0
Hrbaty D.,154,231,122,109,2.2561158870627898,29,23,93,86,0.5281385281385281,0.5576923076923077,0.5195530726256983
Hsu Y.,209,1,0,1,,0,0,0,1,0.0,,0.0
Huesler M.A.,88,58,21,37,2.6179150579150585,8,8,13,29,0.3620689655172414,0.5,0.30952380952380953
Humbert U.,36,170,80,90,2.1337569444444444,23,21,57,69,0.47058823529411764,0.5227272727272727,0.4523809523809524
Hurkacz H.,17,238,137,101,2.2481486604542806,27,24,110,77,0.5756302521008403,0.5294117647058824,0.5882352941176471
Huta Galung J.,248,30,5,25,3.7952,1,11,4,14,0.16666666666666666,0.08333333333333333,0.2222222222222222
Hutchins R.,0,1,0,1,,0,0,0,1,0.0,,0.0
Ianni S.,559,2,1,1,7.875,0,0,1,1,0.5,,0.5
Idmbarek Y.,738,2,0,2,,0,0,0,2,0.0,,0.0
Ignatik U.,421,1,0,1,,0,0,0,1,0.0,,0.0
Ilhan M.,571,74,20,54,3.844564814814815,3,11,17,43,0.2702702702702703,0.21428571428571427,0.2833333333333333
Ilkel C.,382,17,1,16,5.1,0,4,1,12,0.058823529411764705,0.0,0.07692307692307693
Im K.T.,202,1,0,1,,0,1,0,0,0.0,0.0,
Inglot D.,941,2,0,2,,0,2,0,0,0.0,0.0,
Ionita V.,271,3,0,3,,0,0,0,3,0.0,,0.0
Isner J.,114,755,465,290,2.058561422413793,53,45,412,245,0.6158940397350994,0.5408163265306123,0.6270928462709284
Isner J. ,40,2,1,1,2.7,1,1,0,0,0.5,0.5,
Istomin D.,267,440,194,246,2.9767210183042287,44,51,150,195,0.4409090909090909,0.4631578947368421,0.43478260869565216
Ito T.,146,84,28,56,3.9345535714285713,4,6,24,50,0.3333333333333333,0.4,0.32432432432432434
Ito Y.,622,1,0,1,,0,0,0,1,0.0,,0.0
Ittogi T.,1511,1,0,1,,0,0,0,1,0.0,,0.0
Ivanisevic G.,415,14,4,10,2.8637708333333336,1,3,3,7,0.2857142857142857,0.25,0.3
Ivashka I.,113,159,78,81,2.625024038461538,19,18,59,63,0.49056603773584906,0.5135135135135135,0.48360655737704916
Iwabuchi S.,339,9,2,7,3.2600000000000007,0,2,2,5,0.2222222222222222,0.0,0.2857142857142857
Iwami T.,557,2,0,2,,0,0,0,2,0.0,,0.0
Janowicz J.,141,164,80,84,2.5077619047619044,27,20,53,64,0.4878048780487805,0.574468085106383,0.452991452991453
Janvier M.,204,5,0,5,,0,0,0,5,0.0,,0.0
Jarry N.,28,141,73,68,2.5009518533440778,9,6,64,62,0.5177304964539007,0.6,0.5079365079365079
Jasika O.,290,4,1,3,7.333333333333333,0,1,1,2,0.25,0.0,0.3333333333333333
Jaziri M.,444,217,83,134,3.880501456133964,8,20,75,114,0.3824884792626728,0.2857142857142857,0.3968253968253968
Jeanpierre J.,154,5,3,2,3.15,0,0,3,2,0.6,,0.6
Jelenic P.,544,2,1,1,4.665,1,1,0,0,0.5,0.5,
Jenkins S.,202,20,5,15,4.703538461538461,0,3,5,12,0.25,0.0,0.29411764705882354
Jeong S.Y.,332,1,0,1,,0,1,0,0,0.0,0.0,
Johansson J.,131,109,65,44,1.944538318452381,32,14,33,30,0.5963302752293578,0.6956521739130435,0.5238095238095238
Johansson T.,87,216,116,100,2.348748539823009,40,23,76,77,0.5370370370370371,0.6349206349206349,0.49673202614379086
Johnson S.,197,395,196,199,2.4218878245393634,16,23,180,176,0.4962025316455696,0.41025641025641024,0.5056179775280899
Jones A.,137,9,2,7,4.426666666666668,0,0,2,7,0.2222222222222222,,0.2222222222222222
Jones G.,373,7,1,6,5.215,0,1,1,5,0.14285714285714285,0.0,0.16666666666666666
Jones G.D.,1214,2,0,2,,0,0,0,2,0.0,,0.0
Jouan R.,230,5,1,4,7.265000000000001,1,2,0,2,0.2,0.3333333333333333,0.0
Jubb P.,219,4,0,4,,0,0,0,4,0.0,,0.0
Jun W.,360,1,0,1,,0,0,0,1,0.0,,0.0
Jun W.S.,252,7,1,6,3.797,0,0,1,6,0.14285714285714285,,0.14285714285714285
Junaid R.,334,2,0,2,,0,0,0,2,0.0,,0.0
Jung J.,276,32,10,22,3.15,5,4,5,18,0.3125,0.5555555555555556,0.21739130434782608
Junqueira D.,144,43,11,32,4.469948275862069,0,1,11,31,0.2558139534883721,0.0,0.2619047619047619
Kachmazov A.,638,2,0,2,,0,2,0,0,0.0,0.0,
Kadhe A.,778,4,0,4,,0,0,0,4,0.0,,0.0
Kamke T.,231,163,62,101,3.230465506228042,17,26,45,75,0.3803680981595092,0.3953488372093023,0.375
Karanusic R.,110,48,12,36,3.4128311688311683,2,10,10,26,0.25,0.16666666666666666,0.2777777777777778
Karatsev A.,75,136,66,70,2.3346147186147186,10,22,56,48,0.4852941176470588,0.3125,0.5384615384615384
Karlovic I.,221,674,351,323,2.2697042247744053,80,66,271,257,0.5207715133531158,0.547945205479452,0.5132575757575758
Karlovic I. ,38,1,0,1,,0,1,0,0,0.0,0.0,
Karlovskiy E.,218,1,0,1,,0,1,0,0,0.0,0.0,
Kavcic B.,176,120,40,80,3.794003205128205,5,13,35,67,0.3333333333333333,0.2777777777777778,0.3431372549019608
Kecmanovic M.,40,210,107,103,2.215451864622085,12,16,95,87,0.5095238095238095,0.42857142857142855,0.521978021978022
Kendrick R.,546,96,29,67,3.0678138528138525,8,13,21,54,0.3020833333333333,0.38095238095238093,0.28
Kern R.,392,3,0,3,,0,0,0,3,0.0,,0.0
Ketola T.,225,3,1,2,2.8674999999999997,0,0,1,2,0.3333333333333333,,0.3333333333333333
Khachanov K.,11,378,217,161,2.3029375,44,38,173,123,0.5740740740740741,0.5365853658536586,0.5844594594594594
Khaddari H.,513,1,0,1,,0,0,0,1,0.0,,0.0
Khalfan S.,1116,2,0,2,,0,0,0,2,0.0,,0.0
Kicker N.,203,47,19,28,3.3442011278195496,1,3,18,25,0.40425531914893614,0.25,0.4186046511627907
Kiefer N.,178,225,129,96,2.7108179603494627,22,17,107,79,0.5733333333333334,0.5641025641025641,0.5752688172043011
Kim K,181,1,0,1,,0,0,0,1,0.0,,0.0
Kim K.,151,120,39,81,3.1226875,4,13,35,68,0.325,0.23529411764705882,0.33980582524271846
Kimmich M.,313,3,0,3,,0,0,0,3,0.0,,0.0
Kindlmann D.,162,12,1,11,4.6925,0,1,1,10,0.08333333333333333,0.0,0.09090909090909091
King D.,162,11,3,8,4.4835416666666665,1,1,2,7,0.2727272727272727,0.5,0.2222222222222222
King E.,200,5,1,4,4.0125,0,0,1,4,0.2,,0.2
King K.,304,7,1,6,5.5625,0,0,1,6,0.14285714285714285,,0.14285714285714285
King P.,404,5,1,4,3.6016666666666666,0,2,1,2,0.2,0.0,0.3333333333333333
King-Turner D.,376,6,0,6,,0,0,0,6,0.0,,0.0
Kirillov E.,378,2,0,2,,0,1,0,1,0.0,0.0,0.0
Kirkin E.,446,2,0,2,,0,1,0,1,0.0,0.0,0.0
Klaasen R.,307,8,4,4,4.015000000000001,0,0,4,4,0.5,,0.5
Klahn B.,797,56,13,43,3.202728085867621,1,3,12,40,0.23214285714285715,0.25,0.23076923076923078
Klec I.,416,8,1,7,,0,0,1,7,0.125,,0.125
Klein B.,235,13,3,10,4.3133333333333335,0,0,3,10,0.23076923076923078,,0.23076923076923078
Klein L.,142,7,2,5,2.547,0,1,2,4,0.2857142857142857,0.0,0.3333333333333333
Klein T.,839,1,0,1,,0,0,0,1,0.0,,0.0
Klizan M.,150,273,128,145,2.8860472440944878,34,28,94,117,0.46886446886446886,0.5483870967741935,0.44549763033175355
Kloer S.,495,1,0,1,,0,0,0,1,0.0,,0.0
Knittel B.,210,5,1,4,3.64,0,0,1,4,0.2,,0.2
Knowle J.,0,11,3,8,3.76,0,3,3,5,0.2727272727272727,0.0,0.375
Koellerer D.,109,51,19,32,3.7203584229390683,2,3,17,29,0.37254901960784315,0.4,0.3695652173913043
Koellerer D. ,74,1,0,1,,0,1,0,0,0.0,0.0,
Koepfer D.,84,86,38,48,2.9484375,3,3,35,45,0.4418604651162791,0.5,0.4375
Kohlmann M.,1494,13,6,7,3.271875,1,2,5,5,0.46153846153846156,0.3333333333333333,0.5
Kohlschreiber P.,132,812,446,366,2.472983516656389,76,73,370,293,0.5492610837438424,0.5100671140939598,0.5580693815987934
Kohlschreiber P. ,26,1,0,1,,0,1,0,0,0.0,0.0,
Kohlschreiber P..,24,2,1,1,1.2349999999999999,1,1,0,0,0.5,0.5,
Kokkinakis T.,86,124,55,69,3.050345191040843,0,4,55,65,0.4435483870967742,0.0,0.4583333333333333
Kolar Z.,119,4,1,3,5.45,0,0,1,3,0.25,,0.25
Kondo H.,589,1,0,1,,0,0,0,1,0.0,,0.0
Koning M.,793,1,0,1,,0,0,0,1,0.0,,0.0
Kontinen H.,253,3,1,2,3.3725,0,1,1,1,0.3333333333333333,0.0,0.5
Kopriva V.,159,9,5,4,3.224,0,0,5,4,0.5555555555555556,,0.5555555555555556
Korda S.,26,126,75,51,2.268139904610493,15,9,60,42,0.5952380952380952,0.625,0.5882352941176471
Korolev E.,181,159,68,91,2.698467032967033,14,17,54,74,0.4276729559748428,0.45161290322580644,0.421875
Korolev E. ,58,3,2,1,8.495000000000001,2,1,0,0,0.6666666666666666,0.6666666666666666,
Korteling S.,463,1,0,1,,0,0,0,1,0.0,,0.0
Kosakowski D.,366,3,1,2,3.25,0,0,1,2,0.3333333333333333,,0.3333333333333333
Kotov P.,89,25,10,15,2.9346666666666668,1,4,9,11,0.4,0.2,0.45
Koubek S.,173,173,76,97,2.7493786630036627,27,20,49,77,0.4393063583815029,0.574468085106383,0.3888888888888889
Kovacevic A.,129,14,6,8,4.551666666666667,0,0,6,8,0.42857142857142855,,0.42857142857142855
Kovalik J.,172,68,24,44,3.1238636363636365,5,8,19,36,0.35294117647058826,0.38461538461538464,0.34545454545454546
Kozlov S.,108,35,9,26,4.375555555555556,0,2,9,24,0.2571428571428571,0.0,0.2727272727272727
Krajan Z.,681,4,1,3,5.875,0,0,1,3,0.25,,0.25
Krajicek A.,274,36,12,24,3.9177083333333336,2,2,10,22,0.3333333333333333,0.5,0.3125
Krajinovic F.,93,240,115,125,2.7893011921458624,38,34,77,91,0.4791666666666667,0.5277777777777778,0.4583333333333333
Krall L.,0,1,0,1,,0,1,0,0,0.0,0.0,
Kratochvil M.,1511,14,5,9,2.590525,0,1,5,8,0.35714285714285715,0.0,0.38461538461538464
Kravchuk K.,260,32,7,25,3.658714285714286,4,9,3,16,0.21875,0.3076923076923077,0.15789473684210525
Krawietz K.,277,5,1,4,4.1725,0,0,1,4,0.2,,0.2
Krstin P.,285,5,1,4,4.858750000000001,0,2,1,2,0.2,0.0,0.3333333333333333
Krueger M.,228,24,7,17,4.035672268907563,0,1,7,16,0.2916666666666667,0.0,0.30434782608695654
Krutykh O.,180,3,0,3,,0,0,0,3,0.0,,0.0
Kubler J.,77,53,24,29,2.6570238095238095,0,1,24,28,0.4528301886792453,0.0,0.46153846153846156
Kubot L.,614,200,82,118,3.1729163135593224,14,21,68,97,0.41,0.4,0.4121212121212121
Kucera K.,146,29,11,18,2.3985828877005346,2,5,9,13,0.3793103448275862,0.2857142857142857,0.4090909090909091
Kucera V.,19,2,1,1,3.0575,0,0,1,1,0.5,,0.5
Kudla D.,137,198,70,128,3.015407366071428,5,14,65,114,0.35353535353535354,0.2631578947368421,0.36312849162011174
Kudryavtsev A.,179,20,5,15,4.472666666666667,0,3,5,12,0.25,0.0,0.29411764705882354
Kuerten G.,1141,60,27,33,2.3266075268817206,0,0,27,33,0.45,,0.45
Kuhn N.,259,12,3,9,4.277222222222222,1,1,2,8,0.25,0.5,0.2
Kukushkin M.,221,352,141,211,3.1181521739130442,50,49,91,162,0.4005681818181818,0.5050505050505051,0.35968379446640314
Kumantsov A.,347,2,0,2,,0,2,0,0,0.0,0.0,
Kumar O.,403,1,0,1,,0,0,0,1,0.0,,0.0
Kunitsyn I.,167,227,85,142,2.9667922969918274,29,33,56,109,0.3744493392070485,0.46774193548387094,0.3393939393939394
Kunitsyn I. ,81,1,0,1,,0,1,0,0,0.0,0.0,
Kutac R.,638,1,0,1,,0,0,0,1,0.0,,0.0
Kutrovsky D.,438,3,2,1,4.2975,2,1,0,0,0.6666666666666666,0.6666666666666666,
Kutsenko V.,237,1,0,1,,0,0,0,1,0.0,,0.0
Kuzmanov D.,207,12,4,8,4.05,2,8,2,0,0.3333333333333333,0.2,1.0
Kuznetsov A.,167,26,6,20,4.242982456140351,2,6,4,14,0.23076923076923078,0.25,0.2222222222222222
Kuznetsov Al.,311,21,5,16,2.74725,2,2,3,14,0.23809523809523808,0.5,0.17647058823529413
Kuznetsov An.,228,162,70,92,3.037753623188406,9,19,61,73,0.43209876543209874,0.32142857142857145,0.4552238805970149
Kwiatkowski T.S.,219,6,0,6,,0,1,0,5,0.0,0.0,0.0
Kwon S.W.,68,108,53,55,2.9488164665523153,12,6,41,49,0.49074074074074076,0.6666666666666666,0.45555555555555555
Kypson P.,329,2,0,2,,0,0,0,2,0.0,,0.0
Kyrgios N.,25,303,195,108,1.9477649572649571,11,7,184,101,0.6435643564356436,0.6111111111111112,0.6456140350877193
Laaksonen H.,125,101,37,64,3.729748263888889,7,16,30,48,0.36633663366336633,0.30434782608695654,0.38461538461538464
Labadze I.,166,54,21,33,3.8842202797202794,1,8,20,25,0.3888888888888889,0.1111111111111111,0.4444444444444444
Lacko L.,214,215,81,134,3.5722581536760645,19,29,62,105,0.3767441860465116,0.3958333333333333,0.3712574850299401
Lajola D.,719,1,0,1,,0,1,0,0,0.0,0.0,
Lajovic D.,66,378,163,215,2.8744529890141246,21,36,142,179,0.4312169312169312,0.3684210526315789,0.4423676012461059
Lalami Laaroussi Y.,937,1,0,1,,0,0,0,1,0.0,,0.0
Lama G.,410,4,0,4,,0,2,0,2,0.0,0.0,0.0
Lamasine T.,271,9,3,6,3.9316666666666666,1,2,2,4,0.3333333333333333,0.3333333333333333,0.3333333333333333
Lammer M.,327,19,5,14,4.528846153846153,1,3,4,11,0.2631578947368421,0.25,0.26666666666666666
Lammer M. ,167,2,1,1,3.25,1,1,0,0,0.5,0.5,
Landaluce M.,720,3,0,3,,0,1,0,2,0.0,0.0,0.0
Langer N.,340,3,1,2,4.305,0,1,1,1,0.3333333333333333,0.0,0.5
Lapentti G.,641,26,7,19,3.365176470588236,0,1,7,18,0.2692307692307692,0.0,0.28
Lapentti N.,129,149,59,90,3.1327506019261637,5,9,54,81,0.3959731543624161,0.35714285714285715,0.4
Larkham T.,168,1,0,1,,0,0,0,1,0.0,,0.0
Larose S.,193,3,1,2,3.96875,0,0,1,2,0.3333333333333333,,0.3333333333333333
Lazarov A.,301,6,1,5,5.125,1,4,0,1,0.16666666666666666,0.2,0.0
Lazov A.,438,1,0,1,,0,1,0,0,0.0,0.0,
Ledovskikh M.,417,17,4,13,3.3822727272727278,2,5,2,8,0.23529411764705882,0.2857142857142857,0.2
Lee D.H.,212,2,1,1,3.165,0,0,1,1,0.5,,0.5
Lee H.T.,115,162,73,89,2.807733116883117,5,10,68,79,0.4506172839506173,0.3333333333333333,0.46258503401360546
Lee M.,252,3,1,2,3.3925,0,0,1,2,0.3333333333333333,,0.3333333333333333
Lehecka J.,33,61,30,31,2.5492849462365594,4,4,26,27,0.4918032786885246,0.5,0.49056603773584906
Lejnieks K.,664,2,1,1,5.5,1,1,0,0,0.5,0.5,
Lemke J.,456,1,0,1,,0,0,0,1,0.0,,0.0
Lenz J.,270,2,0,2,,0,1,0,1,0.0,0.0,0.0
Leshem E.,446,3,1,2,2.96,1,1,0,1,0.3333333333333333,0.5,0.0
Lestienne C.,109,40,13,27,3.27037037037037,6,9,7,18,0.325,0.4,0.28
Levine I.,426,1,0,1,,0,0,0,1,0.0,,0.0
Levine J.,132,93,30,63,2.9655053763440864,5,7,25,56,0.3225806451612903,0.4166666666666667,0.30864197530864196
Levy H.,118,28,6,22,2.789666666666667,0,3,6,19,0.21428571428571427,0.0,0.24
Li Z.,231,10,0,10,,0,0,0,10,0.0,,0.0
Lin J.M.,0,1,0,1,,0,1,0,0,0.0,0.0,
Lindahl N.,244,9,1,8,4.645,1,1,0,7,0.1111111111111111,0.5,0.0
Lindell C.,326,10,2,8,5.358125,0,1,2,7,0.2,0.0,0.2222222222222222
Linzer M.,354,2,0,2,,0,0,0,2,0.0,,0.0
Lipsky S.,1004,1,0,1,,0,0,0,1,0.0,,0.0
Lisnard J.,134,5,1,4,2.474375,0,1,1,3,0.2,0.0,0.25
Lisnard J.R.,393,55,15,40,3.459585087719298,3,3,12,37,0.2727272727272727,0.5,0.24489795918367346
Ljubicic I.,53,457,286,171,2.2000259908218607,99,51,187,120,0.6258205689277899,0.66,0.6091205211726385
Ljubicic I. ,25,1,0,1,,0,1,0,0,0.0,0.0,
Llamas Ruiz P.,3065,2,1,1,2.915,0,0,1,1,0.5,,0.5
Llodra M.,192,327,157,170,2.7596494652406416,58,46,99,124,0.4801223241590214,0.5576923076923077,0.4439461883408072
Loffhagen G.,371,2,0,2,,0,0,0,2,0.0,,0.0
Logtens P.,286,1,0,1,,0,0,0,1,0.0,,0.0
Lojda D.,169,1,0,1,,0,0,0,1,0.0,,0.0
Lokoli L.,199,8,0,8,,0,3,0,5,0.0,0.0,0.0
Londero J.I.,142,83,34,49,3.2065625,3,5,31,44,0.40963855421686746,0.375,0.41333333333333333
Lopez F.,634,863,441,422,2.491268610747051,71,82,370,340,0.5110081112398609,0.46405228758169936,0.5211267605633803
Lopez F. ,46,2,1,1,1.495,1,1,0,0,0.5,0.5,
Lopez M.,1014,35,12,23,3.208452380952381,0,1,12,22,0.34285714285714286,0.0,0.35294117647058826
Lopez San Martin A.,550,1,0,1,,0,0,0,1,0.0,,0.0
Lopez Villasenor G.,654,4,0,4,,0,0,0,4,0.0,,0.0
Lopez-Jaen M.A.,264,3,1,2,6.785,0,0,1,2,0.3333333333333333,,0.3333333333333333
Lopez-Perez E.,196,1,0,1,,0,0,0,1,0.0,,0.0
Lorenzi P.,171,284,104,180,3.8262446581196583,19,26,85,154,0.36619718309859156,0.4222222222222222,0.35564853556485354
Lu H.,1095,2,1,1,,0,0,1,1,0.5,,0.5
Lu Y.,625,11,1,10,7.062611111111112,0,0,1,10,0.09090909090909091,,0.09090909090909091
Lu Y.H.,962,354,142,212,3.237826086956522,15,31,127,181,0.4011299435028249,0.32608695652173914,0.41233766233766234
Luczak P.,248,103,32,71,3.3370219435736677,2,5,30,66,0.3106796116504854,0.2857142857142857,0.3125
Luczak P. ,80,1,0,1,,0,1,0,0,0.0,0.0,
Luncanu P.A.,322,2,0,2,,0,1,0,1,0.0,0.0,0.0
Luque D.,596,1,0,1,,0,0,0,1,0.0,,0.0
Luz O.,544,1,0,1,,0,1,0,0,0.0,0.0,
Luzzi F.,111,17,5,12,3.274583333333333,0,0,5,12,0.29411764705882354,,0.29411764705882354
Maamoun K.,291,1,0,1,,0,0,0,1,0.0,,0.0
Machac T.,108,18,6,12,3.1454166666666663,1,1,5,11,0.3333333333333333,0.5,0.3125
Machado R.,227,50,13,37,3.7417567567567573,0,1,13,36,0.26,0.0,0.2653061224489796
Mackin A.,270,9,0,9,,0,2,0,7,0.0,0.0,0.0
Madaras D.,191,2,0,2,,0,1,0,1,0.0,0.0,0.0
Maden Y.,131,26,9,17,3.8867973856209153,5,7,4,10,0.34615384615384615,0.4166666666666667,0.2857142857142857
Maestrelli F.,186,1,0,1,,0,1,0,0,0.0,0.0,
Mager G.,67,59,24,35,3.0953105590062115,3,7,21,28,0.4067796610169492,0.3,0.42857142857142855
Mahut N.,191,386,175,211,2.8695190071556347,45,60,130,151,0.4533678756476684,0.42857142857142855,0.4626334519572954
Majchrzak K.,121,50,19,31,2.6148896434634974,3,4,16,27,0.38,0.42857142857142855,0.37209302325581395
Malisse X.,113,353,175,178,2.278929356725146,27,37,148,141,0.49575070821529743,0.421875,0.5121107266435986
Mamiit C.,420,9,3,6,3.22175,1,2,2,4,0.3333333333333333,0.3333333333333333,0.3333333333333333
Mankad H.,255,3,0,3,,0,0,0,3,0.0,,0.0
Mannarino A.,27,567,264,303,2.816656881641348,60,73,204,230,0.4656084656084656,0.45112781954887216,0.4700460829493088
Mansouri S.,296,1,0,1,,0,0,0,1,0.0,,0.0
Mantilla F.,421,65,32,33,2.311008928571429,0,0,32,33,0.49230769230769234,,0.49230769230769234
Marach O.,464,41,15,26,3.2702820512820514,3,5,12,21,0.36585365853658536,0.375,0.36363636363636365
Marcaccio G.,406,5,2,3,5.125,0,0,2,3,0.4,,0.4
Marcan D.,377,2,0,2,,0,2,0,0,0.0,0.0,
March O.,0,1,0,1,,0,0,0,1,0.0,,0.0
Marchenko I.,164,131,50,81,3.2928691358024684,18,23,32,58,0.3816793893129771,0.43902439024390244,0.35555555555555557
Marcora R.,208,7,3,4,3.0125,1,1,2,3,0.42857142857142855,0.5,0.4
Marin J.A.,259,27,7,20,3.010515873015873,0,0,7,20,0.25925925925925924,,0.25925925925925924
Marozsan F.,87,7,4,3,4.84625,0,0,4,3,0.5714285714285714,,0.5714285714285714
Marrai M.,414,1,0,1,,0,0,0,1,0.0,,0.0
Marray J.,263,11,4,7,3.4667857142857144,0,1,4,6,0.36363636363636365,0.0,0.4
Marrero D.,262,9,3,6,2.7800000000000002,0,0,3,6,0.3333333333333333,,0.3333333333333333
Marterer M.,144,91,31,60,2.7698387096774195,2,8,29,52,0.34065934065934067,0.2,0.35802469135802467
Marti J.,211,13,2,11,4.254772727272727,1,3,1,8,0.15384615384615385,0.25,0.1111111111111111
Marti Y.,391,7,2,5,3.0335,0,0,2,5,0.2857142857142857,,0.2857142857142857
Martin A.,723,258,107,151,3.051355639538672,6,13,101,138,0.41472868217054265,0.3157894736842105,0.4225941422594142
Martin A. ,119,1,0,1,,0,1,0,0,0.0,0.0,
Martin D.,725,1,0,1,,0,1,0,0,0.0,0.0,
Martin F.,0,2,0,2,,0,0,0,2,0.0,,0.0
Martin T.,96,25,10,15,2.1583,0,2,10,13,0.4,0.0,0.43478260869565216
Martinez P.,135,118,50,68,2.7637438725490195,7,6,43,62,0.423728813559322,0.5384615384615384,0.4095238095238095
Massa E.,240,17,7,10,2.59375,0,1,7,9,0.4117647058823529,0.0,0.4375
Massu N.,578,239,112,127,2.321817434715822,9,17,103,110,0.4686192468619247,0.34615384615384615,0.4835680751173709
Masur D.,222,6,1,5,4.087,0,1,1,4,0.16666666666666666,0.0,0.2
Mathieu P.,44,3,0,3,,0,0,0,3,0.0,,0.0
Mathieu P.H.,252,479,227,252,2.5411108821553716,58,66,169,186,0.47390396659707723,0.46774193548387094,0.476056338028169
Mathieu P.H. ,32,1,0,1,,0,1,0,0,0.0,0.0,
Matkowski M.,0,1,0,1,,0,0,0,1,0.0,,0.0
Matos-Gil I.,512,2,0,2,,0,0,0,2,0.0,,0.0
Matosevic M.,169,155,62,93,3.4705241935483877,10,11,52,82,0.4,0.47619047619047616,0.3880597014925373
Matsui T.,536,4,2,2,,1,1,1,1,0.5,0.5,0.5
Matsukevitch D.,364,4,1,3,4.916666666666666,1,2,0,1,0.25,0.3333333333333333,0.0
Mayer F.,193,477,227,250,2.8272768310636733,27,41,200,209,0.4758909853249476,0.39705882352941174,0.4889975550122249
Mayer L.,146,358,165,193,2.905949860988247,13,24,152,169,0.46089385474860334,0.35135135135135137,0.4735202492211838
Mayer L. ,64,2,1,1,5.4,1,1,0,0,0.5,0.5,
Mayot H.,181,4,1,3,2.5716666666666668,0,1,1,2,0.25,0.0,0.3333333333333333
Mazarakis V.,126,3,0,3,,0,0,0,3,0.0,,0.0
McClune M.,614,1,0,1,,0,0,0,1,0.0,,0.0
Mcclune M.,416,2,1,1,3.125,0,0,1,1,0.5,,0.5
Mcdonald M.,60,190,87,103,2.7523377281947257,11,15,76,88,0.45789473684210524,0.4230769230769231,0.4634146341463415
Mcgee J.,272,3,0,3,,0,0,0,3,0.0,,0.0
Mecir M.,187,4,1,3,3.2816666666666667,1,2,0,1,0.25,0.3333333333333333,0.0
Medjedovic H.,147,11,3,8,2.5216666666666665,0,1,3,7,0.2727272727272727,0.0,0.3
Medvedev D.,3,406,289,117,1.7823593588264868,69,27,220,90,0.7118226600985221,0.71875,0.7096774193548387
Medvedev D. ,4,3,0,3,,0,3,0,0,0.0,0.0,
Meffert D.,204,13,5,8,3.841375,3,3,2,5,0.38461538461538464,0.5,0.2857142857142857
Meister N.,625,1,0,1,,0,0,0,1,0.0,,0.0
Mejia N.,301,1,0,1,,0,0,0,1,0.0,,0.0
Mektic N.,331,9,2,7,3.4292857142857143,0,3,2,4,0.2222222222222222,0.0,0.3333333333333333
Meligeni Alves F.,177,3,1,2,3.8000000000000003,0,0,1,2,0.3333333333333333,,0.3333333333333333
Meligeni Rodrigues F,224,2,0,2,,0,0,0,2,0.0,,0.0
Mello R.,346,122,45,77,3.0564788083538086,1,9,44,68,0.36885245901639346,0.1,0.39285714285714285
Melzer G.,188,46,16,30,3.216854166666667,1,7,15,23,0.34782608695652173,0.125,0.39473684210526316
Melzer J.,426,577,305,272,2.54016035766775,68,54,237,218,0.5285961871750433,0.5573770491803278,0.5208791208791209
Mena F.,151,1,0,1,,0,0,0,1,0.0,,0.0
Menendez-Maceiras A.,139,24,6,18,3.321666666666667,2,5,4,13,0.25,0.2857142857142857,0.23529411764705882
Menezes J.,199,1,0,1,,0,0,0,1,0.0,,0.0
Mergea F.,277,2,1,1,,0,0,1,1,0.5,,0.5
Mertens Y.,208,3,1,2,2.1525,1,2,0,0,0.3333333333333333,0.3333333333333333,
Mertinak M.,555,13,4,9,2.7765833333333334,0,1,4,8,0.3076923076923077,0.0,0.3333333333333333
Mertl J.,306,2,1,1,4.8100000000000005,0,0,1,1,0.5,,0.5
Mesaros K.,295,1,0,1,,0,1,0,0,0.0,0.0,
Michelsen A.,140,7,4,3,2.2408333333333337,0,0,4,3,0.5714285714285714,,0.5714285714285714
Michon A.,206,2,1,1,4.6,0,0,1,1,0.5,,0.5
Middelkoop M.,210,1,0,1,,0,0,0,1,0.0,,0.0
Miedler L.,258,3,0,3,,0,2,0,1,0.0,0.0,0.0
Millman J.,140,256,113,143,2.9067541308249276,21,22,92,121,0.44140625,0.4883720930232558,0.431924882629108
Millot V.,291,30,8,22,4.096704545454545,3,10,5,12,0.26666666666666666,0.23076923076923078,0.29411764705882354
Milojevic N.,136,14,6,8,3.602291666666667,1,1,5,7,0.42857142857142855,0.5,0.4166666666666667
Mina G.,269,5,1,4,8.39125,0,0,1,4,0.2,,0.2
Minar I.,216,96,33,63,3.2516101694915256,1,7,32,56,0.34375,0.125,0.36363636363636365
Minar J.,303,3,0,3,,0,0,0,3,0.0,,0.0
Miranda I.,126,3,1,2,2.58,0,0,1,2,0.3333333333333333,,0.3333333333333333
Mirnegg M.,306,1,0,1,,0,0,0,1,0.0,,0.0
Mirnyi M.,260,180,85,95,2.233355514316013,30,20,55,75,0.4722222222222222,0.6,0.4230769230769231
Misolic F.,158,11,6,5,2.8120000000000003,0,1,6,4,0.5454545454545454,0.0,0.6
Mitchell B.,231,5,0,5,,0,0,0,5,0.0,,0.0
Mmoh M.,112,55,20,35,3.4961571428571427,0,3,20,32,0.36363636363636365,0.0,0.38461538461538464
Mochizuki S.,200,8,0,8,,0,1,0,7,0.0,0.0,0.0
Moeller M.,0,1,0,1,,0,0,0,1,0.0,,0.0
Molcan A.,120,86,45,41,3.0756802168021684,1,6,44,35,0.5232558139534884,0.14285714285714285,0.5569620253164557
Molleker R.,251,15,4,11,3.9413636363636364,0,0,4,11,0.26666666666666666,,0.26666666666666666
Molteni A.,280,2,0,2,,0,0,0,2,0.0,,0.0
Monaco J.,124,580,324,256,2.4381929371123103,30,28,294,228,0.5586206896551724,0.5172413793103449,0.5632183908045977
Monaco J. ,30,2,1,1,3.35,1,1,0,0,0.5,0.5,
Monfils G.,323,816,510,306,2.0732851867869755,131,65,379,241,0.625,0.6683673469387755,0.6112903225806452
Monfils G. ,16,2,1,1,1.135,1,1,0,0,0.5,0.5,
Montanes A.,312,454,216,238,3.223802080846662,12,23,204,215,0.47577092511013214,0.34285714285714286,0.48687350835322196
Montanes A. ,34,3,2,1,7.25,2,1,0,0,0.6666666666666666,0.6666666666666666,
Montcourt M.,123,15,5,10,3.9099999999999997,0,1,5,9,0.3333333333333333,0.0,0.35714285714285715
Monteiro J.,502,1,0,1,,0,0,0,1,0.0,,0.0
Monteiro T.,121,171,69,102,2.7851578418711433,9,11,60,91,0.40350877192982454,0.45,0.3973509933774834
Moodie W.,157,93,40,53,2.829141328828829,6,13,34,40,0.43010752688172044,0.3157894736842105,0.4594594594594595
Moraing M.,253,3,1,2,8.56,0,0,1,2,0.3333333333333333,,0.3333333333333333
Moraru G.,418,1,0,1,,0,0,0,1,0.0,,0.0
Moriya H.,253,14,3,11,5.7331666666666665,1,2,2,9,0.21428571428571427,0.3333333333333333,0.18181818181818182
Moroni G.,265,2,1,1,2.31,0,0,1,1,0.5,,0.5
Moroni G.M.,181,2,0,2,,0,0,0,2,0.0,,0.0
Morrison J.,157,48,19,29,2.5806830065359474,4,5,15,24,0.3958333333333333,0.4444444444444444,0.38461538461538464
Moser F.,424,1,0,1,,0,1,0,0,0.0,0.0,
Motomura G.,273,7,2,5,3.3465,1,1,1,4,0.2857142857142857,0.5,0.2
Mott B.,481,2,0,2,,0,0,0,2,0.0,,0.0
Moundir A.,720,1,0,1,,0,0,0,1,0.0,,0.0
Moutet C.,80,118,50,68,2.79250450180072,5,11,45,57,0.423728813559322,0.3125,0.4411764705882353
Moya C.,514,304,189,115,1.9310221478115284,7,12,182,103,0.6217105263157895,0.3684210526315789,0.6385964912280702
Moyano D.,247,1,0,1,,0,0,0,1,0.0,,0.0
Mpetshi G.,233,2,0,2,,0,0,0,2,0.0,,0.0
Mukund S.,356,3,0,3,,0,0,0,3,0.0,,0.0
Muller A.,81,22,9,13,4.383931623931624,0,1,9,12,0.4090909090909091,0.0,0.42857142857142855
Muller G.,127,397,200,197,2.7862812386675646,38,39,162,158,0.5037783375314862,0.4935064935064935,0.50625
Munar J.,104,178,75,103,2.4800174757281557,7,12,68,91,0.42134831460674155,0.3684210526315789,0.4276729559748428
Munoz De La Nava D.,138,8,1,7,2.1357142857142857,0,0,1,7,0.125,,0.125
Munoz de La Nava D.,182,1,0,1,,0,0,0,1,0.0,,0.0
Munoz de la Nava D.,200,1,0,1,,0,0,0,1,0.0,,0.0
Munoz-De La Nava D.,69,27,8,19,3.741184210526316,1,1,7,18,0.2962962962962963,0.5,0.28
Murray A.,44,932,687,245,1.7917897000209777,132,47,555,198,0.7371244635193133,0.7374301675977654,0.7370517928286853
Murray A. ,4,5,5,0,,5,0,0,0,1.0,1.0,
Musetti L.,18,143,79,64,2.3607815953385574,12,12,67,52,0.5524475524475524,0.5,0.5630252100840336
Muster T.,974,3,0,3,,0,2,0,1,0.0,0.0,0.0
Mutis O.,125,23,7,16,3.321066666666667,1,2,6,14,0.30434782608695654,0.3333333333333333,0.3
Myneni S.,192,2,0,2,,0,0,0,2,0.0,,0.0
Nadal R.,2,1223,1017,206,1.4538463585195291,76,40,941,166,0.8315617334423548,0.6551724137931034,0.8500451671183379
Nadal R. ,1,3,2,1,1.585,2,1,0,0,0.6666666666666666,0.6666666666666666,
Nader M.,0,1,0,1,,0,0,0,1,0.0,,0.0
Nagal S.,503,17,3,14,3.9540476190476195,0,1,3,13,0.17647058823529413,0.0,0.1875
Nakashima B.,70,106,57,49,1.9993161475116366,6,5,51,44,0.5377358490566038,0.5454545454545454,0.5368421052631579
Nalbandian D.,124,396,266,130,1.8321200095057035,71,26,195,104,0.6717171717171717,0.7319587628865979,0.6521739130434783
Nam H.W.,467,2,0,2,,0,0,0,2,0.0,,0.0
Nam J.S.,590,3,0,3,,0,0,0,3,0.0,,0.0
Napolitano S.,555,4,1,3,4.25,0,0,1,3,0.25,,0.25
Nardi L.,151,11,2,9,2.762777777777778,1,3,1,6,0.18181818181818182,0.25,0.14285714285714285
Naso G.,200,14,3,11,3.251666666666667,0,0,3,11,0.21428571428571427,,0.21428571428571427
Nava E.,242,13,2,11,4.150909090909091,0,0,2,11,0.15384615384615385,,0.15384615384615385
Navarro S.,209,1,0,1,,0,0,0,1,0.0,,0.0
Navarro-Pastor I.,310,100,35,65,3.5779748684979538,1,4,34,61,0.35,0.2,0.35789473684210527
Nedelko I.,508,2,0,2,,0,2,0,0,0.0,0.0,
Nedovyesov A.,115,23,4,19,3.895592105263158,0,3,4,16,0.17391304347826086,0.0,0.2
Nedovyesov O.,124,1,0,1,,0,1,0,0,0.0,0.0,
Nedunchezhiyan J.,314,1,0,1,,0,0,0,1,0.0,,0.0
Nestor D.,0,2,0,2,,0,0,0,2,0.0,,0.0
Neumayer L.,980,1,0,1,,0,0,0,1,0.0,,0.0
Nielsen F.,558,10,0,10,,0,3,0,7,0.0,0.0,0.0
Nielsen M.,309,3,0,3,,0,0,0,3,0.0,,0.0
Niemeyer F.,487,12,3,9,4.2375,1,3,2,6,0.25,0.25,0.25
Nieminen J.,145,572,294,278,2.616822130448951,89,68,205,210,0.513986013986014,0.5668789808917197,0.4939759036144578
Nieminen J. ,122,2,1,1,3.31,1,1,0,0,0.5,0.5,
Niki T.,340,1,0,1,,0,0,0,1,0.0,,0.0
Nikles J.,317,4,1,3,4.5216666666666665,0,0,1,3,0.25,,0.25
Niland C.,197,3,0,3,,0,0,0,3,0.0,,0.0
Nishikori K.,439,617,408,209,2.3175042420814482,70,33,338,176,0.6612641815235009,0.6796116504854369,0.6575875486381323
Nishioka Y.,31,215,99,116,3.2080342902711325,15,15,84,101,0.4604651162790698,0.5,0.4540540540540541
Noguchi R.,291,2,1,1,4.95,0,0,1,1,0.5,,0.5
Norman D.,263,37,10,27,2.963125,1,3,9,24,0.2702702702702703,0.25,0.2727272727272727
Norrie C.,13,287,172,115,2.4133323162979914,15,18,157,97,0.5993031358885017,0.45454545454545453,0.6181102362204725
Novak D.,166,58,15,43,3.092077519379845,6,16,9,27,0.25862068965517243,0.2727272727272727,0.25
Novak J.,122,127,71,56,2.0874242788461537,7,10,64,46,0.5590551181102362,0.4117647058823529,0.5818181818181818
Novikov D.,219,16,5,11,3.8329999999999997,0,0,5,11,0.3125,,0.3125
Nunez E.,531,1,0,1,,0,0,0,1,0.0,,0.0
O Connell C.,74,65,26,39,2.8349358974358974,0,0,26,39,0.4,,0.4
O'Connell C.,115,3,0,3,,0,0,0,3,0.0,,0.0
O'Neal J.,748,1,0,1,,0,0,0,1,0.0,,0.0
Odesnik W.,176,99,40,59,2.985725022104332,3,5,37,54,0.40404040404040403,0.375,0.4065934065934066
Ofner S.,61,34,16,18,3.7487847222222226,1,2,15,16,0.47058823529411764,0.3333333333333333,0.4838709677419355
Ojeda Lara R.,206,6,3,3,3.591666666666667,0,0,3,3,0.5,,0.5
Okun N.,273,26,8,18,3.0820285714285713,0,3,8,15,0.3076923076923077,0.0,0.34782608695652173
Olaso G.,309,6,2,4,3.8287500000000003,0,1,2,3,0.3333333333333333,0.0,0.4
Olejniczak D.,202,3,0,3,,0,0,0,3,0.0,,0.0
Oliel Y.,383,2,0,2,,0,2,0,0,0.0,0.0,
Olivetti A.,793,14,5,9,3.593333333333333,5,5,0,4,0.35714285714285715,0.5,0.0
Olivieri G.,231,3,2,1,8.7175,0,0,2,1,0.6666666666666666,,0.6666666666666666
Olivo R.,179,55,23,32,3.5202414772727275,4,4,19,28,0.41818181818181815,0.5,0.40425531914893614
Opelka R.,17,168,88,80,2.253829833141542,17,10,71,70,0.5238095238095238,0.6296296296296297,0.5035460992907801
Ortega-Olmedo R.,310,1,0,1,,0,0,0,1,0.0,,0.0
Oswald P.,1059,4,1,3,3.6666666666666665,0,1,1,2,0.25,0.0,0.3333333333333333
Otte O.,233,78,33,45,2.7419756944444447,6,14,27,31,0.4230769230769231,0.3,0.46551724137931033
Ouahab L.,617,15,5,10,3.8585000000000003,0,1,5,9,0.3333333333333333,0.0,0.35714285714285715
Ouanna J.,156,26,9,17,3.6122058823529413,3,5,6,12,0.34615384615384615,0.375,0.3333333333333333
Oudsema S.,261,5,1,4,,0,1,1,3,0.2,0.0,0.25
Ouyang B.,1098,1,0,1,,0,0,0,1,0.0,,0.0
Pacheco Mendez R.,817,3,0,3,,0,0,0,3,0.0,,0.0
Paes L.,0,1,0,1,,0,0,0,1,0.0,,0.0
Paire B.,149,527,237,290,2.7490480557593546,39,56,198,234,0.4497153700189753,0.4105263157894737,0.4583333333333333
Panfil G.,911,1,0,1,,0,0,0,1,0.0,,0.0
Pannu K.,717,2,0,2,,0,0,0,2,0.0,,0.0
Parada F.,385,2,0,2,,0,0,0,2,0.0,,0.0
Parmar A.,230,10,3,7,4.3445833333333335,2,2,1,5,0.3,0.5,0.16666666666666666
Pasha N.,1187,1,0,1,,0,0,0,1,0.0,,0.0
Pashanski B.,166,72,24,48,3.2200872093023256,2,2,22,46,0.3333333333333333,0.5,0.3235294117647059
Passaro F.,126,10,3,7,2.586904761904762,1,1,2,6,0.3,0.5,0.25
Patience O.,199,76,26,50,2.9276401952085185,1,3,25,47,0.34210526315789475,0.25,0.3472222222222222
Patino L.,809,1,0,1,,0,0,0,1,0.0,,0.0
Patriarca D.,284,1,0,1,,0,0,0,1,0.0,,0.0
Paul T.,14,204,111,93,2.3093179592636113,19,13,92,80,0.5441176470588235,0.59375,0.5348837209302325
Pavel A.,646,165,74,91,2.404459546165884,12,18,62,73,0.4484848484848485,0.4,0.45925925925925926
Pavic A.,449,13,3,10,3.3198333333333334,0,3,3,7,0.23076923076923078,0.0,0.3
Pavic M.,0,13,3,10,7.064,0,1,3,9,0.23076923076923078,0.0,0.25
Pavlasek A.,185,14,5,9,4.208444444444444,0,1,5,8,0.35714285714285715,0.0,0.38461538461538464
Pecotic M.,784,2,1,1,5.0,0,0,1,1,0.5,,0.5
Pedroso A.,286,1,0,1,,0,0,0,1,0.0,,0.0
Peliwo F.,526,6,2,4,4.6875,0,0,2,4,0.3333333333333333,,0.3333333333333333
Pella G.,199,260,118,142,3.0915944384254246,14,16,104,126,0.45384615384615384,0.4666666666666667,0.45217391304347826
Pellegrino A.,292,2,1,1,3.625,0,0,1,1,0.5,,0.5
Peniston R.,268,13,6,7,2.8191666666666664,0,0,6,7,0.46153846153846156,,0.46153846153846156
Perez D.,578,2,0,2,,0,0,0,2,0.0,,0.0
Peric T.,1255,1,0,1,,0,0,0,1,0.0,,0.0
Pervolarakis M.,377,1,0,1,,0,0,0,1,0.0,,0.0
Pescosolido S.,157,5,1,4,3.0191250000000003,0,0,1,4,0.2,,0.2
Petrovic D.,157,5,2,3,3.6383333333333336,0,1,2,2,0.4,0.0,0.5
Petzschner P.,524,183,83,100,2.9098168431300957,25,23,58,77,0.453551912568306,0.5208333333333334,0.42962962962962964
Petzschner P. ,76,1,0,1,,0,1,0,0,0.0,0.0,
Peya A.,311,56,15,41,3.3688504504504504,4,7,11,34,0.26785714285714285,0.36363636363636365,0.24444444444444444
Phau B.,223,189,73,116,3.441720300348619,15,20,58,96,0.3862433862433862,0.42857142857142855,0.37662337662337664
Philippoussis M.,113,63,28,35,2.026239393939394,3,4,25,31,0.4444444444444444,0.42857142857142855,0.44642857142857145
Phillips T.,413,1,0,1,,0,0,0,1,0.0,,0.0
Piccari F.,234,1,0,1,,0,0,0,1,0.0,,0.0
Piros Z.,124,3,1,2,2.1,0,0,1,2,0.3333333333333333,,0.3333333333333333
Pless K.,128,52,13,39,3.7187,3,6,10,33,0.25,0.3333333333333333,0.23255813953488372
Podlipnik H.,517,2,0,2,,0,0,0,2,0.0,,0.0
Poerschke L.,332,2,0,2,,0,2,0,0,0.0,0.0,
Polansky P.,172,50,11,39,3.702331002331003,0,3,11,36,0.22,0.0,0.23404255319148937
Poljicak M.,537,1,0,1,,0,0,0,1,0.0,,0.0
Polmans M.,165,19,5,14,3.2462857142857144,0,3,5,11,0.2631578947368421,0.0,0.3125
Popko D.,188,2,0,2,,0,2,0,0,0.0,0.0,
Popp A.,241,43,15,28,2.4660083333333334,1,5,14,23,0.3488372093023256,0.16666666666666666,0.3783783783783784
Popp T.,222,2,0,2,,0,0,0,2,0.0,,0.0
Popyrin A.,90,140,59,81,2.665760233918129,9,13,50,68,0.42142857142857143,0.4090909090909091,0.423728813559322
Portas A.,131,53,16,37,2.769052777777778,0,0,16,37,0.3018867924528302,,0.3018867924528302
Pospisil J.,213,8,1,7,,1,2,0,5,0.125,0.3333333333333333,0.0
Pospisil V.,99,280,122,158,2.8807159161651796,39,34,83,124,0.4357142857142857,0.5342465753424658,0.40096618357487923
Pouille L.,675,259,134,125,2.7920477611940298,35,26,99,99,0.5173745173745173,0.5737704918032787,0.5
Prashanth V.,557,1,0,1,,0,0,0,1,0.0,,0.0
Prinosil D.,368,1,0,1,,0,0,0,1,0.0,,0.0
Prizmic D.,287,5,2,3,2.8658333333333332,0,0,2,3,0.4,,0.4
Prodon E.,115,15,0,15,,0,1,0,14,0.0,0.0,0.0
Prpic A.,205,1,0,1,,0,0,0,1,0.0,,0.0
Prpic F.,310,9,2,7,3.36,1,2,1,5,0.2222222222222222,0.3333333333333333,0.16666666666666666
Przysiezny M.,315,78,19,59,3.4432309941520467,7,14,12,45,0.24358974358974358,0.3333333333333333,0.21052631578947367
Pucinelli de Almeida M.,264,2,1,1,3.75,1,1,0,0,0.5,0.5,
Puerta M.,10,63,37,26,2.3651515151515152,4,7,33,19,0.5873015873015873,0.36363636363636365,0.6346153846153846
Puetz T.,183,3,1,2,2.39,0,0,1,2,0.3333333333333333,,0.3333333333333333
Purcell M.,78,28,9,19,3.27280701754386,0,0,9,19,0.32142857142857145,,0.32142857142857145
Querrey S.,287,678,369,309,2.3024898596774626,48,39,321,270,0.5442477876106194,0.5517241379310345,0.5431472081218274
Querry S.,545,7,2,5,3.4875,0,1,2,4,0.2857142857142857,0.0,0.3333333333333333
Quigley E.,463,1,0,1,,0,0,0,1,0.0,,0.0
Quinn E.,394,3,1,2,4.255,0,0,1,2,0.3333333333333333,,0.3333333333333333
Quinzi G.,304,2,1,1,3.01,0,0,1,1,0.5,,0.5
Quiroz R.,293,6,3,3,3.475,0,0,3,3,0.5,,0.5
Qureshi A.,154,10,4,6,3.6064999999999996,0,1,4,5,0.4,0.0,0.4444444444444444
Qureshi A.U.H.,207,5,1,4,3.65625,0,1,1,3,0.2,0.0,0.25
Rachidi Y.,923,1,0,1,,0,0,0,1,0.0,,0.0
Raja P.,907,1,0,1,,0,1,0,0,0.0,0.0,
Ram A.,233,6,1,5,2.975,0,1,1,4,0.16666666666666666,0.0,0.2
Ram R.,235,147,55,92,3.2434816561844864,3,16,52,76,0.3741496598639456,0.15789473684210525,0.40625
Ramanathan R.,435,40,14,26,3.2187087912087913,0,4,14,22,0.35,0.0,0.3888888888888889
Ramirez C.,476,3,0,3,,0,0,0,3,0.0,,0.0
Ramirez-Hidalgo R.,165,180,62,118,3.1444698657308514,2,6,60,112,0.34444444444444444,0.25,0.3488372093023256
Ramos A.,97,148,68,80,3.117757352941177,9,13,59,67,0.4594594594594595,0.4090909090909091,0.46825396825396826
Ramos-Vinolas A.,82,437,204,233,2.771057284299858,17,31,187,202,0.4668192219679634,0.3541666666666667,0.480719794344473
Raonic M.,849,540,361,179,1.9176600888861068,64,34,297,145,0.6685185185185185,0.6530612244897959,0.6719457013574661
Rascon T.,484,1,0,1,,0,1,0,0,0.0,0.0,
Rastogi K.,480,5,1,4,,0,1,1,3,0.2,0.0,0.25
Rea S.,963,1,0,1,,0,0,0,1,0.0,,0.0
Recouderc L.,207,15,3,12,3.875166666666667,0,4,3,8,0.2,0.0,0.2727272727272727
Rehberg M.,412,3,0,3,,0,0,0,3,0.0,,0.0
Rehnquist B.,191,11,3,8,5.010357142857143,1,3,2,5,0.2727272727272727,0.25,0.2857142857142857
Reichel A.,1154,1,0,1,,0,1,0,0,0.0,0.0,
Reid M.,216,1,0,1,,0,0,0,1,0.0,,0.0
Reid T.,175,26,12,14,2.5475941558441555,0,0,12,14,0.46153846153846156,,0.46153846153846156
Reinberg E.,1032,1,0,1,,0,0,0,1,0.0,,0.0
Reister J.,759,48,14,34,3.064017857142857,0,4,14,30,0.2916666666666667,0.0,0.3181818181818182
Reix C.,502,2,1,1,10.75,1,1,0,0,0.5,0.5,
Renavand N.,364,2,1,1,5.0,1,1,0,0,0.5,0.5,
Rettenmaier T.,297,4,2,2,2.915,1,1,1,1,0.5,0.5,0.5
Reyes-Varela M.A.,502,2,0,2,,0,0,0,2,0.0,,0.0
Reynolds B.,133,98,28,70,3.205188923395445,1,11,27,59,0.2857142857142857,0.08333333333333333,0.313953488372093
Riba P.,228,85,24,61,3.2977732240437154,1,7,23,54,0.2823529411764706,0.125,0.2987012987012987
Riba-Madrid P.,78,2,0,2,,0,0,0,2,0.0,,0.0
Riedi L.,135,5,1,4,3.45125,1,1,0,3,0.2,0.5,0.0
Rieschick S.,253,4,1,3,3.685,1,1,0,2,0.25,0.5,0.0
Riffice S.,542,1,0,1,,0,0,0,1,0.0,,0.0
Rincon D.,841,2,0,2,,0,0,0,2,0.0,,0.0
Rinderknech A.,67,96,46,50,2.548147826086957,16,12,30,38,0.4791666666666667,0.5714285714285714,0.4411764705882353
Rios F.,1285,1,0,1,,0,0,0,1,0.0,,0.0
Ritschard A.,163,9,3,6,5.124166666666667,1,1,2,5,0.3333333333333333,0.5,0.2857142857142857
Robert S.,661,113,38,75,3.8619481981981982,3,6,35,69,0.336283185840708,0.3333333333333333,0.33653846153846156
Robredo R.,6,3,1,2,3.665,1,2,0,0,0.3333333333333333,0.3333333333333333,
Robredo T.,362,684,411,273,2.2224067019400353,44,41,367,232,0.6008771929824561,0.5176470588235295,0.6126878130217028
Robredo T. ,15,3,2,1,2.6174999999999997,2,1,0,0,0.6666666666666666,0.6666666666666666,
Roca Batalla O.,1055,3,1,2,3.3125,0,0,1,2,0.3333333333333333,,0.3333333333333333
Rocha D.,999,2,1,1,,0,0,1,1,0.5,,0.5
Rocha H.,596,1,0,1,,0,0,0,1,0.0,,0.0
Rochus C.,1502,186,63,123,3.4226736131934032,14,27,49,96,0.3387096774193548,0.34146341463414637,0.33793103448275863
Rochus C. ,88,1,0,1,,0,1,0,0,0.0,0.0,
Rochus O.,143,344,162,182,2.6918351428270264,36,38,126,144,0.47093023255813954,0.4864864864864865,0.4666666666666667
Rochus O. ,61,1,0,1,,0,1,0,0,0.0,0.0,
Roddick A.,22,550,412,138,1.6745213149446727,87,34,325,104,0.7490909090909091,0.71900826446281,0.7575757575757576
Rodionov J.,118,26,9,17,3.2409150326797387,2,3,7,14,0.34615384615384615,0.4,0.3333333333333333
Rodrigues M.,275,2,1,1,8.125,1,1,0,0,0.5,0.5,
Rodriguez B.,439,1,0,1,,0,0,0,1,0.0,,0.0
Rodriguez Taverna S.,201,1,0,1,,0,0,0,1,0.0,,0.0
Roger-Vasselin E.,186,208,84,124,3.0001508363201914,21,29,63,95,0.40384615384615385,0.42,0.3987341772151899
Roitman S.,121,80,23,57,3.146904186795491,0,3,23,54,0.2875,0.0,0.2987012987012987
Rola B.,163,27,9,18,3.5502777777777776,1,2,8,16,0.3333333333333333,0.3333333333333333,0.3333333333333333
Romboli F.,244,1,0,1,,0,0,0,1,0.0,,0.0
Rosenholm P.,371,3,1,2,13.0,1,2,0,0,0.3333333333333333,0.3333333333333333,
Roshardt R.,588,2,0,2,,0,0,0,2,0.0,,0.0
Rosol L.,226,259,110,149,3.2047223917022576,22,34,88,115,0.4247104247104247,0.39285714285714285,0.43349753694581283
Rosset M.,140,12,4,8,2.9801875,2,4,2,4,0.3333333333333333,0.3333333333333333,0.3333333333333333
Roumane R.,431,1,0,1,,0,1,0,0,0.0,0.0,
Rubin N.,306,29,8,21,3.515125,0,2,8,19,0.27586206896551724,0.0,0.2962962962962963
Rublev A.,7,392,255,137,2.071563725490196,57,34,198,103,0.6505102040816326,0.6263736263736264,0.6578073089700996
Ruevski P.,210,1,0,1,,0,0,0,1,0.0,,0.0
Rufin G.,91,44,16,28,3.74977380952381,4,2,12,26,0.36363636363636365,0.6666666666666666,0.3157894736842105
Rune H.,6,131,83,48,2.2399517276422767,28,9,55,39,0.6335877862595419,0.7567567567567568,0.5851063829787234
Rusedski G.,136,109,57,52,2.3845805052790348,14,9,43,43,0.5229357798165137,0.6086956521739131,0.5
Russell M.,156,170,62,108,3.3725257009345793,15,18,47,90,0.36470588235294116,0.45454545454545453,0.34306569343065696
Ruud C.,4,275,176,99,2.0666268398268395,19,16,157,83,0.64,0.5428571428571428,0.6541666666666667
Ruusuvuori E.,55,158,79,79,2.1670886075949367,16,18,63,61,0.5,0.47058823529411764,0.5080645161290323
Rybakov A.,378,1,0,1,,0,1,0,0,0.0,0.0,
Ryderstedt M.,340,20,8,12,3.869702380952381,5,6,3,6,0.4,0.45454545454545453,0.3333333333333333
Sa A.,238,5,1,4,2.895833333333333,0,0,1,4,0.2,,0.2
Saavedra Corvalan C.,395,1,0,1,,0,0,0,1,0.0,,0.0
Sabau R.,163,36,9,27,2.9616444444444445,0,3,9,24,0.25,0.0,0.2727272727272727
Sabry S.,586,1,0,1,,0,0,0,1,0.0,,0.0
Sachko V.,1041,3,0,3,,0,1,0,2,0.0,0.0,0.0
Sadecky A.,401,3,1,2,4.5625,0,0,1,2,0.3333333333333333,,0.3333333333333333
Safin M.,65,290,171,119,1.836935885794996,45,23,126,96,0.5896551724137931,0.6617647058823529,0.5675675675675675
Safiullin R.,92,42,20,22,3.0005681818181817,7,7,13,15,0.47619047619047616,0.5,0.4642857142857143
Safranek V.,225,2,0,2,,0,0,0,2,0.0,,0.0
Safwat M.,135,14,2,12,3.130909090909091,0,0,2,12,0.14285714285714285,,0.14285714285714285
Sakamoto P.,389,1,0,1,,0,1,0,0,0.0,0.0,
Sakharov G.,252,4,1,3,3.3766666666666665,0,0,1,3,0.25,,0.25
Salamanca C.,310,1,0,1,,0,0,0,1,0.0,,0.0
Salva B.,326,5,0,5,,0,0,0,5,0.0,,0.0
Salzenstein J.,495,22,6,16,2.7264999999999997,0,1,6,15,0.2727272727272727,0.0,0.2857142857142857
Samper-Montana J.,410,2,0,2,,0,0,0,2,0.0,,0.0
Sanchez D.,138,71,29,42,2.3861115384615386,0,2,29,40,0.4084507042253521,0.0,0.42028985507246375
Sanchez De Luna J.,304,2,0,2,,0,0,0,2,0.0,,0.0
Sanchez M.,624,2,0,2,,0,0,0,2,0.0,,0.0
Sanchez de Luna J.A.,494,1,0,1,,0,0,0,1,0.0,,0.0
Sandbichler A.,570,1,0,1,,0,0,0,1,0.0,,0.0
Sandgren T.,153,121,47,74,2.891803930260047,2,9,45,65,0.3884297520661157,0.18181818181818182,0.4090909090909091
Sanguinetti D.,253,126,49,77,2.7908991156239766,7,17,42,60,0.3888888888888889,0.2916666666666667,0.4117647058823529
Santillan A.,163,9,2,7,2.322857142857143,0,1,2,6,0.2222222222222222,0.0,0.25
Santopadre V.,145,1,0,1,,0,1,0,0,0.0,0.0,
Santoro F.,67,224,111,113,2.9695778278278278,24,30,87,83,0.4955357142857143,0.4444444444444444,0.5117647058823529
Saoudi S.,524,4,2,2,,0,0,2,2,0.5,,0.5
Saretta F.,543,63,26,37,2.562871031746032,2,1,24,36,0.4126984126984127,0.6666666666666666,0.4
Sargsian S.,391,57,20,37,2.7672030360531306,5,7,15,30,0.3508771929824561,0.4166666666666667,0.3333333333333333
Sarkissian A.,478,6,2,4,3.515,0,0,2,4,0.3333333333333333,,0.3333333333333333
Sarmiento R.,705,1,0,1,,0,0,0,1,0.0,,0.0
Satral J.,226,3,1,2,7.375,0,0,1,2,0.3333333333333333,,0.3333333333333333
Saulnier C.,259,109,49,60,2.426158081373647,22,16,27,44,0.44954128440366975,0.5789473684210527,0.38028169014084506
Saville L.,221,8,2,6,4.648333333333333,0,0,2,6,0.25,,0.25
Savolt A.,592,2,0,2,,0,1,0,1,0.0,0.0,0.0
Schalken S.,202,52,24,28,2.0286397306397306,5,5,19,23,0.46153846153846156,0.5,0.4523809523809524
Scherrer J.C.,1121,4,1,3,2.86,0,0,1,3,0.25,,0.25
Schiessling T.,652,1,0,1,,0,0,0,1,0.0,,0.0
Schnur B.,233,19,4,15,2.8559166666666664,4,4,0,11,0.21052631578947367,0.5,0.0
Scholtz N.,662,1,0,1,,0,0,0,1,0.0,,0.0
Schoolkate T.,844,1,0,1,,0,0,0,1,0.0,,0.0
Schoorel T.,108,6,1,5,4.3,0,3,1,2,0.16666666666666666,0.0,0.3333333333333333
Schuettler R.,113,276,113,163,2.6114724842767294,23,33,90,130,0.40942028985507245,0.4107142857142857,0.4090909090909091
Schuettler R. ,85,1,0,1,,0,1,0,0,0.0,0.0,
Schukin Y.,127,30,12,18,3.636777777777778,0,3,12,15,0.4,0.0,0.4444444444444444
Schuttler P.,350,1,0,1,,0,1,0,0,0.0,0.0,
Schwank E.,139,98,37,61,2.994187853107345,3,5,34,56,0.37755102040816324,0.375,0.37777777777777777
Schwartzman D.,95,428,233,195,2.721377593911774,32,27,201,168,0.544392523364486,0.5423728813559322,0.5447154471544715
Sekulic M.,68,1,0,1,,0,1,0,0,0.0,0.0,
Sela D.,146,289,120,169,3.0402112919132147,16,23,104,146,0.41522491349480967,0.41025641025641024,0.416
Seppi A.,141,758,363,395,2.835152073926578,74,85,289,310,0.4788918205804749,0.46540880503144655,0.48247078464106846
Seppi A. ,51,2,1,1,8.33,1,1,0,0,0.5,0.5,
Serdarusic N.,702,9,1,8,3.64,0,3,1,5,0.1111111111111111,0.0,0.16666666666666666
Sergeyev I.,209,2,1,1,8.0,0,0,1,1,0.5,,0.5
Serra F.,450,289,122,167,2.939715453628497,18,36,104,131,0.42214532871972316,0.3333333333333333,0.4425531914893617
Serra F. ,71,2,1,1,3.7,1,1,0,0,0.5,0.5,
Setkic A.,165,3,0,3,,0,1,0,2,0.0,0.0,0.0
Settergren J.,383,1,0,1,,0,1,0,0,0.0,0.0,
Seyboth Wild T.,117,28,12,16,2.948833333333333,7,3,5,13,0.42857142857142855,0.7,0.2777777777777778
Shane R.,1410,1,0,1,,0,0,0,1,0.0,,0.0
Shang J.,149,12,4,8,3.138125,0,0,4,8,0.3333333333333333,,0.3333333333333333
Shapovalov D.,29,298,166,132,2.1015288426433005,30,27,136,105,0.5570469798657718,0.5263157894736842,0.5643153526970954
Shelbayh A.,240,6,1,5,3.04,0,0,1,5,0.16666666666666666,,0.16666666666666666
Shelton B.,43,34,13,21,2.270054945054945,0,0,13,21,0.38235294117647056,,0.38235294117647056
Sherwood D.,261,2,1,1,4.25,0,0,1,1,0.5,,0.5
Shevchenko A.,93,20,8,12,3.3116666666666665,0,2,8,10,0.4,0.0,0.4444444444444444
Shi B.,0,1,0,1,,0,1,0,0,0.0,0.0,
Shimabukuro S.,161,4,1,3,4.75,0,0,1,3,0.25,,0.25
Shimizu Y.,451,1,0,1,,0,0,0,1,0.0,,0.0
Shyla Y.,366,1,0,1,,0,1,0,0,0.0,0.0,
Si Y.M.,0,1,0,1,,0,1,0,0,0.0,0.0,
Sidorenko A.,255,13,4,9,3.5175,2,4,2,5,0.3076923076923077,0.3333333333333333,0.2857142857142857
Sijsling I.,114,133,47,86,2.8353554443053817,21,22,26,64,0.3533834586466165,0.4883720930232558,0.28888888888888886
Silva D.,263,1,0,1,,0,0,0,1,0.0,,0.0
Silva F.,249,2,0,2,,0,0,0,2,0.0,,0.0
Silva F.F.,263,3,1,2,3.725,0,0,1,2,0.3333333333333333,,0.3333333333333333
Silva J.,228,7,1,6,,0,0,1,6,0.14285714285714285,,0.14285714285714285
Simmonds P.,428,3,0,3,,0,0,0,3,0.0,,0.0
Simon G.,188,869,491,378,2.3613384668035593,135,94,356,284,0.5650172612197929,0.5895196506550219,0.55625
Simon G. ,12,3,2,1,1.445,2,1,0,0,0.6666666666666666,0.6666666666666666,
Simonsson F.,674,1,0,1,,0,0,0,1,0.0,,0.0
Singh N.,817,1,0,1,,0,1,0,0,0.0,0.0,
Singh S.,373,1,0,1,,0,1,0,0,0.0,0.0,
Sinner J.,8,224,153,71,1.8798123249299725,42,19,111,52,0.6830357142857143,0.6885245901639344,0.6809815950920245
Sirianni J.,254,17,6,11,3.2150757575757574,0,0,6,11,0.35294117647058826,,0.35294117647058826
Siriluethaiwattana P.,1194,2,0,2,,0,2,0,0,0.0,0.0,
Sitak A.,0,2,0,2,,0,0,0,2,0.0,,0.0
Skatov T.,147,5,1,4,4.8875,1,2,0,2,0.2,0.3333333333333333,0.0
Skoch D.,0,3,0,3,,0,0,0,3,0.0,,0.0
Skugor F.,351,27,7,20,3.166642857142857,0,3,7,17,0.25925925925925924,0.0,0.2916666666666667
Slabinsky A.,558,2,0,2,,0,0,0,2,0.0,,0.0
Slanar M.,232,3,1,2,4.5125,0,0,1,2,0.3333333333333333,,0.3333333333333333
Sluiter R.,866,96,39,57,2.7156606060606063,6,12,33,45,0.40625,0.3333333333333333,0.4230769230769231
Smeets R.,168,9,1,8,4.692857142857143,0,1,1,7,0.1111111111111111,0.0,0.125
Smethurst D.,234,1,0,1,,0,0,0,1,0.0,,0.0
Smit J.,711,1,0,1,,0,1,0,0,0.0,0.0,
Smith A.,0,1,0,1,,0,0,0,1,0.0,,0.0
Smith J.P.,306,27,5,22,2.825,0,2,5,20,0.18518518518518517,0.0,0.2
Smyczek T.,281,128,43,85,3.056138166894665,5,8,38,77,0.3359375,0.38461538461538464,0.33043478260869563
Snobel P.,184,3,0,3,,0,1,0,2,0.0,0.0,0.0
Sock J.,166,324,177,147,2.440407586763519,38,24,139,123,0.5462962962962963,0.6129032258064516,0.5305343511450382
Soderling R.,5,427,273,154,2.1152942998760844,99,38,174,116,0.639344262295082,0.7226277372262774,0.6
Soderlund C.,479,2,1,1,5.18,0,0,1,1,0.5,,0.5
Soeda G.,119,105,29,76,4.060342497670083,7,13,22,63,0.2761904761904762,0.35,0.25882352941176473
Sonego L.,43,221,107,114,2.3342994753238235,19,17,88,97,0.4841628959276018,0.5277777777777778,0.4756756756756757
Sorensen L.,236,6,2,4,3.8674999999999997,0,0,2,4,0.3333333333333333,,0.3333333333333333
Sousa J.,147,436,189,247,3.2964156784094873,42,44,147,203,0.4334862385321101,0.4883720930232558,0.42
Sousa P.,475,36,9,27,3.6319444444444446,1,3,8,24,0.25,0.25,0.25
Souza J.,131,72,25,47,3.614277482269504,6,6,19,41,0.3472222222222222,0.5,0.31666666666666665
Spadea V.,361,250,118,132,2.440582315340909,19,27,99,105,0.472,0.41304347826086957,0.4852941176470588
Spizzirri E.,0,1,0,1,,0,0,0,1,0.0,,0.0
Squillari F.,135,19,10,9,2.5066875,0,0,10,9,0.5263157894736842,,0.5263157894736842
Squire H.,291,1,0,1,,0,0,0,1,0.0,,0.0
Srichaphan P.,83,195,102,93,2.269010710194731,25,19,77,74,0.5230769230769231,0.5681818181818182,0.5099337748344371
Stadler S.,288,16,6,10,3.8275,2,2,4,8,0.375,0.5,0.3333333333333333
Stakhovsky S.,200,339,145,194,3.1661791593822843,46,51,99,143,0.4277286135693215,0.4742268041237113,0.4090909090909091
Starace P.,176,333,146,187,2.8836261909391405,12,24,134,163,0.43843843843843844,0.3333333333333333,0.4511784511784512
Statham J.,360,8,2,6,5.410833333333333,0,0,2,6,0.25,,0.25
Statham R.,557,1,0,1,,0,0,0,1,0.0,,0.0
Stebe C-M.,177,2,1,1,3.415,0,0,1,1,0.5,,0.5
Stebe C.M.,231,76,28,48,3.698095238095238,4,7,24,41,0.3684210526315789,0.36363636363636365,0.36923076923076925
Steckley R.,583,1,0,1,,0,0,0,1,0.0,,0.0
Stepanek M.,25,2,1,1,1.88,0,0,1,1,0.5,,0.5
Stepanek R.,102,558,319,239,2.652736570011189,82,47,237,192,0.5716845878136201,0.6356589147286822,0.5524475524475524
Stepanek R. ,14,4,3,1,3.0216666666666665,3,1,0,0,0.75,0.75,
Stoliarov A.,361,1,0,1,,0,1,0,0,0.0,0.0,
Stoppini A.,209,11,3,8,5.916666666666666,0,1,3,7,0.2727272727272727,0.0,0.3
Stricker D.,106,20,10,10,2.777,2,2,8,8,0.5,0.5,0.5
Strode B.,393,1,0,1,,0,1,0,0,0.0,0.0,
Struff J-L.,106,1,0,1,,0,0,0,1,0.0,,0.0
Struff J.L.,21,369,170,199,2.5281531185338455,43,42,127,157,0.46070460704607047,0.5058823529411764,0.4471830985915493
Struvay E.,336,2,0,2,,0,0,0,2,0.0,,0.0
Sugita Y.,131,129,47,82,3.1148546964193047,6,12,41,70,0.3643410852713178,0.3333333333333333,0.36936936936936937
Sultan-Khalfan A.,1497,1,0,1,,0,0,0,1,0.0,,0.0
Summerer T.,219,9,1,8,,0,1,1,7,0.1111111111111111,0.0,0.125
Sun P.,557,5,1,4,,0,0,1,4,0.2,,0.2
Suzuki T.,355,17,8,9,5.265694444444444,0,0,8,9,0.47058823529411764,,0.47058823529411764
Svajda Z.,233,8,2,6,4.43,0,1,2,5,0.25,0.0,0.2857142857142857
Svrcina D.,216,2,1,1,3.375,0,0,1,1,0.5,,0.5
Sweeny D.,797,2,1,1,3.875,0,0,1,1,0.5,,0.5
Sweeting R.,156,89,33,56,3.4786383928571425,1,9,32,47,0.3707865168539326,0.1,0.4050632911392405
Tabara M.,111,21,7,14,3.49125,1,1,6,13,0.3333333333333333,0.5,0.3157894736842105
Taberner C.,181,37,13,24,2.7503205128205126,4,6,9,18,0.35135135135135137,0.4,0.3333333333333333
Tabilo A.,122,44,21,23,2.6279399585921324,5,4,16,19,0.4772727272727273,0.5555555555555556,0.45714285714285713
Tahiri M.,566,4,1,3,4.875,0,0,1,3,0.25,,0.25
Taino E.,255,4,1,3,2.263333333333333,0,1,1,2,0.25,0.0,0.3333333333333333
Takahashi Y.,262,1,0,1,,0,0,0,1,0.0,,0.0
Takeuchi K.,441,1,0,1,,0,1,0,0,0.0,0.0,
Tavares L.,246,3,1,2,3.75,0,0,1,2,0.3333333333333333,,0.3333333333333333
Tearney F.,447,2,0,2,,0,0,0,2,0.0,,0.0
Tecau H.,352,1,0,1,,0,0,0,1,0.0,,0.0
Teixeira M.,340,6,1,5,4.397,0,2,1,3,0.16666666666666666,0.0,0.25
Tenconi T.,147,1,0,1,,0,0,0,1,0.0,,0.0
Tepavac M.,201,1,0,1,,0,1,0,0,0.0,0.0,
Terachi T.,411,5,2,3,3.966666666666667,0,0,2,3,0.4,,0.4
Thiem D.,116,517,327,190,2.0680376629647514,53,39,274,151,0.632495164410058,0.5760869565217391,0.6447058823529411
Thiem D. ,5,5,3,2,2.548333333333334,3,2,0,0,0.6,0.6,
Thomann N.,266,10,2,8,,1,4,1,4,0.2,0.2,0.2
Thompson C.,2159,1,0,1,,0,0,0,1,0.0,,0.0
Thompson J.,71,221,96,125,2.588425263157895,10,10,86,115,0.4343891402714932,0.5,0.42786069651741293
Thron A.,901,2,0,2,,0,1,0,1,0.0,0.0,0.0
Tiafoe F.,10,303,158,145,2.3218030554343083,24,23,134,122,0.5214521452145214,0.5106382978723404,0.5234375
Tien L.,1042,1,0,1,,0,0,0,1,0.0,,0.0
Tipsarevic J.,251,481,243,238,2.367034664830119,52,49,191,189,0.5051975051975052,0.5148514851485149,0.5026315789473684
Tipsarevic J. ,39,2,1,1,2.14,1,1,0,0,0.5,0.5,
Tirante T.A.,136,5,2,3,3.5308333333333333,0,0,2,3,0.4,,0.4
Tiurnev E.,304,1,0,1,,0,1,0,0,0.0,0.0,
Tomic B.,233,349,169,180,2.642903846153846,13,23,156,157,0.48424068767908307,0.3611111111111111,0.4984025559105431
Topic J.,605,1,0,1,,0,0,0,1,0.0,,0.0
Topo M.,478,4,0,4,,0,0,0,4,0.0,,0.0
Torebko P.,384,2,0,2,,0,0,0,2,0.0,,0.0
Torpegaard M.,188,4,1,3,2.658333333333333,0,0,1,3,0.25,,0.25
Travaglia S.,1024,81,27,54,2.7477777777777774,5,12,22,42,0.3333333333333333,0.29411764705882354,0.34375
Trevisan M.,462,1,0,1,,0,0,0,1,0.0,,0.0
Trinker B.,417,3,1,2,6.75,0,0,1,2,0.3333333333333333,,0.3333333333333333
Troicki V.,230,525,269,256,2.633720265858209,61,51,208,205,0.5123809523809524,0.5446428571428571,0.5036319612590799
Troicki V. ,29,2,1,1,2.575,1,1,0,0,0.5,0.5,
Trongcharoenchaikul W.,1217,1,0,1,,0,1,0,0,0.0,0.0,
Trujillo G.,237,2,1,1,7.55,0,0,1,1,0.5,,0.5
Trungelliti M.,240,33,13,20,3.4615833333333335,2,2,11,18,0.3939393939393939,0.5,0.3793103448275862
Trusendi W.,386,1,0,1,,0,0,0,1,0.0,,0.0
Tseng C. H.,108,8,2,6,3.2158333333333333,0,1,2,5,0.25,0.0,0.2857142857142857
Tseng C.H.,145,9,1,8,2.44875,0,0,1,8,0.1111111111111111,,0.1111111111111111
Tsitsipas P.,970,1,0,1,,0,1,0,0,0.0,0.0,
Tsitsipas S.,5,390,264,126,1.8607575665399239,49,32,215,94,0.676923076923077,0.6049382716049383,0.6957928802588996
Tsitsipas S. ,6,5,4,1,2.6875,4,1,0,0,0.8,0.8,
Tsonga J.W.,297,672,444,228,2.032182844413296,139,62,305,166,0.6607142857142857,0.6915422885572139,0.6475583864118896
Tsonga J.W. ,9,1,0,1,,0,1,0,0,0.0,0.0,
Tu L.,252,5,1,4,3.3125,0,0,1,4,0.2,,0.2
Tuksar S.,166,5,0,5,,0,1,0,4,0.0,0.0,0.0
Tursunov D.,645,429,218,211,2.6261244693038615,55,41,163,170,0.5081585081585082,0.5729166666666666,0.4894894894894895
Tveit E.,925,1,0,1,,0,0,0,1,0.0,,0.0
Tyurnev E.,548,1,0,1,,0,1,0,0,0.0,0.0,
Uchida K.,155,4,1,3,4.305,0,0,1,3,0.25,,0.25
Uchiyama Y.,314,33,9,24,3.305486111111111,1,3,8,21,0.2727272727272727,0.25,0.27586206896551724
Udomchoke D.,145,64,15,49,3.121100303951368,3,10,12,39,0.234375,0.23076923076923078,0.23529411764705882
Uebel L.,288,1,0,1,,0,0,0,1,0.0,,0.0
Ugo Carabelli C.,122,5,2,3,3.059166666666667,0,1,2,2,0.4,0.0,0.5
Ulihrach B.,145,43,13,30,3.2249886363636366,3,5,10,25,0.3023255813953488,0.375,0.2857142857142857
Ungur A.,203,33,6,27,5.313425925925925,0,1,6,26,0.18181818181818182,0.0,0.1875
Uppal V.,526,1,0,1,,0,0,0,1,0.0,,0.0
Urban F.,560,1,0,1,,0,0,0,1,0.0,,0.0
Vacek J.,342,23,7,16,3.354702380952381,0,0,7,16,0.30434782608695654,,0.30434782608695654
Vacherot V.,357,1,0,1,,0,0,0,1,0.0,,0.0
Vagnozzi S.,192,11,4,7,4.033333333333333,0,0,4,7,0.36363636363636365,,0.36363636363636365
Vahaly B.,164,16,3,13,2.6753333333333336,0,2,3,11,0.1875,0.0,0.21428571428571427
Vaisse M.,309,1,0,1,,0,0,0,1,0.0,,0.0
Valent R.,1088,1,0,1,,0,1,0,0,0.0,0.0,
Valkusz M.,323,1,0,1,,0,0,0,1,0.0,,0.0
Van Assche L.,68,20,7,13,2.9723626373626373,0,3,7,10,0.35,0.0,0.4117647058823529
Van D. Merwe I.,118,1,0,1,,0,1,0,0,0.0,0.0,
Van De Zandschulp B.,44,117,63,54,2.7035449735449735,11,11,52,43,0.5384615384615384,0.5,0.5473684210526316
Van Der Merwe I.,155,10,6,4,3.0408333333333335,0,1,6,3,0.6,0.0,0.6666666666666666
Van Rijthoven T.,110,19,10,9,3.4004444444444446,0,4,10,5,0.5263157894736842,0.0,0.6666666666666666
Van der Dium A.,995,1,0,1,,0,1,0,0,0.0,0.0,
Van der Merwe I.,286,3,1,2,2.425,0,0,1,2,0.3333333333333333,,0.3333333333333333
Vanek J.,155,106,35,71,3.379643270944742,3,10,32,61,0.330188679245283,0.23076923076923078,0.34408602150537637
Vanni L.,163,23,5,18,3.51764705882353,3,6,2,12,0.21739130434782608,0.3333333333333333,0.14285714285714285
Vardhan V.,313,2,0,2,,0,0,0,2,0.0,,0.0
Varillas J. P.,1345,20,9,11,2.7432323232323235,2,1,7,10,0.45,0.6666666666666666,0.4117647058823529
Varillas J.P.,77,22,10,12,3.0788333333333333,1,3,9,9,0.45454545454545453,0.25,0.5
Vasilevski A.,785,1,0,1,,0,1,0,0,0.0,0.0,
Vassallo-Arguello M.,102,121,46,75,3.1579785531370037,1,3,45,72,0.38016528925619836,0.25,0.38461538461538464
Vassallo-Arguello M. ,72,1,0,1,,0,1,0,0,0.0,0.0,
Vatutin A.,295,8,2,6,2.868333333333333,0,2,2,4,0.25,0.0,0.3333333333333333
Vavassori A.,128,12,5,7,3.428,1,1,4,6,0.4166666666666667,0.5,0.4
Vega Hernandez D.,440,1,0,1,,0,0,0,1,0.0,,0.0
Veger F.,836,1,0,1,,0,1,0,0,0.0,0.0,
Veic A.,228,32,10,22,4.394272727272727,2,6,8,16,0.3125,0.25,0.3333333333333333
Velotti A.,184,4,0,4,,0,0,0,4,0.0,,0.0
Vemic D.,178,18,8,10,3.1470000000000002,0,1,8,9,0.4444444444444444,0.0,0.47058823529411764
Ventura S.,139,97,38,59,2.8086339285714286,0,0,38,59,0.3917525773195876,,0.3917525773195876
Venus M.,0,11,1,10,5.3365,0,0,1,10,0.09090909090909091,,0.09090909090909091
Verdasco F.,244,962,537,425,2.20486088071483,79,79,458,346,0.5582120582120582,0.5,0.5696517412935324
Verdasco F. ,8,4,3,1,1.7966666666666669,3,1,0,0,0.75,0.75,
Verdasco M.,53,2,1,1,1.79,0,0,1,1,0.5,,0.5
Verkerk M.,270,50,23,27,2.4057827272727272,2,3,21,24,0.46,0.4,0.4666666666666667
Veronelli D.,172,1,0,1,,0,0,0,1,0.0,,0.0
Vesely J.,528,288,130,158,2.4616816308507508,6,19,124,139,0.4513888888888889,0.24,0.4714828897338403
Vicente F.,268,45,12,33,2.886894265232975,0,1,12,32,0.26666666666666666,0.0,0.2727272727272727
Vicente M.,188,1,0,1,,0,0,0,1,0.0,,0.0
Vico U.,254,7,2,5,,1,2,1,3,0.2857142857142857,0.3333333333333333,0.25
Vik R.,378,54,19,35,3.310248161764706,4,8,15,27,0.35185185185185186,0.3333333333333333,0.35714285714285715
Vilella Martinez M.,167,10,4,6,3.7391666666666667,0,0,4,6,0.4,,0.4
Villanueva G.,279,1,0,1,,0,0,0,1,0.0,,0.0
Vinciguerra A.,572,16,6,10,3.5944444444444446,1,3,5,7,0.375,0.25,0.4166666666666667
Viola M.,218,15,4,11,3.7498863636363633,2,4,2,7,0.26666666666666666,0.3333333333333333,0.2222222222222222
Viola Mat.,148,2,0,2,,0,1,0,1,0.0,0.0,0.0
Virtanen O.,127,2,0,2,,0,0,0,2,0.0,,0.0
Vliegen K.,307,184,78,106,2.8080965489989462,19,21,59,85,0.42391304347826086,0.475,0.4097222222222222
Volandri F.,226,344,149,195,2.889173994118913,9,21,140,174,0.4331395348837209,0.3,0.445859872611465
Voltchkov V.,182,7,2,5,2.63905,1,1,1,4,0.2857142857142857,0.5,0.2
Vovk S.,1216,1,0,1,,0,1,0,0,0.0,0.0,
Vrbensky M.,311,1,0,1,,0,1,0,0,0.0,0.0,
Vukic A.,62,36,15,21,2.5793809523809523,2,1,13,20,0.4166666666666667,0.6666666666666666,0.3939393939393939
Wachiramanowong K.,523,3,0,3,,0,3,0,0,0.0,0.0,
Wagh A.,0,1,0,1,,0,1,0,0,0.0,0.0,
Walter L.,287,1,0,1,,0,0,0,1,0.0,,0.0
Wang C.,553,2,1,1,9.0,0,0,1,1,0.5,,0.5
Wang J.,118,21,8,13,3.2606730769230765,1,1,7,12,0.38095238095238093,0.5,0.3684210526315789
Wang Y.,88,3,0,3,,0,0,0,3,0.0,,0.0
Wang Y. Jr,401,2,1,1,,0,0,1,1,0.5,,0.5
Wang Y.Jr.,484,1,0,1,,0,0,0,1,0.0,,0.0
Wang Y.T.,164,40,14,26,3.7534027777777776,5,7,9,19,0.35,0.4166666666666667,0.32142857142857145
Warburg S.,169,15,5,10,3.8320000000000003,2,4,3,6,0.3333333333333333,0.3333333333333333,0.3333333333333333
Ward A.,869,4,0,4,,0,0,0,4,0.0,,0.0
Ward J.,340,65,15,50,3.599598639455783,1,2,14,48,0.23076923076923078,0.3333333333333333,0.22580645161290322
Washington M.,864,1,0,1,,0,0,0,1,0.0,,0.0
Waske A.,139,60,21,39,2.8128364153627317,3,5,18,34,0.35,0.375,0.34615384615384615
Wassen R.,542,2,1,1,,1,1,0,0,0.5,0.5,
Watanuki Y.,99,25,11,14,3.175974025974026,0,0,11,14,0.44,,0.44
Wawrinka S.,72,854,535,319,2.2231002479862214,84,69,451,250,0.6264637002341921,0.5490196078431373,0.6433666191155493
Wawrinka S. ,21,3,2,1,2.985,2,1,0,0,0.6666666666666666,0.6666666666666666,
Weiner G.,230,21,7,14,2.616185897435898,0,2,7,12,0.3333333333333333,0.0,0.3684210526315789
Weintraub A.,0,6,1,5,4.022,0,0,1,5,0.16666666666666666,,0.16666666666666666
Wessels L.,347,3,1,2,8.0825,0,0,1,2,0.3333333333333333,,0.3333333333333333
Wessels P.,200,30,12,18,2.9228529411764708,0,5,12,13,0.4,0.0,0.48
Westerhof B.,236,1,0,1,,0,0,0,1,0.0,,0.0
Whitehouse W.,373,10,4,6,3.222,0,0,4,6,0.4,,0.4
Whittington A.,210,5,2,3,3.5875000000000004,0,0,2,3,0.4,,0.4
Widom T.,232,10,5,5,3.8833333333333333,2,1,3,4,0.5,0.6666666666666666,0.42857142857142855
Williams R.,220,25,7,18,3.6675,1,1,6,17,0.28,0.5,0.2608695652173913
Willis M.,772,2,1,1,14.875,0,0,1,1,0.5,,0.5
Wilson B.,249,5,1,4,,1,2,0,2,0.2,0.3333333333333333,0.0
Witten J.,186,10,2,8,5.2275,0,2,2,6,0.2,0.0,0.25
Wolf J.J.,45,75,39,36,2.4885042735042733,8,6,31,30,0.52,0.5714285714285714,0.5081967213114754
Wolmarans F.,261,3,1,2,2.0425,0,0,1,2,0.3333333333333333,,0.3333333333333333
Wu D.,339,24,4,20,5.29425,0,0,4,20,0.16666666666666666,,0.16666666666666666
Wu T.L.,175,6,1,5,3.911,0,0,1,5,0.16666666666666666,,0.16666666666666666
Wu Y.,90,36,15,21,2.8138095238095238,5,0,10,21,0.4166666666666667,1.0,0.3225806451612903
Xu J.C.,594,1,0,1,,0,0,0,1,0.0,,0.0
Yang T.H.,249,4,0,4,,0,1,0,3,0.0,0.0,0.0
Yani M.,238,17,4,13,4.1431818181818185,1,2,3,11,0.23529411764705882,0.3333333333333333,0.21428571428571427
Ymer E.,186,81,24,57,3.052780320366133,3,11,21,46,0.2962962962962963,0.21428571428571427,0.31343283582089554
Ymer M.,59,130,58,72,2.8642217432950194,18,23,40,49,0.4461538461538462,0.43902439024390244,0.449438202247191
Yoo D.,0,1,0,1,,0,0,0,1,0.0,,0.0
Young D.,327,312,125,187,3.0380895652173914,22,28,103,159,0.40064102564102566,0.44,0.3931297709923664
Youzhny A.,18,1,0,1,,0,1,0,0,0.0,0.0,
Youzhny M.,110,718,390,328,2.287147573898494,108,65,282,263,0.5431754874651811,0.6242774566473989,0.5174311926605505
Youzhny M. ,23,5,4,1,3.02125,4,1,0,0,0.8,0.8,
Yu X.Y.,515,2,0,2,,0,0,0,2,0.0,,0.0
Yuksel A.,507,1,0,1,,0,0,0,1,0.0,,0.0
Zabaleta M.,118,114,58,56,2.130133267195767,1,3,57,53,0.5087719298245614,0.25,0.5181818181818182
Zampieri C.,316,3,1,2,3.4375,0,0,1,2,0.3333333333333333,,0.3333333333333333
Zapata Miralles B.,54,80,32,48,2.746302083333333,1,6,31,42,0.4,0.14285714285714285,0.4246575342465753
Zayed M. S.,1855,1,0,1,,0,0,0,1,0.0,,0.0
Zayed M.S.,0,1,0,1,,0,0,0,1,0.0,,0.0
Zayid M.,0,1,0,1,,0,0,0,1,0.0,,0.0
Zayid M. S.,1512,1,0,1,,0,0,0,1,0.0,,0.0
Zayid M.S.,0,2,0,2,,0,0,0,2,0.0,,0.0
Zeballos H.,149,217,87,130,3.107203041144902,12,17,75,113,0.4009216589861751,0.41379310344827586,0.39893617021276595
Zeballos H. ,42,1,0,1,,0,1,0,0,0.0,0.0,
Zekic M.,316,3,1,2,5.725,0,0,1,2,0.3333333333333333,,0.3333333333333333
Zemlja G.,151,64,28,36,3.9875357142857144,8,7,20,29,0.4375,0.5333333333333333,0.40816326530612246
Zeng S.X.,393,5,1,4,6.88375,0,0,1,4,0.2,,0.2
Zeppieri G.,129,13,4,9,3.33125,0,1,4,8,0.3076923076923077,0.0,0.3333333333333333
Zhang Z.,187,15,4,11,6.704545454545454,0,0,4,11,0.26666666666666666,,0.26666666666666666
Zhang Ze,216,11,1,10,5.4185,0,0,1,10,0.09090909090909091,,0.09090909090909091
Zhang Ze.,179,2,0,2,,0,0,0,2,0.0,,0.0
Zhang Zh.,53,44,20,24,3.147125,1,2,19,22,0.45454545454545453,0.3333333333333333,0.4634146341463415
Zhu B.Q.,646,3,1,2,3.915,0,0,1,2,0.3333333333333333,,0.3333333333333333
Zhukayev B.,258,2,0,2,,0,1,0,1,0.0,0.0,0.0
Ziadi M.,757,5,0,5,,0,0,0,5,0.0,,0.0
Zib T.,292,88,28,60,3.160857279693487,2,10,26,50,0.3181818181818182,0.16666666666666666,0.34210526315789475
Zimonjic N.,520,7,2,5,,0,1,2,4,0.2857142857142857,0.0,0.3333333333333333
Zitko R.,487,1,0,1,,0,0,0,1,0.0,,0.0
Zlatanovic A.,1421,1,0,1,,0,0,0,1,0.0,,0.0
Zopp J.,133,47,16,31,3.862862903225807,5,10,11,21,0.3404255319148936,0.3333333333333333,0.34375
Zovko L.,769,5,2,3,4.0925,1,2,1,1,0.4,0.3333333333333333,0.5
Zuk K.,172,3,0,3,,0,2,0,1,0.0,0.0,0.0
Zverev A.,19,500,346,154,1.9151367400715227,60,31,286,123,0.692,0.6593406593406593,0.6992665036674817
Zverev A. ,7,4,2,2,2.175,2,2,0,0,0.5,0.5,
Zverev M.,280,333,134,199,2.943071314650262,40,45,94,154,0.4024024024024024,0.47058823529411764,0.3790322580645161
de Chaunac S.,312,19,5,14,3.673741666666667,3,5,2,9,0.2631578947368421,0.375,0.18181818181818182
de Voest R.,135,25,10,15,3.4460583333333332,4,5,6,10,0.4,0.4444444444444444,0.375
di Mauro A.,135,48,14,34,3.216263221153846,0,1,14,33,0.2916666666666667,0.0,0.2978723404255319
di Pasquale A.,228,12,3,9,2.7195,0,0,3,9,0.25,,0.25
van Gemerden M.,106,10,4,6,3.455,0,0,4,6,0.4,,0.4
van Lottum J.,493,17,3,14,2.726,1,1,2,13,0.17647058823529413,0.5,0.13333333333333333
van Scheppingen D.,278,27,8,19,2.984394736842105,3,4,5,15,0.2962962962962963,0.42857142857142855,0.25
van der Meer N.,620,1,0,1,,0,0,0,1,0.0,,0.0
