player1_name,player1_atprank,player1_games,player1_wins,player1_loses,player1_indoors_wins,player1_indoors_loses,player1_outdoors_wins,player1_outdoors_loses,player2_name,player2_atprank,player2_games,player2_wins,player2_loses,player2_indoors_wins,player2_indoors_loses,player2_outdoors_wins,player2_outdoors_loses,match_date,match_location,match_tournament,match_court,match_surface,match_odd_player1,match_odd_player2,winner_player1
Harrison R.,481,272,117,155,16,17,101,138,Mager G.,67,59,24,35,3,7,21,28,2021-01-07,Delray Beach,Delray Beach Open,Outdoor,Hard,1.72,2.0,0
Korda S.,26,126,75,51,15,9,60,42,Kwon S.W.,68,108,53,55,12,6,41,49,2021-01-07,Delray Beach,Delray Beach Open,Outdoor,Hard,1.72,2.0,1
Paul T.,14,204,111,93,19,13,92,80,Nam J.S.,590,3,0,3,0,0,0,3,2021-01-07,Delray Beach,Delray Beach Open,Outdoor,Hard,1.12,6.0,1
Travaglia S.,1024,81,27,54,5,12,22,42,Kecmanovic M.,40,210,107,103,12,16,95,87,2021-01-07,Antalya,Antalya Open,Indoor,Hard,2.62,1.44,1
Bellucci T.,915,380,179,201,22,24,157,177,Monteiro T.,121,171,69,102,9,11,60,91,2021-01-07,Delray Beach,Delray Beach Open,Outdoor,Hard,3.0,1.36,0
Caruso S.,146,63,19,44,5,9,14,35,Bublik A.,25,219,110,109,39,30,71,79,2021-01-07,Antalya,Antalya Open,Indoor,Hard,2.2,1.61,0
Arnaboldi A.,267,14,4,10,0,1,4,9,Basilashvili N.,118,301,138,163,26,34,112,129,2021-01-07,Antalya,Antalya Open,Indoor,Hard,2.5,1.5,0
Zuk K.,172,3,0,3,0,2,0,1,Celikbilek A.,230,9,4,5,3,3,1,2,2021-01-07,Antalya,Antalya Open,Indoor,Hard,1.5,2.5,0
Vesely J.,528,288,130,158,6,19,124,139,Ruusuvuori E.,55,158,79,79,16,18,63,61,2021-01-07,Antalya,Antalya Open,Indoor,Hard,2.5,1.5,0
Herbert P.H.,157,202,89,113,31,38,58,75,Goffin D.,123,522,296,226,66,52,230,174,2021-01-07,Antalya,Antalya Open,Indoor,Hard,2.75,1.4,0
Mcdonald M.,60,190,87,103,11,15,76,88,Querrey S.,287,678,369,309,48,39,321,270,2021-01-08,Delray Beach,Delray Beach Open,Outdoor,Hard,1.9,1.8,0
Etcheverry T.,34,60,26,34,5,3,21,31,Harrison C.,251,15,6,9,0,0,6,9,2021-01-08,Delray Beach,Delray Beach Open,Outdoor,Hard,3.25,1.33,0
Galan D.E.,76,78,33,45,3,5,30,40,Martin A.,723,258,107,151,6,13,101,138,2021-01-08,Delray Beach,Delray Beach Open,Outdoor,Hard,1.4,2.75,1
Quiroz R.,293,6,3,3,0,0,3,3,Rubin N.,306,29,8,21,0,2,8,19,2021-01-08,Delray Beach,Delray Beach Open,Outdoor,Hard,2.0,1.72,1
King K.,304,7,1,6,0,0,1,6,Fratangelo B.,695,62,22,40,0,1,22,39,2021-01-08,Delray Beach,Delray Beach Open,Outdoor,Hard,2.5,1.5,0
Norrie C.,13,287,172,115,15,18,157,97,Aragone J.C.,299,1,0,1,0,0,0,1,2021-01-08,Delray Beach,Delray Beach Open,Outdoor,Hard,1.2,4.33,1
Andujar P.,323,404,164,240,12,30,152,210,Karlovic I.,221,674,351,323,80,66,271,257,2021-01-08,Delray Beach,Delray Beach Open,Outdoor,Hard,1.44,2.62,0
Chardy J.,542,591,289,302,44,48,245,254,Albot R.,97,215,86,129,26,26,60,103,2021-01-08,Antalya,Antalya Open,Indoor,Hard,2.0,1.72,1
Djere L.,38,243,120,123,10,22,110,101,Kuzmanov D.,207,12,4,8,2,8,2,0,2021-01-08,Antalya,Antalya Open,Indoor,Hard,1.44,2.62,0
Fognini F.,128,742,383,359,39,48,344,311,Vrbensky M.,311,1,0,1,0,1,0,0,2021-01-08,Antalya,Antalya Open,Indoor,Hard,1.4,2.75,1
Bachinger M.,279,86,31,55,14,17,17,38,Kuhn N.,259,12,3,9,1,1,2,8,2021-01-08,Antalya,Antalya Open,Indoor,Hard,1.57,2.25,0
Jaziri M.,444,217,83,134,8,20,75,114,De Minaur A.,19,272,161,111,30,19,131,92,2021-01-08,Antalya,Antalya Open,Indoor,Hard,13.0,1.04,0
Berrettini M.,38,217,142,75,14,11,128,64,Kirkin E.,446,2,0,2,0,1,0,1,2021-01-08,Antalya,Antalya Open,Indoor,Hard,1.03,15.0,1
Grenier H.,122,16,5,11,1,2,4,9,Molcan A.,120,86,45,41,1,6,44,35,2021-01-08,Antalya,Antalya Open,Indoor,Hard,1.8,1.9,1
Andreev A.,319,8,2,6,2,6,0,0,Ilhan M.,571,74,20,54,3,11,17,43,2021-01-08,Antalya,Antalya Open,Indoor,Hard,1.2,4.33,1
Gerasimov E.,150,93,43,50,19,19,24,31,Lamasine T.,271,9,3,6,1,2,2,4,2021-01-08,Antalya,Antalya Open,Indoor,Hard,1.16,5.0,0
Struff J.L.,21,369,170,199,43,42,127,157,Kotov P.,89,25,10,15,1,4,9,11,2021-01-08,Antalya,Antalya Open,Indoor,Hard,1.22,4.0,1
Young D.,327,312,125,187,22,28,103,159,Tiafoe F.,10,303,158,145,24,23,134,122,2021-01-09,Delray Beach,Delray Beach Open,Outdoor,Hard,4.0,1.22,0
Harrison C.,251,15,6,9,0,0,6,9,Garin C.,101,190,103,87,15,13,88,74,2021-01-09,Delray Beach,Delray Beach Open,Outdoor,Hard,2.62,1.44,1
Mager G.,67,59,24,35,3,7,21,28,Querrey S.,287,678,369,309,48,39,321,270,2021-01-09,Delray Beach,Delray Beach Open,Outdoor,Hard,4.0,1.22,1
Kuhn N.,259,12,3,9,1,1,2,8,Goffin D.,123,522,296,226,66,52,230,174,2021-01-09,Antalya,Antalya Open,Indoor,Hard,6.5,1.11,0
Paul T.,14,204,111,93,19,13,92,80,Korda S.,26,126,75,51,15,9,60,42,2021-01-09,Delray Beach,Delray Beach Open,Outdoor,Hard,1.53,2.37,0
Travaglia S.,1024,81,27,54,5,12,22,42,Ruusuvuori E.,55,158,79,79,16,18,63,61,2021-01-09,Antalya,Antalya Open,Indoor,Hard,2.62,1.44,1
Basilashvili N.,118,301,138,163,26,34,112,129,Celikbilek A.,230,9,4,5,3,3,1,2,2021-01-09,Antalya,Antalya Open,Indoor,Hard,1.4,2.75,1
Andreev A.,319,8,2,6,2,6,0,0,De Minaur A.,19,272,161,111,30,19,131,92,2021-01-09,Antalya,Antalya Open,Indoor,Hard,8.0,1.08,0
Tiafoe F.,10,303,158,145,24,23,134,122,Fratangelo B.,695,62,22,40,0,1,22,39,2021-01-10,Delray Beach,Delray Beach Open,Outdoor,Hard,1.3,3.4,1
Quiroz R.,293,6,3,3,0,0,3,3,Karlovic I.,221,674,351,323,80,66,271,257,2021-01-10,Delray Beach,Delray Beach Open,Outdoor,Hard,2.1,1.66,1
Kuzmanov D.,207,12,4,8,2,8,2,0,Berrettini M.,38,217,142,75,14,11,128,64,2021-01-10,Antalya,Antalya Open,Indoor,Hard,9.0,1.07,0
Grenier H.,122,16,5,11,1,2,4,9,Struff J.L.,21,369,170,199,43,42,127,157,2021-01-10,Antalya,Antalya Open,Indoor,Hard,4.5,1.18,0
Lamasine T.,271,9,3,6,1,2,2,4,Bublik A.,25,219,110,109,39,30,71,79,2021-01-10,Antalya,Antalya Open,Indoor,Hard,4.5,1.18,0
Chardy J.,542,591,289,302,44,48,245,254,Fognini F.,128,742,383,359,39,48,344,311,2021-01-10,Antalya,Antalya Open,Indoor,Hard,2.2,1.61,1
Hurkacz H.,17,238,137,101,27,24,110,77,Galan D.E.,76,78,33,45,3,5,30,40,2021-01-10,Delray Beach,Delray Beach Open,Outdoor,Hard,1.36,3.0,1
Monteiro T.,121,171,69,102,9,11,60,91,Isner J.,114,755,465,290,53,45,412,245,2021-01-10,Delray Beach,Delray Beach Open,Outdoor,Hard,2.5,1.5,0
Mannarino A.,27,567,264,303,60,73,204,230,Norrie C.,13,287,172,115,15,18,157,97,2021-01-11,Delray Beach,Delray Beach Open,Outdoor,Hard,1.9,1.8,0
Harrison C.,251,15,6,9,0,0,6,9,Mager G.,67,59,24,35,3,7,21,28,2021-01-11,Delray Beach,Delray Beach Open,Outdoor,Hard,1.72,2.1,1
Quiroz R.,293,6,3,3,0,0,3,3,Hurkacz H.,17,238,137,101,27,24,110,77,2021-01-11,Delray Beach,Delray Beach Open,Outdoor,Hard,5.0,1.16,0
Isner J.,114,755,465,290,53,45,412,245,Korda S.,26,126,75,51,15,9,60,42,2021-01-11,Delray Beach,Delray Beach Open,Outdoor,Hard,1.72,2.1,0
Goffin D.,123,522,296,226,66,52,230,174,Travaglia S.,1024,81,27,54,5,12,22,42,2021-01-11,Antalya,Antalya Open,Indoor,Hard,1.33,3.4,1
Basilashvili N.,118,301,138,163,26,34,112,129,De Minaur A.,19,272,161,111,30,19,131,92,2021-01-11,Antalya,Antalya Open,Indoor,Hard,6.5,1.11,0
Berrettini M.,38,217,142,75,14,11,128,64,Bublik A.,25,219,110,109,39,30,71,79,2021-01-11,Antalya,Antalya Open,Indoor,Hard,1.25,4.0,0
Struff J.L.,21,369,170,199,43,42,127,157,Chardy J.,542,591,289,302,44,48,245,254,2021-01-11,Antalya,Antalya Open,Indoor,Hard,1.5,2.62,0
Bublik A.,25,219,110,109,39,30,71,79,Chardy J.,542,591,289,302,44,48,245,254,2021-01-12,Antalya,Antalya Open,Indoor,Hard,1.4,3.0,1
Goffin D.,123,522,296,226,66,52,230,174,De Minaur A.,19,272,161,111,30,19,131,92,2021-01-12,Antalya,Antalya Open,Indoor,Hard,2.5,1.53,0
Tiafoe F.,10,303,158,145,24,23,134,122,Norrie C.,13,287,172,115,15,18,157,97,2021-01-12,Delray Beach,Delray Beach Open,Outdoor,Hard,1.72,2.1,0
Harrison C.,251,15,6,9,0,0,6,9,Hurkacz H.,17,238,137,101,27,24,110,77,2021-01-12,Delray Beach,Delray Beach Open,Outdoor,Hard,3.2,1.36,0
Korda S.,26,126,75,51,15,9,60,42,Norrie C.,13,287,172,115,15,18,157,97,2021-01-13,Delray Beach,Delray Beach Open,Outdoor,Hard,1.66,2.2,1
Korda S.,26,126,75,51,15,9,60,42,Hurkacz H.,17,238,137,101,27,24,110,77,2021-01-13,Delray Beach,Delray Beach Open,Outdoor,Hard,2.0,1.8,0
De Minaur A.,19,272,161,111,30,19,131,92,Bublik A.,25,219,110,109,39,30,71,79,2021-01-13,Antalya,Antalya Open,Indoor,Hard,1.2,4.5,1
Vukic A.,62,36,15,21,2,1,13,20,Lu Y.,625,11,1,10,0,0,1,10,2021-01-31,Melbourne,Great Ocean Road Open,Outdoor,Hard,1.16,5.0,1
Djere L.,38,243,120,123,10,22,110,101,Majchrzak K.,121,50,19,31,3,4,16,27,2021-01-31,Melbourne,Great Ocean Road Open,Outdoor,Hard,2.75,1.4,0
Bedene A.,347,291,131,160,18,23,113,137,Uchiyama Y.,314,33,9,24,1,3,8,21,2021-01-31,Melbourne,Great Ocean Road Open,Outdoor,Hard,1.4,2.75,1
Bourchier H.,324,2,1,1,0,0,1,1,Polmans M.,165,19,5,14,0,3,5,11,2021-02-01,Melbourne,Murray River Open,Outdoor,Hard,2.62,1.44,1
Cilic M.,100,853,543,310,119,65,424,245,Chardy J.,542,591,289,302,44,48,245,254,2021-02-01,Melbourne,Murray River Open,Outdoor,Hard,1.66,2.1,0
Nagal S.,503,17,3,14,0,1,3,13,Berankis R.,212,249,104,145,36,31,68,114,2021-02-01,Melbourne,Murray River Open,Outdoor,Hard,3.5,1.28,0
Kokkinakis T.,86,124,55,69,0,4,55,65,Bolt A.,345,40,13,27,0,0,13,27,2021-02-01,Melbourne,Murray River Open,Outdoor,Hard,1.33,3.25,0
Moutet C.,80,118,50,68,5,11,45,57,Tiafoe F.,10,303,158,145,24,23,134,122,2021-02-01,Melbourne,Murray River Open,Outdoor,Hard,3.0,1.36,1
Tu L.,252,5,1,4,0,0,1,4,Sousa P.,475,36,9,27,1,3,8,24,2021-02-01,Melbourne,Murray River Open,Outdoor,Hard,1.4,2.75,0
Ymer M.,59,130,58,72,18,23,40,49,Mannarino A.,27,567,264,303,60,73,204,230,2021-02-01,Melbourne,Murray River Open,Outdoor,Hard,2.75,1.4,0
Gasquet R.,48,948,581,367,133,82,448,285,Mcdonald M.,60,190,87,103,11,15,76,88,2021-02-01,Melbourne,Murray River Open,Outdoor,Hard,1.44,2.62,0
Coria F.,108,99,43,56,2,6,41,50,Albot R.,97,215,86,129,26,26,60,103,2021-02-01,Melbourne,Murray River Open,Outdoor,Hard,3.5,1.28,1
Kubler J.,77,53,24,29,0,1,24,28,Sonego L.,43,221,107,114,19,17,88,97,2021-02-01,Melbourne,Murray River Open,Outdoor,Hard,3.0,1.36,1
Fucsovics M.,67,249,121,128,26,24,95,104,Cecchinato M.,108,204,79,125,2,14,77,111,2021-02-01,Melbourne,Murray River Open,Outdoor,Hard,1.14,5.5,1
Harris L.,186,129,59,70,7,8,52,62,Gerasimov E.,150,93,43,50,19,19,24,31,2021-02-01,Melbourne,Murray River Open,Outdoor,Hard,1.9,1.8,0
Paul T.,14,204,111,93,19,13,92,80,Norrie C.,13,287,172,115,15,18,157,97,2021-02-01,Melbourne,Murray River Open,Outdoor,Hard,1.57,2.25,1
Ramos-Vinolas A.,82,437,204,233,17,31,187,202,Mott B.,481,2,0,2,0,0,0,2,2021-02-01,Melbourne,Murray River Open,Outdoor,Hard,1.36,3.0,1
O Connell C.,74,65,26,39,0,0,26,39,Koepfer D.,84,86,38,48,3,3,35,45,2021-02-01,Melbourne,Great Ocean Road Open,Outdoor,Hard,2.25,1.57,1
Gombos N.,114,66,21,45,6,14,15,31,Purcell M.,78,28,9,19,0,0,9,19,2021-02-01,Melbourne,Great Ocean Road Open,Outdoor,Hard,1.44,2.62,0
Martin A.,723,258,107,151,6,13,101,138,Kwon S.W.,68,108,53,55,12,6,41,49,2021-02-01,Melbourne,Great Ocean Road Open,Outdoor,Hard,3.75,1.25,0
Travaglia S.,1024,81,27,54,5,12,22,42,Carballes Baena R.,64,207,91,116,11,10,80,106,2021-02-01,Melbourne,Great Ocean Road Open,Outdoor,Hard,1.36,3.0,1
Lopez F.,634,863,441,422,71,82,370,340,Anderson K.,652,598,347,251,48,38,299,213,2021-02-01,Melbourne,Great Ocean Road Open,Outdoor,Hard,2.62,1.44,0
Seppi A.,141,758,363,395,74,85,289,310,Caruso S.,146,63,19,44,5,9,14,35,2021-02-01,Melbourne,Great Ocean Road Open,Outdoor,Hard,2.0,1.72,0
Torpegaard M.,188,4,1,3,0,0,1,3,Martinez P.,135,118,50,68,7,6,43,62,2021-02-02,Melbourne,Great Ocean Road Open,Outdoor,Hard,2.25,1.57,1
Daniel T.,111,178,67,111,3,10,64,101,Harris A.,232,3,1,2,0,0,1,2,2021-02-02,Melbourne,Murray River Open,Outdoor,Hard,1.33,3.25,0
Kyrgios N.,25,303,195,108,11,7,184,101,Muller A.,81,22,9,13,0,1,9,12,2021-02-02,Melbourne,Murray River Open,Outdoor,Hard,1.11,6.5,1
Vesely J.,528,288,130,158,6,19,124,139,Ferreira Silva F.,185,2,0,2,0,0,0,2,2021-02-02,Melbourne,Murray River Open,Outdoor,Hard,1.44,2.62,1
Halys Q.,79,72,23,49,3,10,20,39,Sugita Y.,131,129,47,82,6,12,41,70,2021-02-02,Melbourne,Murray River Open,Outdoor,Hard,1.57,2.25,0
Popyrin A.,90,140,59,81,9,13,50,68,Gojo B.,115,14,3,11,0,1,3,10,2021-02-02,Melbourne,Murray River Open,Outdoor,Hard,1.61,2.2,1
Londero J.I.,142,83,34,49,3,5,31,44,Kukushkin M.,221,352,141,211,50,49,91,162,2021-02-02,Melbourne,Murray River Open,Outdoor,Hard,2.62,1.44,0
Machac T.,108,18,6,12,1,1,5,11,Duckworth J.,123,143,55,88,10,9,45,79,2021-02-02,Melbourne,Murray River Open,Outdoor,Hard,1.53,2.37,0
Balazs A.,745,33,16,17,0,1,16,16,Alcaraz C.,1,164,130,34,10,5,120,29,2021-02-02,Melbourne,Great Ocean Road Open,Outdoor,Hard,4.0,1.22,0
Mager G.,67,59,24,35,3,7,21,28,Thompson J.,71,221,96,125,10,10,86,115,2021-02-02,Melbourne,Great Ocean Road Open,Outdoor,Hard,2.75,1.4,0
Ymer E.,186,81,24,57,3,11,21,46,Simon G.,188,869,491,378,135,94,356,284,2021-02-02,Melbourne,Murray River Open,Outdoor,Hard,3.0,1.36,0
Sweeny D.,797,2,1,1,0,0,1,1,Nam J.S.,590,3,0,3,0,0,0,3,2021-02-02,Melbourne,Great Ocean Road Open,Outdoor,Hard,2.25,1.57,1
Cuevas P.,149,421,210,211,34,25,176,186,Andujar P.,323,404,164,240,12,30,152,210,2021-02-02,Melbourne,Great Ocean Road Open,Outdoor,Hard,2.1,1.66,1
Cressy M.,96,96,42,54,10,11,32,43,Herbert P.H.,157,202,89,113,31,38,58,75,2021-02-02,Melbourne,Great Ocean Road Open,Outdoor,Hard,2.62,1.44,0
Smith J.P.,306,27,5,22,0,2,5,20,Sandgren T.,153,121,47,74,2,9,45,65,2021-02-02,Melbourne,Great Ocean Road Open,Outdoor,Hard,2.37,1.53,0
Giron M.,69,150,68,82,20,14,48,68,Mmoh M.,112,55,20,35,0,3,20,32,2021-02-02,Melbourne,Murray River Open,Outdoor,Hard,2.1,1.66,1
Laaksonen H.,125,101,37,64,7,16,30,48,Querrey S.,287,678,369,309,48,39,321,270,2021-02-02,Melbourne,Great Ocean Road Open,Outdoor,Hard,2.5,1.5,0
Ruusuvuori E.,55,158,79,79,16,18,63,61,Troicki V.,230,525,269,256,61,51,208,205,2021-02-02,Melbourne,Murray River Open,Outdoor,Hard,1.28,3.5,1
Fucsovics M.,67,249,121,128,26,24,95,104,Gerasimov E.,150,93,43,50,19,19,24,31,2021-02-02,Melbourne,Murray River Open,Outdoor,Hard,1.5,2.5,0
Giron M.,69,150,68,82,20,14,48,68,Mannarino A.,27,567,264,303,60,73,204,230,2021-02-02,Melbourne,Murray River Open,Outdoor,Hard,2.1,1.66,1
Sousa P.,475,36,9,27,1,3,8,24,Evans D.,30,251,124,127,18,16,106,111,2021-02-02,Melbourne,Murray River Open,Outdoor,Hard,5.5,1.14,0
Ebden M.,432,203,75,128,13,18,62,110,Delbonis F.,131,340,152,188,19,23,133,165,2021-02-02,Melbourne,Great Ocean Road Open,Outdoor,Hard,,,1
Hanfmann Y.,50,99,50,49,5,4,45,45,Vilella Martinez M.,167,10,4,6,0,0,4,6,2021-02-02,Melbourne,Great Ocean Road Open,Outdoor,Hard,1.53,2.37,0
Dellien H.,164,70,22,48,5,5,17,43,Stebe C.M.,231,76,28,48,4,7,24,41,2021-02-02,Melbourne,Great Ocean Road Open,Outdoor,Hard,4.33,1.2,0
Safiullin R.,92,42,20,22,7,7,13,15,Stakhovsky S.,200,339,145,194,46,51,99,143,2021-02-02,Melbourne,Great Ocean Road Open,Outdoor,Hard,1.36,3.0,0
Coppejans K.,188,11,0,11,0,3,0,8,Haase R.,257,458,202,256,35,54,167,202,2021-02-02,Melbourne,Great Ocean Road Open,Outdoor,Hard,2.25,1.57,0
Monteiro T.,121,171,69,102,9,11,60,91,Fancutt T.,562,1,0,1,0,0,0,1,2021-02-02,Melbourne,Great Ocean Road Open,Outdoor,Hard,1.14,5.5,1
Van De Zandschulp B.,44,117,63,54,11,11,52,43,Schoolkate T.,844,1,0,1,0,0,0,1,2021-02-02,Melbourne,Great Ocean Road Open,Outdoor,Hard,1.33,3.25,1
Berankis R.,212,249,104,145,36,31,68,114,Kubler J.,77,53,24,29,0,1,24,28,2021-02-02,Melbourne,Murray River Open,Outdoor,Hard,1.44,2.62,1
Ramos-Vinolas A.,82,437,204,233,17,31,187,202,Moutet C.,80,118,50,68,5,11,45,57,2021-02-03,Melbourne,Murray River Open,Outdoor,Hard,2.62,1.44,0
Harris A.,232,3,1,2,0,0,1,2,Dimitrov G.,20,651,389,262,79,50,310,212,2021-02-03,Melbourne,Murray River Open,Outdoor,Hard,5.5,1.14,0
Sugita Y.,131,129,47,82,6,12,41,70,Auger-Aliassime F.,12,268,163,105,48,22,115,83,2021-02-03,Melbourne,Murray River Open,Outdoor,Hard,5.0,1.16,0
Kyrgios N.,25,303,195,108,11,7,184,101,Bourchier H.,324,2,1,1,0,0,1,1,2021-02-03,Melbourne,Murray River Open,Outdoor,Hard,1.12,6.0,1
Coric B.,15,343,185,158,28,28,157,130,Ruusuvuori E.,55,158,79,79,16,18,63,61,2021-02-03,Melbourne,Murray River Open,Outdoor,Hard,1.66,2.1,1
Simon G.,188,869,491,378,135,94,356,284,Chardy J.,542,591,289,302,44,48,245,254,2021-02-03,Melbourne,Murray River Open,Outdoor,Hard,1.83,1.83,0
Humbert U.,36,170,80,90,23,21,57,69,Duckworth J.,123,143,55,88,10,9,45,79,2021-02-03,Melbourne,Murray River Open,Outdoor,Hard,1.33,3.25,0
Wawrinka S.,72,854,535,319,84,69,451,250,Kukushkin M.,221,352,141,211,50,49,91,162,2021-02-03,Melbourne,Murray River Open,Outdoor,Hard,1.3,3.4,1
Popyrin A.,90,140,59,81,9,13,50,68,Paul T.,14,204,111,93,19,13,92,80,2021-02-03,Melbourne,Murray River Open,Outdoor,Hard,2.75,1.4,1
Mcdonald M.,60,190,87,103,11,15,76,88,Bolt A.,345,40,13,27,0,0,13,27,2021-02-03,Melbourne,Murray River Open,Outdoor,Hard,1.36,3.0,0
Fritz T.,9,356,205,151,26,22,179,129,Coria F.,108,99,43,56,2,6,41,50,2021-02-03,Melbourne,Murray River Open,Outdoor,Hard,1.14,5.5,1
Ruud C.,4,275,176,99,19,16,157,83,Vesely J.,528,288,130,158,6,19,124,139,2021-02-03,Melbourne,Murray River Open,Outdoor,Hard,1.72,2.0,0
Stebe C.M.,231,76,28,48,4,7,24,41,Anderson K.,652,598,347,251,48,38,299,213,2021-02-03,Melbourne,Great Ocean Road Open,Outdoor,Hard,4.33,1.2,0
Van De Zandschulp B.,44,117,63,54,11,11,52,43,Majchrzak K.,121,50,19,31,3,4,16,27,2021-02-03,Melbourne,Great Ocean Road Open,Outdoor,Hard,2.0,1.72,1
Sweeny D.,797,2,1,1,0,0,1,1,Bedene A.,347,291,131,160,18,23,113,137,2021-02-03,Melbourne,Great Ocean Road Open,Outdoor,Hard,5.5,1.14,0
Hurkacz H.,17,238,137,101,27,24,110,77,Torpegaard M.,188,4,1,3,0,0,1,3,2021-02-03,Melbourne,Great Ocean Road Open,Outdoor,Hard,1.22,4.0,1
Kecmanovic M.,40,210,107,103,12,16,95,87,Kwon S.W.,68,108,53,55,12,6,41,49,2021-02-03,Melbourne,Great Ocean Road Open,Outdoor,Hard,1.53,2.37,1
Querrey S.,287,678,369,309,48,39,321,270,Travaglia S.,1024,81,27,54,5,12,22,42,2021-02-03,Melbourne,Great Ocean Road Open,Outdoor,Hard,1.66,2.1,0
Haase R.,257,458,202,256,35,54,167,202,Cuevas P.,149,421,210,211,34,25,176,186,2021-02-03,Melbourne,Great Ocean Road Open,Outdoor,Hard,1.61,2.2,0
Thompson J.,71,221,96,125,10,10,86,115,Herbert P.H.,157,202,89,113,31,38,58,75,2021-02-03,Melbourne,Great Ocean Road Open,Outdoor,Hard,1.57,2.25,1
Monteiro T.,121,171,69,102,9,11,60,91,Ebden M.,432,203,75,128,13,18,62,110,2021-02-03,Melbourne,Great Ocean Road Open,Outdoor,Hard,1.53,2.37,1
Stakhovsky S.,200,339,145,194,46,51,99,143,Opelka R.,17,168,88,80,17,10,71,70,2021-02-03,Melbourne,Great Ocean Road Open,Outdoor,Hard,3.25,1.33,0
Bublik A.,25,219,110,109,39,30,71,79,O Connell C.,74,65,26,39,0,0,26,39,2021-02-03,Melbourne,Great Ocean Road Open,Outdoor,Hard,1.5,2.5,1
Vilella Martinez M.,167,10,4,6,0,0,4,6,Basilashvili N.,118,301,138,163,26,34,112,129,2021-02-03,Melbourne,Great Ocean Road Open,Outdoor,Hard,2.25,1.57,1
Purcell M.,78,28,9,19,0,0,9,19,Khachanov K.,11,378,217,161,44,38,173,123,2021-02-03,Melbourne,Great Ocean Road Open,Outdoor,Hard,5.5,1.14,0
Alcaraz C.,1,164,130,34,10,5,120,29,Goffin D.,123,522,296,226,66,52,230,174,2021-02-03,Melbourne,Great Ocean Road Open,Outdoor,Hard,3.25,1.33,1
Sandgren T.,153,121,47,74,2,9,45,65,Caruso S.,146,63,19,44,5,9,14,35,2021-02-03,Melbourne,Great Ocean Road Open,Outdoor,Hard,1.9,1.8,0
Vukic A.,62,36,15,21,2,1,13,20,Sinner J.,8,224,153,71,42,19,111,52,2021-02-03,Melbourne,Great Ocean Road Open,Outdoor,Hard,5.5,1.14,0
Monteiro T.,121,171,69,102,9,11,60,91,Alcaraz C.,1,164,130,34,10,5,120,29,2021-02-04,Melbourne,Great Ocean Road Open,Outdoor,Hard,3.2,1.36,1
Khachanov K.,11,378,217,161,44,38,173,123,Anderson K.,652,598,347,251,48,38,299,213,2021-02-04,Melbourne,Great Ocean Road Open,Outdoor,Hard,2.3,1.61,1
Bedene A.,347,291,131,160,18,23,113,137,Sinner J.,8,224,153,71,42,19,111,52,2021-02-04,Melbourne,Great Ocean Road Open,Outdoor,Hard,4.0,1.25,0
Van De Zandschulp B.,44,117,63,54,11,11,52,43,Opelka R.,17,168,88,80,17,10,71,70,2021-02-04,Melbourne,Great Ocean Road Open,Outdoor,Hard,3.0,1.4,1
Kecmanovic M.,40,210,107,103,12,16,95,87,Caruso S.,146,63,19,44,5,9,14,35,2021-02-04,Melbourne,Great Ocean Road Open,Outdoor,Hard,1.44,2.75,1
Travaglia S.,1024,81,27,54,5,12,22,42,Bublik A.,25,219,110,109,39,30,71,79,2021-02-04,Melbourne,Great Ocean Road Open,Outdoor,Hard,2.2,1.66,1
Thompson J.,71,221,96,125,10,10,86,115,Vilella Martinez M.,167,10,4,6,0,0,4,6,2021-02-04,Melbourne,Great Ocean Road Open,Outdoor,Hard,1.3,3.5,1
Giron M.,69,150,68,82,20,14,48,68,Evans D.,30,251,124,127,18,16,106,111,2021-02-05,Melbourne,Murray River Open,Outdoor,Hard,2.5,1.53,0
Moutet C.,80,118,50,68,5,11,45,57,Duckworth J.,123,143,55,88,10,9,45,79,2021-02-05,Melbourne,Murray River Open,Outdoor,Hard,1.72,2.1,1
Vesely J.,528,288,130,158,6,19,124,139,Berankis R.,212,249,104,145,36,31,68,114,2021-02-05,Melbourne,Murray River Open,Outdoor,Hard,2.0,1.8,1
Bolt A.,345,40,13,27,0,0,13,27,Wawrinka S.,72,854,535,319,84,69,451,250,2021-02-05,Melbourne,Murray River Open,Outdoor,Hard,3.5,1.3,0
Gerasimov E.,150,93,43,50,19,19,24,31,Auger-Aliassime F.,12,268,163,105,48,22,115,83,2021-02-05,Melbourne,Murray River Open,Outdoor,Hard,3.2,1.36,0
Popyrin A.,90,140,59,81,9,13,50,68,Dimitrov G.,20,651,389,262,79,50,310,212,2021-02-05,Melbourne,Murray River Open,Outdoor,Hard,3.0,1.4,0
Evans D.,30,251,124,127,18,16,106,111,Coric B.,15,343,185,158,28,28,157,130,2021-02-05,Melbourne,Murray River Open,Outdoor,Hard,2.62,1.5,1
Chardy J.,542,591,289,302,44,48,245,254,Fritz T.,9,356,205,151,26,22,179,129,2021-02-05,Melbourne,Murray River Open,Outdoor,Hard,2.37,1.57,1
Coric B.,15,343,185,158,28,28,157,130,Kyrgios N.,25,303,195,108,11,7,184,101,2021-02-05,Melbourne,Murray River Open,Outdoor,Hard,1.72,2.1,1
Wawrinka S.,72,854,535,319,84,69,451,250,Chardy J.,542,591,289,302,44,48,245,254,2021-02-05,Melbourne,Murray River Open,Outdoor,Hard,1.9,1.9,0
Hurkacz H.,17,238,137,101,27,24,110,77,Cuevas P.,149,421,210,211,34,25,176,186,2021-02-05,Melbourne,Great Ocean Road Open,Outdoor,Hard,1.22,4.33,1
Monteiro T.,121,171,69,102,9,11,60,91,Thompson J.,71,221,96,125,10,10,86,115,2021-02-05,Melbourne,Great Ocean Road Open,Outdoor,Hard,2.75,1.44,1
Sinner J.,8,224,153,71,42,19,111,52,Kecmanovic M.,40,210,107,103,12,16,95,87,2021-02-05,Melbourne,Great Ocean Road Open,Outdoor,Hard,1.28,3.75,1
Khachanov K.,11,378,217,161,44,38,173,123,Van De Zandschulp B.,44,117,63,54,11,11,52,43,2021-02-05,Melbourne,Great Ocean Road Open,Outdoor,Hard,1.3,3.5,1
Travaglia S.,1024,81,27,54,5,12,22,42,Hurkacz H.,17,238,137,101,27,24,110,77,2021-02-05,Melbourne,Great Ocean Road Open,Outdoor,Hard,3.0,1.4,1
Dimitrov G.,20,651,389,262,79,50,310,212,Moutet C.,80,118,50,68,5,11,45,57,2021-02-05,Melbourne,Murray River Open,Outdoor,Hard,,,0
Auger-Aliassime F.,12,268,163,105,48,22,115,83,Vesely J.,528,288,130,158,6,19,124,139,2021-02-05,Melbourne,Murray River Open,Outdoor,Hard,1.5,2.62,1
Evans D.,30,251,124,127,18,16,106,111,Chardy J.,542,591,289,302,44,48,245,254,2021-02-06,Melbourne,Murray River Open,Outdoor,Hard,1.72,2.1,1
Auger-Aliassime F.,12,268,163,105,48,22,115,83,Moutet C.,80,118,50,68,5,11,45,57,2021-02-06,Melbourne,Murray River Open,Outdoor,Hard,1.4,3.0,1
Sinner J.,8,224,153,71,42,19,111,52,Khachanov K.,11,378,217,161,44,38,173,123,2021-02-06,Melbourne,Great Ocean Road Open,Outdoor,Hard,1.44,2.75,1
Monteiro T.,121,171,69,102,9,11,60,91,Travaglia S.,1024,81,27,54,5,12,22,42,2021-02-06,Melbourne,Great Ocean Road Open,Outdoor,Hard,2.1,1.72,0
Sinner J.,8,224,153,71,42,19,111,52,Travaglia S.,1024,81,27,54,5,12,22,42,2021-02-07,Melbourne,Great Ocean Road Open,Outdoor,Hard,1.25,4.0,1
Auger-Aliassime F.,12,268,163,105,48,22,115,83,Evans D.,30,251,124,127,18,16,106,111,2021-02-07,Melbourne,Murray River Open,Outdoor,Hard,1.66,2.2,0
Uchiyama Y.,314,33,9,24,1,3,8,21,Humbert U.,36,170,80,90,23,21,57,69,2021-02-08,Melbourne,Australian Open,Outdoor,Hard,5.5,1.14,0
Londero J.I.,142,83,34,49,3,5,31,44,Muller A.,81,22,9,13,0,1,9,12,2021-02-08,Melbourne,Australian Open,Outdoor,Hard,2.0,1.8,0
Carreno Busta P.,16,352,214,138,33,25,181,113,Nishikori K.,439,617,408,209,70,33,338,176,2021-02-08,Melbourne,Australian Open,Outdoor,Hard,1.33,3.4,1
Tiafoe F.,10,303,158,145,24,23,134,122,Travaglia S.,1024,81,27,54,5,12,22,42,2021-02-08,Melbourne,Australian Open,Outdoor,Hard,1.28,3.75,1
Cilic M.,100,853,543,310,119,65,424,245,Dimitrov G.,20,651,389,262,79,50,310,212,2021-02-08,Melbourne,Australian Open,Outdoor,Hard,2.62,1.5,0
Koepfer D.,84,86,38,48,3,3,35,45,Dellien H.,164,70,22,48,5,5,17,43,2021-02-08,Melbourne,Australian Open,Outdoor,Hard,1.22,4.33,1
Stakhovsky S.,200,339,145,194,46,51,99,143,Lajovic D.,66,378,163,215,21,36,142,179,2021-02-08,Melbourne,Australian Open,Outdoor,Hard,3.2,1.36,0
Auger-Aliassime F.,12,268,163,105,48,22,115,83,Stebe C.M.,231,76,28,48,4,7,24,41,2021-02-08,Melbourne,Australian Open,Outdoor,Hard,1.12,6.0,1
Ymer E.,186,81,24,57,3,11,21,46,Schwartzman D.,95,428,233,195,32,27,201,168,2021-02-08,Melbourne,Australian Open,Outdoor,Hard,13.0,1.04,0
Tomic B.,233,349,169,180,13,23,156,157,Sugita Y.,131,129,47,82,6,12,41,70,2021-02-08,Melbourne,Australian Open,Outdoor,Hard,2.2,1.66,1
Ferreira Silva F.,185,2,0,2,0,0,0,2,Kyrgios N.,25,303,195,108,11,7,184,101,2021-02-08,Melbourne,Australian Open,Outdoor,Hard,5.5,1.14,0
Daniel T.,111,178,67,111,3,10,64,101,Cressy M.,96,96,42,54,10,11,32,43,2021-02-08,Melbourne,Australian Open,Outdoor,Hard,1.72,2.1,0
Chardy J.,542,591,289,302,44,48,245,254,Djokovic N.,2,1207,1012,195,146,42,866,153,2021-02-08,Melbourne,Australian Open,Outdoor,Hard,26.0,1.01,0
Shapovalov D.,29,298,166,132,30,27,136,105,Sinner J.,8,224,153,71,42,19,111,52,2021-02-08,Melbourne,Australian Open,Outdoor,Hard,1.5,2.62,1
Vesely J.,528,288,130,158,6,19,124,139,Coppejans K.,188,11,0,11,0,3,0,8,2021-02-08,Melbourne,Australian Open,Outdoor,Hard,1.25,4.0,1
Duckworth J.,123,143,55,88,10,9,45,79,Dzumhur D.,202,234,107,127,31,29,76,98,2021-02-08,Melbourne,Australian Open,Outdoor,Hard,1.36,3.2,1
Raonic M.,849,540,361,179,64,34,297,145,Coria F.,108,99,43,56,2,6,41,50,2021-02-08,Melbourne,Australian Open,Outdoor,Hard,1.01,26.0,1
Bedene A.,347,291,131,160,18,23,113,137,Bublik A.,25,219,110,109,39,30,71,79,2021-02-08,Melbourne,Australian Open,Outdoor,Hard,1.8,2.0,0
Paire B.,149,527,237,290,39,56,198,234,Gerasimov E.,150,93,43,50,19,19,24,31,2021-02-08,Melbourne,Australian Open,Outdoor,Hard,5.0,1.16,0
Mannarino A.,27,567,264,303,60,73,204,230,Novak D.,166,58,15,43,6,16,9,27,2021-02-08,Melbourne,Australian Open,Outdoor,Hard,1.66,2.2,1
Ruusuvuori E.,55,158,79,79,16,18,63,61,Monfils G.,323,816,510,306,131,65,379,241,2021-02-08,Melbourne,Australian Open,Outdoor,Hard,1.61,2.3,1
Millman J.,140,256,113,143,21,22,92,121,Moutet C.,80,118,50,68,5,11,45,57,2021-02-08,Melbourne,Australian Open,Outdoor,Hard,1.4,3.0,0
Sousa P.,475,36,9,27,1,3,8,24,Wawrinka S.,72,854,535,319,84,69,451,250,2021-02-08,Melbourne,Australian Open,Outdoor,Hard,8.0,1.08,0
Gombos N.,114,66,21,45,6,14,15,31,Bolt A.,345,40,13,27,0,0,13,27,2021-02-08,Melbourne,Australian Open,Outdoor,Hard,2.2,1.66,0
Opelka R.,17,168,88,80,17,10,71,70,Lu Y.,625,11,1,10,0,0,1,10,2021-02-08,Melbourne,Australian Open,Outdoor,Hard,1.06,10.0,1
Ramos-Vinolas A.,82,437,204,233,17,31,187,202,Fritz T.,9,356,205,151,26,22,179,129,2021-02-08,Melbourne,Australian Open,Outdoor,Hard,5.5,1.14,0
Polmans M.,165,19,5,14,0,3,5,11,Fucsovics M.,67,249,121,128,26,24,95,104,2021-02-08,Melbourne,Australian Open,Outdoor,Hard,5.0,1.16,0
Kukushkin M.,221,352,141,211,50,49,91,162,Thiem D.,116,517,327,190,53,39,274,151,2021-02-08,Melbourne,Australian Open,Outdoor,Hard,17.0,1.02,0
Mager G.,67,59,24,35,3,7,21,28,Karatsev A.,75,136,66,70,10,22,56,48,2021-02-08,Melbourne,Australian Open,Outdoor,Hard,4.0,1.25,0
Kecmanovic M.,40,210,107,103,12,16,95,87,Majchrzak K.,121,50,19,31,3,4,16,27,2021-02-08,Melbourne,Australian Open,Outdoor,Hard,1.44,2.75,1
Zverev A.,19,500,346,154,60,31,286,123,Giron M.,69,150,68,82,20,14,48,68,2021-02-08,Melbourne,Australian Open,Outdoor,Hard,1.05,11.0,1
Martinez P.,135,118,50,68,7,6,43,62,Nishioka Y.,31,215,99,116,15,15,84,101,2021-02-08,Melbourne,Australian Open,Outdoor,Hard,3.2,1.36,1
De Minaur A.,19,272,161,111,30,19,131,92,Sandgren T.,153,121,47,74,2,9,45,65,2021-02-09,Melbourne,Australian Open,Outdoor,Hard,1.12,6.0,1
Paul T.,14,204,111,93,19,13,92,80,Basilashvili N.,118,301,138,163,26,34,112,129,2021-02-09,Melbourne,Australian Open,Outdoor,Hard,1.2,4.5,1
Nadal R.,2,1223,1017,206,76,40,941,166,Djere L.,38,243,120,123,10,22,110,101,2021-02-09,Melbourne,Australian Open,Outdoor,Hard,1.01,26.0,1
Laaksonen H.,125,101,37,64,7,16,30,48,Caruso S.,146,63,19,44,5,9,14,35,2021-02-09,Melbourne,Australian Open,Outdoor,Hard,2.37,1.57,0
Troicki V.,230,525,269,256,61,51,208,205,Mmoh M.,112,55,20,35,0,3,20,32,2021-02-09,Melbourne,Australian Open,Outdoor,Hard,2.2,1.66,0
Balazs A.,745,33,16,17,0,1,16,16,Carballes Baena R.,64,207,91,116,11,10,80,106,2021-02-09,Melbourne,Australian Open,Outdoor,Hard,8.0,1.08,0
Sonego L.,43,221,107,114,19,17,88,97,Querrey S.,287,678,369,309,48,39,321,270,2021-02-09,Melbourne,Australian Open,Outdoor,Hard,1.8,2.0,1
Vilella Martinez M.,167,10,4,6,0,0,4,6,Machac T.,108,18,6,12,1,1,5,11,2021-02-09,Melbourne,Australian Open,Outdoor,Hard,2.75,1.44,0
Fognini F.,128,742,383,359,39,48,344,311,Herbert P.H.,157,202,89,113,31,38,58,75,2021-02-09,Melbourne,Australian Open,Outdoor,Hard,1.72,2.1,1
Tsitsipas S.,5,390,264,126,49,32,215,94,Simon G.,188,869,491,378,135,94,356,284,2021-02-09,Melbourne,Australian Open,Outdoor,Hard,1.06,10.0,1
Kokkinakis T.,86,124,55,69,0,4,55,65,Kwon S.W.,68,108,53,55,12,6,41,49,2021-02-09,Melbourne,Australian Open,Outdoor,Hard,1.72,2.1,1
Berrettini M.,38,217,142,75,14,11,128,64,Anderson K.,652,598,347,251,48,38,299,213,2021-02-09,Melbourne,Australian Open,Outdoor,Hard,1.33,3.4,1
Ivashka I.,113,159,78,81,19,18,59,63,Safiullin R.,92,42,20,22,7,7,13,15,2021-02-09,Melbourne,Australian Open,Outdoor,Hard,2.37,1.57,0
Norrie C.,13,287,172,115,15,18,157,97,Evans D.,30,251,124,127,18,16,106,111,2021-02-09,Melbourne,Australian Open,Outdoor,Hard,3.0,1.4,1
Lopez F.,634,863,441,422,71,82,370,340,Tu L.,252,5,1,4,0,0,1,4,2021-02-09,Melbourne,Australian Open,Outdoor,Hard,1.33,3.4,1
Ruud C.,4,275,176,99,19,16,157,83,Thompson J.,71,221,96,125,10,10,86,115,2021-02-09,Melbourne,Australian Open,Outdoor,Hard,1.8,2.0,1
Nagal S.,503,17,3,14,0,1,3,13,Berankis R.,212,249,104,145,36,31,68,114,2021-02-09,Melbourne,Australian Open,Outdoor,Hard,6.0,1.12,0
Pospisil V.,99,280,122,158,39,34,83,124,Medvedev D.,3,406,289,117,69,27,220,90,2021-02-09,Melbourne,Australian Open,Outdoor,Hard,13.0,1.04,0
Torpegaard M.,188,4,1,3,0,0,1,3,Harris L.,186,129,59,70,7,8,52,62,2021-02-09,Melbourne,Australian Open,Outdoor,Hard,3.2,1.36,0
Mcdonald M.,60,190,87,103,11,15,76,88,Cecchinato M.,108,204,79,125,2,14,77,111,2021-02-09,Melbourne,Australian Open,Outdoor,Hard,1.36,3.2,1
Martin A.,723,258,107,151,6,13,101,138,Monteiro T.,121,171,69,102,9,11,60,91,2021-02-09,Melbourne,Australian Open,Outdoor,Hard,4.33,1.22,0
Pella G.,199,260,118,142,14,16,104,126,Coric B.,15,343,185,158,28,28,157,130,2021-02-09,Melbourne,Australian Open,Outdoor,Hard,6.0,1.12,0
Van De Zandschulp B.,44,117,63,54,11,11,52,43,Alcaraz C.,1,164,130,34,10,5,120,29,2021-02-09,Melbourne,Australian Open,Outdoor,Hard,2.2,1.66,0
Hurkacz H.,17,238,137,101,27,24,110,77,Ymer M.,59,130,58,72,18,23,40,49,2021-02-09,Melbourne,Australian Open,Outdoor,Hard,1.22,4.33,0
Struff J.L.,21,369,170,199,43,42,127,157,O Connell C.,74,65,26,39,0,0,26,39,2021-02-09,Melbourne,Australian Open,Outdoor,Hard,1.2,4.5,0
Popyrin A.,90,140,59,81,9,13,50,68,Goffin D.,123,522,296,226,66,52,230,174,2021-02-09,Melbourne,Australian Open,Outdoor,Hard,3.0,1.4,1
Khachanov K.,11,378,217,161,44,38,173,123,Vukic A.,62,36,15,21,2,1,13,20,2021-02-09,Melbourne,Australian Open,Outdoor,Hard,1.1,7.0,1
Bautista Agut R.,25,379,234,145,31,29,203,116,Albot R.,97,215,86,129,26,26,60,103,2021-02-09,Melbourne,Australian Open,Outdoor,Hard,1.05,11.0,0
Cuevas P.,149,421,210,211,34,25,176,186,Seppi A.,141,758,363,395,74,85,289,310,2021-02-09,Melbourne,Australian Open,Outdoor,Hard,1.66,2.2,1
Krajinovic F.,93,240,115,125,38,34,77,91,Haase R.,257,458,202,256,35,54,167,202,2021-02-09,Melbourne,Australian Open,Outdoor,Hard,1.22,4.33,1
Halys Q.,79,72,23,49,3,10,20,39,Andujar P.,323,404,164,240,12,30,152,210,2021-02-09,Melbourne,Australian Open,Outdoor,Hard,1.4,3.0,0
Rublev A.,7,392,255,137,57,34,198,103,Hanfmann Y.,50,99,50,49,5,4,45,45,2021-02-09,Melbourne,Australian Open,Outdoor,Hard,1.01,23.0,1
Fritz T.,9,356,205,151,26,22,179,129,Opelka R.,17,168,88,80,17,10,71,70,2021-02-10,Melbourne,Australian Open,Outdoor,Hard,1.66,2.2,1
Bolt A.,345,40,13,27,0,0,13,27,Dimitrov G.,20,651,389,262,79,50,310,212,2021-02-10,Melbourne,Australian Open,Outdoor,Hard,4.33,1.22,0
Zverev A.,19,500,346,154,60,31,286,123,Cressy M.,96,96,42,54,10,11,32,43,2021-02-10,Melbourne,Australian Open,Outdoor,Hard,1.08,8.0,1
Vesely J.,528,288,130,158,6,19,124,139,Carreno Busta P.,16,352,214,138,33,25,181,113,2021-02-10,Melbourne,Australian Open,Outdoor,Hard,4.33,1.22,0
Kecmanovic M.,40,210,107,103,12,16,95,87,Mannarino A.,27,567,264,303,60,73,204,230,2021-02-10,Melbourne,Australian Open,Outdoor,Hard,1.72,2.1,0
Tomic B.,233,349,169,180,13,23,156,157,Shapovalov D.,29,298,166,132,30,27,136,105,2021-02-10,Melbourne,Australian Open,Outdoor,Hard,9.0,1.07,0
Bublik A.,25,219,110,109,39,30,71,79,Lajovic D.,66,378,163,215,21,36,142,179,2021-02-10,Melbourne,Australian Open,Outdoor,Hard,1.44,2.75,0
Kyrgios N.,25,303,195,108,11,7,184,101,Humbert U.,36,170,80,90,23,21,57,69,2021-02-10,Melbourne,Australian Open,Outdoor,Hard,1.8,2.0,1
Djokovic N.,2,1207,1012,195,146,42,866,153,Tiafoe F.,10,303,158,145,24,23,134,122,2021-02-10,Melbourne,Australian Open,Outdoor,Hard,29.0,0.967,1
Moutet C.,80,118,50,68,5,11,45,57,Raonic M.,849,540,361,179,64,34,297,145,2021-02-10,Melbourne,Australian Open,Outdoor,Hard,6.0,1.12,0
Schwartzman D.,95,428,233,195,32,27,201,168,Muller A.,81,22,9,13,0,1,9,12,2021-02-10,Melbourne,Australian Open,Outdoor,Hard,1.08,8.0,1
Duckworth J.,123,143,55,88,10,9,45,79,Auger-Aliassime F.,12,268,163,105,48,22,115,83,2021-02-10,Melbourne,Australian Open,Outdoor,Hard,4.5,1.2,0
Martinez P.,135,118,50,68,7,6,43,62,Ruusuvuori E.,55,158,79,79,16,18,63,61,2021-02-10,Melbourne,Australian Open,Outdoor,Hard,3.0,1.4,1
Fucsovics M.,67,249,121,128,26,24,95,104,Wawrinka S.,72,854,535,319,84,69,451,250,2021-02-10,Melbourne,Australian Open,Outdoor,Hard,3.0,1.4,1
Karatsev A.,75,136,66,70,10,22,56,48,Gerasimov E.,150,93,43,50,19,19,24,31,2021-02-10,Melbourne,Australian Open,Outdoor,Hard,1.53,2.5,1
Koepfer D.,84,86,38,48,3,3,35,45,Thiem D.,116,517,327,190,53,39,274,151,2021-02-10,Melbourne,Australian Open,Outdoor,Hard,10.0,1.06,0
Mmoh M.,112,55,20,35,0,3,20,32,Nadal R.,2,1223,1017,206,76,40,941,166,2021-02-11,Melbourne,Australian Open,Outdoor,Hard,23.0,1.01,0
Carballes Baena R.,64,207,91,116,11,10,80,106,Medvedev D.,3,406,289,117,69,27,220,90,2021-02-11,Melbourne,Australian Open,Outdoor,Hard,29.0,1.005,0
Cuevas P.,149,421,210,211,34,25,176,186,De Minaur A.,19,272,161,111,30,19,131,92,2021-02-11,Melbourne,Australian Open,Outdoor,Hard,8.0,1.08,0
Norrie C.,13,287,172,115,15,18,157,97,Safiullin R.,92,42,20,22,7,7,13,15,2021-02-11,Melbourne,Australian Open,Outdoor,Hard,1.36,3.2,1
Fognini F.,128,742,383,359,39,48,344,311,Caruso S.,146,63,19,44,5,9,14,35,2021-02-11,Melbourne,Australian Open,Outdoor,Hard,1.4,3.0,1
O Connell C.,74,65,26,39,0,0,26,39,Albot R.,97,215,86,129,26,26,60,103,2021-02-11,Melbourne,Australian Open,Outdoor,Hard,1.53,2.5,0
Machac T.,108,18,6,12,1,1,5,11,Berrettini M.,38,217,142,75,14,11,128,64,2021-02-11,Melbourne,Australian Open,Outdoor,Hard,11.0,1.05,0
Mcdonald M.,60,190,87,103,11,15,76,88,Coric B.,15,343,185,158,28,28,157,130,2021-02-11,Melbourne,Australian Open,Outdoor,Hard,4.5,1.2,1
Andujar P.,323,404,164,240,12,30,152,210,Krajinovic F.,93,240,115,125,38,34,77,91,2021-02-11,Melbourne,Australian Open,Outdoor,Hard,6.0,1.12,0
Berankis R.,212,249,104,145,36,31,68,114,Khachanov K.,11,378,217,161,44,38,173,123,2021-02-11,Melbourne,Australian Open,Outdoor,Hard,4.0,1.25,0
Paul T.,14,204,111,93,19,13,92,80,Ruud C.,4,275,176,99,19,16,157,83,2021-02-11,Melbourne,Australian Open,Outdoor,Hard,2.1,1.72,0
Alcaraz C.,1,164,130,34,10,5,120,29,Ymer M.,59,130,58,72,18,23,40,49,2021-02-11,Melbourne,Australian Open,Outdoor,Hard,1.5,2.62,0
Popyrin A.,90,140,59,81,9,13,50,68,Harris L.,186,129,59,70,7,8,52,62,2021-02-11,Melbourne,Australian Open,Outdoor,Hard,2.3,1.61,0
Rublev A.,7,392,255,137,57,34,198,103,Monteiro T.,121,171,69,102,9,11,60,91,2021-02-11,Melbourne,Australian Open,Outdoor,Hard,1.04,13.0,1
Sonego L.,43,221,107,114,19,17,88,97,Lopez F.,634,863,441,422,71,82,370,340,2021-02-11,Melbourne,Australian Open,Outdoor,Hard,1.25,4.0,0
Kokkinakis T.,86,124,55,69,0,4,55,65,Tsitsipas S.,5,390,264,126,49,32,215,94,2021-02-11,Melbourne,Australian Open,Outdoor,Hard,8.0,1.08,0
Fritz T.,9,356,205,151,26,22,179,129,Djokovic N.,2,1207,1012,195,146,42,866,153,2021-02-12,Melbourne,Australian Open,Outdoor,Hard,21.0,1.01,0
Thiem D.,116,517,327,190,53,39,274,151,Kyrgios N.,25,303,195,108,11,7,184,101,2021-02-12,Melbourne,Australian Open,Outdoor,Hard,1.28,3.75,1
Shapovalov D.,29,298,166,132,30,27,136,105,Auger-Aliassime F.,12,268,163,105,48,22,115,83,2021-02-12,Melbourne,Australian Open,Outdoor,Hard,1.44,2.75,0
Raonic M.,849,540,361,179,64,34,297,145,Fucsovics M.,67,249,121,128,26,24,95,104,2021-02-12,Melbourne,Australian Open,Outdoor,Hard,1.14,5.5,1
Mannarino A.,27,567,264,303,60,73,204,230,Zverev A.,19,500,346,154,60,31,286,123,2021-02-12,Melbourne,Australian Open,Outdoor,Hard,5.5,1.14,0
Martinez P.,135,118,50,68,7,6,43,62,Lajovic D.,66,378,163,215,21,36,142,179,2021-02-12,Melbourne,Australian Open,Outdoor,Hard,2.1,1.72,0
Carreno Busta P.,16,352,214,138,33,25,181,113,Dimitrov G.,20,651,389,262,79,50,310,212,2021-02-12,Melbourne,Australian Open,Outdoor,Hard,2.1,1.72,0
Karatsev A.,75,136,66,70,10,22,56,48,Schwartzman D.,95,428,233,195,32,27,201,168,2021-02-12,Melbourne,Australian Open,Outdoor,Hard,3.4,1.33,1
Norrie C.,13,287,172,115,15,18,157,97,Nadal R.,2,1223,1017,206,76,40,941,166,2021-02-13,Melbourne,Australian Open,Outdoor,Hard,19.0,1.02,0
Fognini F.,128,742,383,359,39,48,344,311,De Minaur A.,19,272,161,111,30,19,131,92,2021-02-13,Melbourne,Australian Open,Outdoor,Hard,5.5,1.14,1
Berrettini M.,38,217,142,75,14,11,128,64,Khachanov K.,11,378,217,161,44,38,173,123,2021-02-13,Melbourne,Australian Open,Outdoor,Hard,1.4,3.0,1
Lopez F.,634,863,441,422,71,82,370,340,Rublev A.,7,392,255,137,57,34,198,103,2021-02-13,Melbourne,Australian Open,Outdoor,Hard,19.0,1.02,0
Medvedev D.,3,406,289,117,69,27,220,90,Krajinovic F.,93,240,115,125,38,34,77,91,2021-02-13,Melbourne,Australian Open,Outdoor,Hard,1.05,11.0,1
Mcdonald M.,60,190,87,103,11,15,76,88,Harris L.,186,129,59,70,7,8,52,62,2021-02-13,Melbourne,Australian Open,Outdoor,Hard,2.2,1.66,1
Ruud C.,4,275,176,99,19,16,157,83,Albot R.,97,215,86,129,26,26,60,103,2021-02-13,Melbourne,Australian Open,Outdoor,Hard,1.33,3.4,1
Tsitsipas S.,5,390,264,126,49,32,215,94,Ymer M.,59,130,58,72,18,23,40,49,2021-02-13,Melbourne,Australian Open,Outdoor,Hard,1.03,15.0,1
Karatsev A.,75,136,66,70,10,22,56,48,Auger-Aliassime F.,12,268,163,105,48,22,115,83,2021-02-14,Melbourne,Australian Open,Outdoor,Hard,2.5,1.53,1
Thiem D.,116,517,327,190,53,39,274,151,Dimitrov G.,20,651,389,262,79,50,310,212,2021-02-14,Melbourne,Australian Open,Outdoor,Hard,1.33,3.4,0
Zverev A.,19,500,346,154,60,31,286,123,Lajovic D.,66,378,163,215,21,36,142,179,2021-02-14,Melbourne,Australian Open,Outdoor,Hard,1.06,10.0,1
Djokovic N.,2,1207,1012,195,146,42,866,153,Raonic M.,849,540,361,179,64,34,297,145,2021-02-14,Melbourne,Australian Open,Outdoor,Hard,1.44,2.75,1
Berrettini M.,38,217,142,75,14,11,128,64,Tsitsipas S.,5,390,264,126,49,32,215,94,2021-02-15,Melbourne,Australian Open,Outdoor,Hard,4.0,1.25,0
Fognini F.,128,742,383,359,39,48,344,311,Nadal R.,2,1223,1017,206,76,40,941,166,2021-02-15,Melbourne,Australian Open,Outdoor,Hard,5.0,1.16,0
Ruud C.,4,275,176,99,19,16,157,83,Rublev A.,7,392,255,137,57,34,198,103,2021-02-15,Melbourne,Australian Open,Outdoor,Hard,8.0,1.08,0
Medvedev D.,3,406,289,117,69,27,220,90,Mcdonald M.,60,190,87,103,11,15,76,88,2021-02-15,Melbourne,Australian Open,Outdoor,Hard,1.03,15.0,1
Karatsev A.,75,136,66,70,10,22,56,48,Dimitrov G.,20,651,389,262,79,50,310,212,2021-02-16,Melbourne,Australian Open,Outdoor,Hard,3.5,1.3,1
Zverev A.,19,500,346,154,60,31,286,123,Djokovic N.,2,1207,1012,195,146,42,866,153,2021-02-16,Melbourne,Australian Open,Outdoor,Hard,2.37,1.57,0
Rublev A.,7,392,255,137,57,34,198,103,Medvedev D.,3,406,289,117,69,27,220,90,2021-02-17,Melbourne,Australian Open,Outdoor,Hard,2.75,1.44,0
Nadal R.,2,1223,1017,206,76,40,941,166,Tsitsipas S.,5,390,264,126,49,32,215,94,2021-02-17,Melbourne,Australian Open,Outdoor,Hard,1.44,2.75,0
Djokovic N.,2,1207,1012,195,146,42,866,153,Karatsev A.,75,136,66,70,10,22,56,48,2021-02-18,Melbourne,Australian Open,Outdoor,Hard,1.07,9.0,1
Medvedev D.,3,406,289,117,69,27,220,90,Tsitsipas S.,5,390,264,126,49,32,215,94,2021-02-19,Melbourne,Australian Open,Outdoor,Hard,1.4,3.0,1
Medvedev D.,3,406,289,117,69,27,220,90,Djokovic N.,2,1207,1012,195,146,42,866,153,2021-02-21,Melbourne,Australian Open,Outdoor,Hard,2.0,1.83,0
Galan D.E.,76,78,33,45,3,5,30,40,Kovalik J.,172,68,24,44,5,8,19,36,2021-02-22,Cordoba,Cordoba Open,Outdoor,Clay,1.72,2.0,0
Mmoh M.,112,55,20,35,0,3,20,32,Nishioka Y.,31,215,99,116,15,15,84,101,2021-02-22,Singapore,Singapore Open,Indoor,Hard,2.2,1.61,0
Popyrin A.,90,140,59,81,9,13,50,68,Eubanks C.,29,64,28,36,1,3,27,33,2021-02-22,Singapore,Singapore Open,Indoor,Hard,1.5,2.5,1
Harris L.,186,129,59,70,7,8,52,62,Andreev A.,319,8,2,6,2,6,0,0,2021-02-22,Singapore,Singapore Open,Indoor,Hard,1.2,4.33,0
Cressy M.,96,96,42,54,10,11,32,43,Jung J.,276,32,10,22,5,4,5,18,2021-02-22,Singapore,Singapore Open,Indoor,Hard,1.44,2.62,1
Ramanathan R.,435,40,14,26,0,4,14,22,Daniel T.,111,178,67,111,3,10,64,101,2021-02-22,Singapore,Singapore Open,Indoor,Hard,2.75,1.4,0
Gombos N.,114,66,21,45,6,14,15,31,Humbert U.,36,170,80,90,23,21,57,69,2021-02-22,Montpellier,Open Sud de France,Indoor,Hard,4.5,1.18,0
Gaston H.,109,58,24,34,5,9,19,25,Sonego L.,43,221,107,114,19,17,88,97,2021-02-22,Montpellier,Open Sud de France,Indoor,Hard,2.75,1.4,0
Jarry N.,28,141,73,68,9,6,64,62,Munar J.,104,178,75,103,7,12,68,91,2021-02-22,Cordoba,Cordoba Open,Outdoor,Clay,3.75,1.25,1
Tsonga J.W.,297,672,444,228,139,62,305,166,Korda S.,26,126,75,51,15,9,60,42,2021-02-22,Montpellier,Open Sud de France,Indoor,Hard,2.75,1.4,0
Polmans M.,165,19,5,14,0,3,5,11,Uchiyama Y.,314,33,9,24,1,3,8,21,2021-02-23,Singapore,Singapore Open,Indoor,Hard,2.1,1.66,0
Murray A.,44,932,687,245,132,47,555,198,Gerasimov E.,150,93,43,50,19,19,24,31,2021-02-23,Montpellier,Open Sud de France,Indoor,Hard,1.44,2.62,0
Giron M.,69,150,68,82,20,14,48,68,Griekspoor T.,37,97,47,50,7,14,40,36,2021-02-23,Montpellier,Open Sud de France,Indoor,Hard,1.5,2.5,0
Gojowczyk P.,108,172,75,97,17,18,58,79,Struff J.L.,21,369,170,199,43,42,127,157,2021-02-23,Montpellier,Open Sud de France,Indoor,Hard,3.0,1.36,1
Bonzi B.,107,83,37,46,10,13,27,33,Pouille L.,675,259,134,125,35,26,99,99,2021-02-23,Montpellier,Open Sud de France,Indoor,Hard,1.57,2.25,1
Ymer M.,59,130,58,72,18,23,40,49,Vesely J.,528,288,130,158,6,19,124,139,2021-02-23,Montpellier,Open Sud de France,Indoor,Hard,1.83,1.83,0
Novak D.,166,58,15,43,6,16,9,27,Simon G.,188,869,491,378,135,94,356,284,2021-02-23,Montpellier,Open Sud de France,Indoor,Hard,2.25,1.57,1
Albot R.,97,215,86,129,26,26,60,103,Smith J.P.,306,27,5,22,0,2,5,20,2021-02-23,Singapore,Singapore Open,Indoor,Hard,1.36,3.0,1
Mager G.,67,59,24,35,3,7,21,28,Cerundolo F.,21,104,58,46,3,7,55,39,2021-02-23,Cordoba,Cordoba Open,Outdoor,Clay,2.5,1.5,0
Celikbilek A.,230,9,4,5,3,3,1,2,Mochizuki S.,200,8,0,8,0,1,0,7,2021-02-23,Singapore,Singapore Open,Indoor,Hard,1.33,3.25,1
Carballes Baena R.,64,207,91,116,11,10,80,106,Sousa J.,147,436,189,247,42,44,147,203,2021-02-23,Cordoba,Cordoba Open,Outdoor,Clay,1.25,3.75,1
Cecchinato M.,108,204,79,125,2,14,77,111,Dellien H.,164,70,22,48,5,5,17,43,2021-02-23,Cordoba,Cordoba Open,Outdoor,Clay,1.28,3.5,1
Coria F.,108,99,43,56,2,6,41,50,Koepfer D.,84,86,38,48,3,3,35,45,2021-02-23,Cordoba,Cordoba Open,Outdoor,Clay,1.61,2.2,1
Cerundolo J.M.,106,29,12,17,2,3,10,14,Seyboth Wild T.,117,28,12,16,7,3,5,13,2021-02-23,Cordoba,Cordoba Open,Outdoor,Clay,3.25,1.33,1
Bagnis F.,135,121,39,82,9,8,30,74,Kicker N.,203,47,19,28,1,3,18,25,2021-02-23,Cordoba,Cordoba Open,Outdoor,Clay,1.2,4.33,1
Martin A.,723,258,107,151,6,13,101,138,Etcheverry T.,34,60,26,34,5,3,21,31,2021-02-23,Cordoba,Cordoba Open,Outdoor,Clay,2.0,1.72,0
Hanfmann Y.,50,99,50,49,5,4,45,45,Duckworth J.,123,143,55,88,10,9,45,79,2021-02-23,Singapore,Singapore Open,Indoor,Hard,2.2,1.61,1
Ramos-Vinolas A.,82,437,204,233,17,31,187,202,Londero J.I.,142,83,34,49,3,5,31,44,2021-02-23,Cordoba,Cordoba Open,Outdoor,Clay,2.2,1.61,1
Goffin D.,123,522,296,226,66,52,230,174,Bonzi B.,107,83,37,46,10,13,27,33,2021-02-24,Montpellier,Open Sud de France,Indoor,Hard,1.53,2.37,1
Bublik A.,25,219,110,109,39,30,71,79,Celikbilek A.,230,9,4,5,3,3,1,2,2021-02-24,Singapore,Singapore Open,Indoor,Hard,1.2,4.33,1
Cressy M.,96,96,42,54,10,11,32,43,Nishioka Y.,31,215,99,116,15,15,84,101,2021-02-24,Singapore,Singapore Open,Indoor,Hard,2.0,1.72,0
Cilic M.,100,853,543,310,119,65,424,245,Daniel T.,111,178,67,111,3,10,64,101,2021-02-24,Singapore,Singapore Open,Indoor,Hard,1.33,3.25,1
Ebden M.,432,203,75,128,13,18,62,110,Bhambri Y.,862,40,14,26,2,5,12,21,2021-02-24,Singapore,Singapore Open,Indoor,Hard,1.25,3.75,1
Gulbis E.,191,453,221,232,55,51,166,181,Marcora R.,208,7,3,4,1,1,2,3,2021-02-24,Singapore,Singapore Open,Indoor,Hard,1.83,1.83,0
Kwon S.W.,68,108,53,55,12,6,41,49,Kwiatkowski T.S.,219,6,0,6,0,1,0,5,2021-02-24,Singapore,Singapore Open,Indoor,Hard,1.36,3.0,1
Griekspoor T.,37,97,47,50,7,14,40,36,Humbert U.,36,170,80,90,23,21,57,69,2021-02-24,Montpellier,Open Sud de France,Indoor,Hard,4.0,1.22,0
Andreev A.,319,8,2,6,2,6,0,0,Popyrin A.,90,140,59,81,9,13,50,68,2021-02-24,Singapore,Singapore Open,Indoor,Hard,4.0,1.22,0
Sonego L.,43,221,107,114,19,17,88,97,Korda S.,26,126,75,51,15,9,60,42,2021-02-24,Montpellier,Open Sud de France,Indoor,Hard,2.37,1.53,1
Cerundolo F.,21,104,58,46,3,7,55,39,Coria F.,108,99,43,56,2,6,41,50,2021-02-24,Cordoba,Cordoba Open,Outdoor,Clay,1.57,2.25,0
Bedene A.,347,291,131,160,18,23,113,137,Sinner J.,8,224,153,71,42,19,111,52,2021-02-24,Montpellier,Open Sud de France,Indoor,Hard,4.5,1.18,1
Davidovich Fokina A.,39,168,84,84,17,20,67,64,Zapata Miralles B.,54,80,32,48,1,6,31,42,2021-02-24,Montpellier,Open Sud de France,Indoor,Hard,1.57,2.25,1
Bagnis F.,135,121,39,82,9,8,30,74,Delbonis F.,131,340,152,188,19,23,133,165,2021-02-24,Cordoba,Cordoba Open,Outdoor,Clay,2.0,1.72,1
Basilashvili N.,118,301,138,163,26,34,112,129,Barrere G.,59,79,31,48,11,16,20,32,2021-02-24,Montpellier,Open Sud de France,Indoor,Hard,2.37,1.53,0
Kovalik J.,172,68,24,44,5,8,19,36,Barrios M.,121,10,3,7,0,0,3,7,2021-02-24,Cordoba,Cordoba Open,Outdoor,Clay,1.57,2.25,1
Monteiro T.,121,171,69,102,9,11,60,91,Menezes J.,199,1,0,1,0,0,0,1,2021-02-24,Cordoba,Cordoba Open,Outdoor,Clay,1.22,4.0,1
Delbonis F.,131,340,152,188,19,23,133,165,Sousa P.,475,36,9,27,1,3,8,24,2021-02-24,Cordoba,Cordoba Open,Outdoor,Clay,1.53,2.37,1
Ramos-Vinolas A.,82,437,204,233,17,31,187,202,Etcheverry T.,34,60,26,34,5,3,21,31,2021-02-25,Cordoba,Cordoba Open,Outdoor,Clay,1.53,2.37,1
Carballes Baena R.,64,207,91,116,11,10,80,106,Monteiro T.,121,171,69,102,9,11,60,91,2021-02-25,Cordoba,Cordoba Open,Outdoor,Clay,3.0,1.36,0
Paire B.,149,527,237,290,39,56,198,234,Jarry N.,28,141,73,68,9,6,64,62,2021-02-25,Cordoba,Cordoba Open,Outdoor,Clay,2.62,1.44,1
Albot R.,97,215,86,129,26,26,60,103,Hanfmann Y.,50,99,50,49,5,4,45,45,2021-02-25,Singapore,Singapore Open,Indoor,Hard,1.66,2.1,1
Ebden M.,432,203,75,128,13,18,62,110,Millman J.,140,256,113,143,21,22,92,121,2021-02-25,Singapore,Singapore Open,Indoor,Hard,3.75,1.25,1
Marcora R.,208,7,3,4,1,1,2,3,Mannarino A.,27,567,264,303,60,73,204,230,2021-02-25,Singapore,Singapore Open,Indoor,Hard,4.5,1.18,0
Uchiyama Y.,314,33,9,24,1,3,8,21,Kwon S.W.,68,108,53,55,12,6,41,49,2021-02-25,Singapore,Singapore Open,Indoor,Hard,2.75,1.4,0
Bautista Agut R.,25,379,234,145,31,29,203,116,Barrere G.,59,79,31,48,11,16,20,32,2021-02-25,Montpellier,Open Sud de France,Indoor,Hard,1.28,3.5,1
Novak D.,166,58,15,43,6,16,9,27,Lajovic D.,66,378,163,215,21,36,142,179,2021-02-25,Montpellier,Open Sud de France,Indoor,Hard,1.83,1.83,1
Hurkacz H.,17,238,137,101,27,24,110,77,Davidovich Fokina A.,39,168,84,84,17,20,67,64,2021-02-25,Montpellier,Open Sud de France,Indoor,Hard,1.61,2.2,0
Vesely J.,528,288,130,158,6,19,124,139,Gojowczyk P.,108,172,75,97,17,18,58,79,2021-02-25,Montpellier,Open Sud de France,Indoor,Hard,1.44,2.62,0
Bedene A.,347,291,131,160,18,23,113,137,Gerasimov E.,150,93,43,50,19,19,24,31,2021-02-25,Montpellier,Open Sud de France,Indoor,Hard,1.72,2.0,0
Cecchinato M.,108,204,79,125,2,14,77,111,Schwartzman D.,95,428,233,195,32,27,201,168,2021-02-25,Cordoba,Cordoba Open,Outdoor,Clay,3.4,1.3,0
Cerundolo J.M.,106,29,12,17,2,3,10,14,Kecmanovic M.,40,210,107,103,12,16,95,87,2021-02-25,Cordoba,Cordoba Open,Outdoor,Clay,2.75,1.4,1
Albot R.,97,215,86,129,26,26,60,103,Mannarino A.,27,567,264,303,60,73,204,230,2021-02-26,Singapore,Singapore Open,Indoor,Hard,2.75,1.44,1
Cilic M.,100,853,543,310,119,65,424,245,Kwon S.W.,68,108,53,55,12,6,41,49,2021-02-26,Singapore,Singapore Open,Indoor,Hard,1.8,2.0,1
Bublik A.,25,219,110,109,39,30,71,79,Nishioka Y.,31,215,99,116,15,15,84,101,2021-02-26,Singapore,Singapore Open,Indoor,Hard,1.72,2.1,1
Popyrin A.,90,140,59,81,9,13,50,68,Ebden M.,432,203,75,128,13,18,62,110,2021-02-26,Singapore,Singapore Open,Indoor,Hard,1.5,2.62,1
Coria F.,108,99,43,56,2,6,41,50,Paire B.,149,527,237,290,39,56,198,234,2021-02-26,Cordoba,Cordoba Open,Outdoor,Clay,1.8,2.0,1
Goffin D.,123,522,296,226,66,52,230,174,Sonego L.,43,221,107,114,19,17,88,97,2021-02-26,Montpellier,Open Sud de France,Indoor,Hard,2.1,1.72,1
Davidovich Fokina A.,39,168,84,84,17,20,67,64,Gerasimov E.,150,93,43,50,19,19,24,31,2021-02-26,Montpellier,Open Sud de France,Indoor,Hard,1.8,2.0,0
Monteiro T.,121,171,69,102,9,11,60,91,Cerundolo J.M.,106,29,12,17,2,3,10,14,2021-02-26,Cordoba,Cordoba Open,Outdoor,Clay,1.28,3.75,0
Humbert U.,36,170,80,90,23,21,57,69,Bautista Agut R.,25,379,234,145,31,29,203,116,2021-02-26,Montpellier,Open Sud de France,Indoor,Hard,2.0,1.8,0
Gojowczyk P.,108,172,75,97,17,18,58,79,Novak D.,166,58,15,43,6,16,9,27,2021-02-26,Montpellier,Open Sud de France,Indoor,Hard,2.0,1.8,1
Ramos-Vinolas A.,82,437,204,233,17,31,187,202,Schwartzman D.,95,428,233,195,32,27,201,168,2021-02-26,Cordoba,Cordoba Open,Outdoor,Clay,7.0,1.1,1
Kovalik J.,172,68,24,44,5,8,19,36,Bagnis F.,135,121,39,82,9,8,30,74,2021-02-26,Cordoba,Cordoba Open,Outdoor,Clay,2.62,1.5,0
Bautista Agut R.,25,379,234,145,31,29,203,116,Gojowczyk P.,108,172,75,97,17,18,58,79,2021-02-27,Montpellier,Open Sud de France,Indoor,Hard,1.2,4.5,1
Gerasimov E.,150,93,43,50,19,19,24,31,Goffin D.,123,522,296,226,66,52,230,174,2021-02-27,Montpellier,Open Sud de France,Indoor,Hard,2.62,1.5,0
Cerundolo J.M.,106,29,12,17,2,3,10,14,Coria F.,108,99,43,56,2,6,41,50,2021-02-27,Cordoba,Cordoba Open,Outdoor,Clay,2.75,1.44,1
Cilic M.,100,853,543,310,119,65,424,245,Popyrin A.,90,140,59,81,9,13,50,68,2021-02-27,Singapore,Singapore Open,Indoor,Hard,1.57,2.37,0
Bublik A.,25,219,110,109,39,30,71,79,Albot R.,97,215,86,129,26,26,60,103,2021-02-27,Singapore,Singapore Open,Indoor,Hard,1.44,2.75,1
Bagnis F.,135,121,39,82,9,8,30,74,Ramos-Vinolas A.,82,437,204,233,17,31,187,202,2021-02-28,Cordoba,Cordoba Open,Outdoor,Clay,2.0,1.8,0
Cerundolo J.M.,106,29,12,17,2,3,10,14,Ramos-Vinolas A.,82,437,204,233,17,31,187,202,2021-02-28,Cordoba,Cordoba Open,Outdoor,Clay,2.62,1.5,1
Bublik A.,25,219,110,109,39,30,71,79,Popyrin A.,90,140,59,81,9,13,50,68,2021-02-28,Singapore,Singapore Open,Indoor,Hard,1.61,2.3,0
Bautista Agut R.,25,379,234,145,31,29,203,116,Goffin D.,123,522,296,226,66,52,230,174,2021-02-28,Montpellier,Open Sud de France,Indoor,Hard,1.4,3.0,0
Norrie C.,13,287,172,115,15,18,157,97,Basilashvili N.,118,301,138,163,26,34,112,129,2021-03-01,Rotterdam,ABN AMRO World Tennis Tournament,Indoor,Hard,1.18,4.5,1
Opelka R.,17,168,88,80,17,10,71,70,Fucsovics M.,67,249,121,128,26,24,95,104,2021-03-01,Rotterdam,ABN AMRO World Tennis Tournament,Indoor,Hard,2.3,1.61,0
Carballes Baena R.,64,207,91,116,11,10,80,106,Monteiro T.,121,171,69,102,9,11,60,91,2021-03-01,Buenos Aires,Argentina Open,Outdoor,Clay,2.75,1.44,0
Murray A.,44,932,687,245,132,47,555,198,Haase R.,257,458,202,256,35,54,167,202,2021-03-01,Rotterdam,ABN AMRO World Tennis Tournament,Indoor,Hard,1.44,2.75,1
Auger-Aliassime F.,12,268,163,105,48,22,115,83,Nishikori K.,439,617,408,209,70,33,338,176,2021-03-01,Rotterdam,ABN AMRO World Tennis Tournament,Indoor,Hard,1.33,3.4,0
Tirante T.A.,136,5,2,3,0,0,2,3,Koepfer D.,84,86,38,48,3,3,35,45,2021-03-01,Buenos Aires,Argentina Open,Outdoor,Clay,2.3,1.61,0
Cecchinato M.,108,204,79,125,2,14,77,111,Djere L.,38,243,120,123,10,22,110,101,2021-03-01,Buenos Aires,Argentina Open,Outdoor,Clay,1.8,2.0,0
Andujar P.,323,404,164,240,12,30,152,210,Londero J.I.,142,83,34,49,3,5,31,44,2021-03-01,Buenos Aires,Argentina Open,Outdoor,Clay,1.8,2.0,1
Martin A.,723,258,107,151,6,13,101,138,Klein L.,142,7,2,5,0,1,2,4,2021-03-02,Buenos Aires,Argentina Open,Outdoor,Clay,2.2,1.66,0
Millman J.,140,256,113,143,21,22,92,121,De Minaur A.,19,272,161,111,30,19,131,92,2021-03-02,Rotterdam,ABN AMRO World Tennis Tournament,Indoor,Hard,5.0,1.16,0
Rublev A.,7,392,255,137,57,34,198,103,Giron M.,69,150,68,82,20,14,48,68,2021-03-02,Rotterdam,ABN AMRO World Tennis Tournament,Indoor,Hard,1.12,6.0,1
Mannarino A.,27,567,264,303,60,73,204,230,Hurkacz H.,17,238,137,101,27,24,110,77,2021-03-02,Rotterdam,ABN AMRO World Tennis Tournament,Indoor,Hard,2.0,1.8,0
Khachanov K.,11,378,217,161,44,38,173,123,Wawrinka S.,72,854,535,319,84,69,451,250,2021-03-02,Rotterdam,ABN AMRO World Tennis Tournament,Indoor,Hard,1.8,2.0,1
Humbert U.,36,170,80,90,23,21,57,69,Chardy J.,542,591,289,302,44,48,245,254,2021-03-02,Rotterdam,ABN AMRO World Tennis Tournament,Indoor,Hard,1.44,2.75,0
Tsitsipas S.,5,390,264,126,49,32,215,94,Gerasimov E.,150,93,43,50,19,19,24,31,2021-03-02,Rotterdam,ABN AMRO World Tennis Tournament,Indoor,Hard,1.2,4.5,1
Coric B.,15,343,185,158,28,28,157,130,Van De Zandschulp B.,44,117,63,54,11,11,52,43,2021-03-02,Rotterdam,ABN AMRO World Tennis Tournament,Indoor,Hard,1.33,3.4,1
Nagal S.,503,17,3,14,0,1,3,13,Sousa J.,147,436,189,247,42,44,147,203,2021-03-02,Buenos Aires,Argentina Open,Outdoor,Clay,1.4,3.0,1
Delbonis F.,131,340,152,188,19,23,133,165,Cerundolo J.M.,106,29,12,17,2,3,10,14,2021-03-02,Buenos Aires,Argentina Open,Outdoor,Clay,1.57,2.37,1
Bagnis F.,135,121,39,82,9,8,30,74,Tiafoe F.,10,303,158,145,24,23,134,122,2021-03-02,Buenos Aires,Argentina Open,Outdoor,Clay,2.0,1.8,0
Ramos-Vinolas A.,82,437,204,233,17,31,187,202,Rune H.,6,131,83,48,28,9,55,39,2021-03-02,Buenos Aires,Argentina Open,Outdoor,Clay,1.4,3.0,1
Coria F.,108,99,43,56,2,6,41,50,Cerundolo F.,21,104,58,46,3,7,55,39,2021-03-02,Buenos Aires,Argentina Open,Outdoor,Clay,2.3,1.61,0
Diaz Acosta F.,137,5,1,4,0,0,1,4,Munar J.,104,178,75,103,7,12,68,91,2021-03-02,Buenos Aires,Argentina Open,Outdoor,Clay,6.0,1.12,0
Mager G.,67,59,24,35,3,7,21,28,Caruso S.,146,63,19,44,5,9,14,35,2021-03-02,Buenos Aires,Argentina Open,Outdoor,Clay,2.0,1.8,1
Sonego L.,43,221,107,114,19,17,88,97,Paul T.,14,204,111,93,19,13,92,80,2021-03-03,Rotterdam,ABN AMRO World Tennis Tournament,Indoor,Hard,1.57,2.37,0
Zverev A.,19,500,346,154,60,31,286,123,Bublik A.,25,219,110,109,39,30,71,79,2021-03-03,Rotterdam,ABN AMRO World Tennis Tournament,Indoor,Hard,1.16,5.0,0
Davidovich Fokina A.,39,168,84,84,17,20,67,64,Bautista Agut R.,25,379,234,145,31,29,203,116,2021-03-03,Rotterdam,ABN AMRO World Tennis Tournament,Indoor,Hard,3.2,1.36,1
De Minaur A.,19,272,161,111,30,19,131,92,Nishikori K.,439,617,408,209,70,33,338,176,2021-03-03,Rotterdam,ABN AMRO World Tennis Tournament,Indoor,Hard,1.33,3.4,0
Rublev A.,7,392,255,137,57,34,198,103,Murray A.,44,932,687,245,132,47,555,198,2021-03-03,Rotterdam,ABN AMRO World Tennis Tournament,Indoor,Hard,1.12,6.0,1
Struff J.L.,21,369,170,199,43,42,127,157,Goffin D.,123,522,296,226,66,52,230,174,2021-03-03,Rotterdam,ABN AMRO World Tennis Tournament,Indoor,Hard,2.37,1.57,0
Medvedev D.,3,406,289,117,69,27,220,90,Lajovic D.,66,378,163,215,21,36,142,179,2021-03-03,Rotterdam,ABN AMRO World Tennis Tournament,Indoor,Hard,1.08,8.0,0
Norrie C.,13,287,172,115,15,18,157,97,Khachanov K.,11,378,217,161,44,38,173,123,2021-03-03,Rotterdam,ABN AMRO World Tennis Tournament,Indoor,Hard,2.5,1.53,0
Ramos-Vinolas A.,82,437,204,233,17,31,187,202,Koepfer D.,84,86,38,48,3,3,35,45,2021-03-03,Buenos Aires,Argentina Open,Outdoor,Clay,2.1,1.72,1
Monteiro T.,121,171,69,102,9,11,60,91,Kecmanovic M.,40,210,107,103,12,16,95,87,2021-03-03,Buenos Aires,Argentina Open,Outdoor,Clay,1.53,2.5,0
Delbonis F.,131,340,152,188,19,23,133,165,Djere L.,38,243,120,123,10,22,110,101,2021-03-03,Buenos Aires,Argentina Open,Outdoor,Clay,2.2,1.66,0
Nagal S.,503,17,3,14,0,1,3,13,Garin C.,101,190,103,87,15,13,88,74,2021-03-03,Buenos Aires,Argentina Open,Outdoor,Clay,2.75,1.44,1
Coric B.,15,343,185,158,28,28,157,130,Lajovic D.,66,378,163,215,21,36,142,179,2021-03-04,Rotterdam,ABN AMRO World Tennis Tournament,Indoor,Hard,1.53,2.5,1
Schwartzman D.,95,428,233,195,32,27,201,168,Klein L.,142,7,2,5,0,1,2,4,2021-03-04,Buenos Aires,Argentina Open,Outdoor,Clay,1.16,5.0,1
Tiafoe F.,10,303,158,145,24,23,134,122,Munar J.,104,178,75,103,7,12,68,91,2021-03-04,Buenos Aires,Argentina Open,Outdoor,Clay,1.9,1.9,0
Cerundolo F.,21,104,58,46,3,7,55,39,Paire B.,149,527,237,290,39,56,198,234,2021-03-04,Buenos Aires,Argentina Open,Outdoor,Clay,1.33,3.4,1
Andujar P.,323,404,164,240,12,30,152,210,Mager G.,67,59,24,35,3,7,21,28,2021-03-04,Buenos Aires,Argentina Open,Outdoor,Clay,1.53,2.5,1
Fucsovics M.,67,249,121,128,26,24,95,104,Davidovich Fokina A.,39,168,84,84,17,20,67,64,2021-03-04,Rotterdam,ABN AMRO World Tennis Tournament,Indoor,Hard,1.61,2.3,1
Hurkacz H.,17,238,137,101,27,24,110,77,Tsitsipas S.,5,390,264,126,49,32,215,94,2021-03-04,Rotterdam,ABN AMRO World Tennis Tournament,Indoor,Hard,4.5,1.2,0
Paul T.,14,204,111,93,19,13,92,80,Bublik A.,25,219,110,109,39,30,71,79,2021-03-04,Rotterdam,ABN AMRO World Tennis Tournament,Indoor,Hard,2.0,1.8,1
Goffin D.,123,522,296,226,66,52,230,174,Chardy J.,542,591,289,302,44,48,245,254,2021-03-04,Rotterdam,ABN AMRO World Tennis Tournament,Indoor,Hard,1.25,4.0,0
Andujar P.,323,404,164,240,12,30,152,210,Cerundolo F.,21,104,58,46,3,7,55,39,2021-03-05,Buenos Aires,Argentina Open,Outdoor,Clay,2.0,1.8,0
Nishikori K.,439,617,408,209,70,33,338,176,Coric B.,15,343,185,158,28,28,157,130,2021-03-05,Rotterdam,ABN AMRO World Tennis Tournament,Indoor,Hard,2.2,1.66,0
Paul T.,14,204,111,93,19,13,92,80,Fucsovics M.,67,249,121,128,26,24,95,104,2021-03-05,Rotterdam,ABN AMRO World Tennis Tournament,Indoor,Hard,2.62,1.5,0
Djere L.,38,243,120,123,10,22,110,101,Kecmanovic M.,40,210,107,103,12,16,95,87,2021-03-05,Buenos Aires,Argentina Open,Outdoor,Clay,1.66,2.2,0
Schwartzman D.,95,428,233,195,32,27,201,168,Munar J.,104,178,75,103,7,12,68,91,2021-03-05,Buenos Aires,Argentina Open,Outdoor,Clay,1.33,3.4,1
Nagal S.,503,17,3,14,0,1,3,13,Ramos-Vinolas A.,82,437,204,233,17,31,187,202,2021-03-05,Buenos Aires,Argentina Open,Outdoor,Clay,2.3,1.61,0
Rublev A.,7,392,255,137,57,34,198,103,Chardy J.,542,591,289,302,44,48,245,254,2021-03-05,Rotterdam,ABN AMRO World Tennis Tournament,Indoor,Hard,1.12,6.0,1
Tsitsipas S.,5,390,264,126,49,32,215,94,Khachanov K.,11,378,217,161,44,38,173,123,2021-03-05,Rotterdam,ABN AMRO World Tennis Tournament,Indoor,Hard,1.36,3.2,1
Kecmanovic M.,40,210,107,103,12,16,95,87,Schwartzman D.,95,428,233,195,32,27,201,168,2021-03-06,Buenos Aires,Argentina Open,Outdoor,Clay,4.0,1.25,0
Tsitsipas S.,5,390,264,126,49,32,215,94,Rublev A.,7,392,255,137,57,34,198,103,2021-03-06,Rotterdam,ABN AMRO World Tennis Tournament,Indoor,Hard,1.8,2.0,0
Cerundolo F.,21,104,58,46,3,7,55,39,Ramos-Vinolas A.,82,437,204,233,17,31,187,202,2021-03-06,Buenos Aires,Argentina Open,Outdoor,Clay,1.61,2.3,1
Fucsovics M.,67,249,121,128,26,24,95,104,Coric B.,15,343,185,158,28,28,157,130,2021-03-06,Rotterdam,ABN AMRO World Tennis Tournament,Indoor,Hard,2.2,1.66,1
Cerundolo F.,21,104,58,46,3,7,55,39,Schwartzman D.,95,428,233,195,32,27,201,168,2021-03-07,Buenos Aires,Argentina Open,Outdoor,Clay,4.5,1.2,0
Rublev A.,7,392,255,137,57,34,198,103,Fucsovics M.,67,249,121,128,26,24,95,104,2021-03-07,Rotterdam,ABN AMRO World Tennis Tournament,Indoor,Hard,1.25,4.0,1
Basilashvili N.,118,301,138,163,26,34,112,129,Millman J.,140,256,113,143,21,22,92,121,2021-03-08,Doha,Qatar Exxon Mobil Open,Outdoor,Hard,4.0,1.25,1
Gaston H.,109,58,24,34,5,9,19,25,Novak D.,166,58,15,43,6,16,9,27,2021-03-08,Marseille,Open 13,Indoor,Hard,2.37,1.57,1
Barrere G.,59,79,31,48,11,16,20,32,Sinner J.,8,224,153,71,42,19,111,52,2021-03-08,Marseille,Open 13,Indoor,Hard,5.0,1.16,0
Cecchinato M.,108,204,79,125,2,14,77,111,Bagnis F.,135,121,39,82,9,8,30,74,2021-03-08,Santiago,Chile Open,Indoor,Clay,1.66,2.2,0
Altmaier D.,51,79,28,51,1,5,27,46,Galan D.E.,76,78,33,45,3,5,30,40,2021-03-08,Santiago,Chile Open,Indoor,Clay,1.8,2.0,0
Caruso S.,146,63,19,44,5,9,14,35,Carballes Baena R.,64,207,91,116,11,10,80,106,2021-03-08,Santiago,Chile Open,Indoor,Clay,1.9,1.9,0
Tiafoe F.,10,303,158,145,24,23,134,122,Jarry N.,28,141,73,68,9,6,64,62,2021-03-08,Santiago,Chile Open,Indoor,Clay,1.57,2.37,1
Sousa P.,475,36,9,27,1,3,8,24,Mayer L.,146,358,165,193,13,24,152,169,2021-03-08,Santiago,Chile Open,Indoor,Clay,1.9,1.9,1
Ruusuvuori E.,55,158,79,79,16,18,63,61,Nishioka Y.,31,215,99,116,15,15,84,101,2021-03-08,Marseille,Open 13,Indoor,Hard,1.9,1.9,1
Opelka R.,17,168,88,80,17,10,71,70,Bautista Agut R.,25,379,234,145,31,29,203,116,2021-03-08,Doha,Qatar Exxon Mobil Open,Outdoor,Hard,2.5,1.53,0
Gasquet R.,48,948,581,367,133,82,448,285,Rola B.,163,27,9,18,1,2,8,16,2021-03-08,Doha,Qatar Exxon Mobil Open,Outdoor,Hard,1.53,2.5,1
Sonego L.,43,221,107,114,19,17,88,97,Fritz T.,9,356,205,151,26,22,179,129,2021-03-08,Doha,Qatar Exxon Mobil Open,Outdoor,Hard,2.2,1.66,0
Zayid M.,0,1,0,1,0,0,0,1,Karatsev A.,75,136,66,70,10,22,56,48,2021-03-08,Doha,Qatar Exxon Mobil Open,Outdoor,Hard,51.0,1.0,0
Bublik A.,25,219,110,109,39,30,71,79,Ramanathan R.,435,40,14,26,0,4,14,22,2021-03-08,Doha,Qatar Exxon Mobil Open,Outdoor,Hard,1.3,3.5,1
Bonzi B.,107,83,37,46,10,13,27,33,Ebden M.,432,203,75,128,13,18,62,110,2021-03-09,Marseille,Open 13,Indoor,Hard,1.5,2.62,0
Travaglia S.,1024,81,27,54,5,12,22,42,Mcdonald M.,60,190,87,103,11,15,76,88,2021-03-09,Marseille,Open 13,Indoor,Hard,2.62,1.5,0
Kukushkin M.,221,352,141,211,50,49,91,162,Rinderknech A.,67,96,46,50,16,12,30,38,2021-03-09,Marseille,Open 13,Indoor,Hard,2.5,1.53,0
Herbert P.H.,157,202,89,113,31,38,58,75,Nishikori K.,439,617,408,209,70,33,338,176,2021-03-09,Marseille,Open 13,Indoor,Hard,3.0,1.4,1
Delbonis F.,131,340,152,188,19,23,133,165,Munar J.,104,178,75,103,7,12,68,91,2021-03-09,Santiago,Chile Open,Indoor,Clay,2.37,1.57,1
Coria F.,108,99,43,56,2,6,41,50,Mager G.,67,59,24,35,3,7,21,28,2021-03-09,Santiago,Chile Open,Indoor,Clay,2.1,1.72,1
Molcan A.,120,86,45,41,1,6,44,35,Pouille L.,675,259,134,125,35,26,99,99,2021-03-09,Marseille,Open 13,Indoor,Hard,2.75,1.44,0
Cerundolo J.M.,106,29,12,17,2,3,10,14,Lama G.,410,4,0,4,0,2,0,2,2021-03-09,Santiago,Chile Open,Indoor,Clay,1.22,4.33,1
Cerundolo F.,21,104,58,46,3,7,55,39,Martin A.,723,258,107,151,6,13,101,138,2021-03-09,Santiago,Chile Open,Indoor,Clay,1.8,2.0,0
Tabilo A.,122,44,21,23,5,4,16,19,Kovalik J.,172,68,24,44,5,8,19,36,2021-03-09,Santiago,Chile Open,Indoor,Clay,1.72,2.1,1
Tsonga J.W.,297,672,444,228,139,62,305,166,Lopez F.,634,863,441,422,71,82,370,340,2021-03-09,Marseille,Open 13,Indoor,Hard,2.0,1.8,1
Tsitsipas P.,970,1,0,1,0,1,0,0,Davidovich Fokina A.,39,168,84,84,17,20,67,64,2021-03-09,Marseille,Open 13,Indoor,Hard,23.0,1.01,0
Rune H.,6,131,83,48,28,9,55,39,Baez S.,72,95,47,48,6,6,41,42,2021-03-09,Santiago,Chile Open,Indoor,Clay,3.2,1.36,1
Evans D.,30,251,124,127,18,16,106,111,Chardy J.,542,591,289,302,44,48,245,254,2021-03-09,Doha,Qatar Exxon Mobil Open,Outdoor,Hard,1.72,2.1,1
O Connell C.,74,65,26,39,0,0,26,39,Pospisil V.,99,280,122,158,39,34,83,124,2021-03-09,Doha,Qatar Exxon Mobil Open,Outdoor,Hard,2.62,1.5,0
Gombos N.,114,66,21,45,6,14,15,31,Jaziri M.,444,217,83,134,8,20,75,114,2021-03-09,Doha,Qatar Exxon Mobil Open,Outdoor,Hard,1.25,4.0,0
Sousa J.,147,436,189,247,42,44,147,203,Varillas J. P.,1345,20,9,11,2,1,7,10,2021-03-09,Santiago,Chile Open,Indoor,Clay,3.5,1.3,0
Krajinovic F.,93,240,115,125,38,34,77,91,Goffin D.,123,522,296,226,66,52,230,174,2021-03-09,Doha,Qatar Exxon Mobil Open,Outdoor,Hard,2.2,1.66,0
Harris L.,186,129,59,70,7,8,52,62,Wawrinka S.,72,854,535,319,84,69,451,250,2021-03-09,Doha,Qatar Exxon Mobil Open,Outdoor,Hard,3.0,1.4,1
Fucsovics M.,67,249,121,128,26,24,95,104,Lajovic D.,66,378,163,215,21,36,142,179,2021-03-09,Doha,Qatar Exxon Mobil Open,Outdoor,Hard,1.61,2.3,1
Federer R.,8,1143,981,162,167,29,814,133,Evans D.,30,251,124,127,18,16,106,111,2021-03-10,Doha,Qatar Exxon Mobil Open,Outdoor,Hard,1.5,2.62,1
Tiafoe F.,10,303,158,145,24,23,134,122,Bagnis F.,135,121,39,82,9,8,30,74,2021-03-10,Santiago,Chile Open,Indoor,Clay,1.5,2.62,0
Delbonis F.,131,340,152,188,19,23,133,165,Martin A.,723,258,107,151,6,13,101,138,2021-03-10,Santiago,Chile Open,Indoor,Clay,1.57,2.37,1
Paire B.,149,527,237,290,39,56,198,234,Rune H.,6,131,83,48,28,9,55,39,2021-03-10,Santiago,Chile Open,Indoor,Clay,2.37,1.57,0
Shapovalov D.,29,298,166,132,30,27,136,105,Pospisil V.,99,280,122,158,39,34,83,124,2021-03-10,Doha,Qatar Exxon Mobil Open,Outdoor,Hard,1.44,2.75,1
Rublev A.,7,392,255,137,57,34,198,103,Gasquet R.,48,948,581,367,133,82,448,285,2021-03-10,Doha,Qatar Exxon Mobil Open,Outdoor,Hard,1.1,7.0,1
Humbert U.,36,170,80,90,23,21,57,69,Tsonga J.W.,297,672,444,228,139,62,305,166,2021-03-10,Marseille,Open 13,Indoor,Hard,1.3,3.5,1
Ruusuvuori E.,55,158,79,79,16,18,63,61,Ebden M.,432,203,75,128,13,18,62,110,2021-03-10,Marseille,Open 13,Indoor,Hard,1.4,3.0,0
Khachanov K.,11,378,217,161,44,38,173,123,Mcdonald M.,60,190,87,103,11,15,76,88,2021-03-10,Marseille,Open 13,Indoor,Hard,1.44,2.75,1
Sousa P.,475,36,9,27,1,3,8,24,Djere L.,38,243,120,123,10,22,110,101,2021-03-10,Santiago,Chile Open,Indoor,Clay,3.2,1.36,0
Lestienne C.,109,40,13,27,6,9,7,18,Norrie C.,13,287,172,115,15,18,157,97,2021-03-10,Marseille,Open 13,Indoor,Hard,3.5,1.3,0
Gerasimov E.,150,93,43,50,19,19,24,31,Hanfmann Y.,50,99,50,49,5,4,45,45,2021-03-10,Marseille,Open 13,Indoor,Hard,1.4,3.0,1
Bublik A.,25,219,110,109,39,30,71,79,Bautista Agut R.,25,379,234,145,31,29,203,116,2021-03-10,Doha,Qatar Exxon Mobil Open,Outdoor,Hard,3.4,1.33,0
Fritz T.,9,356,205,151,26,22,179,129,Goffin D.,123,522,296,226,66,52,230,174,2021-03-10,Doha,Qatar Exxon Mobil Open,Outdoor,Hard,2.75,1.44,1
Jaziri M.,444,217,83,134,8,20,75,114,Basilashvili N.,118,301,138,163,26,34,112,129,2021-03-10,Doha,Qatar Exxon Mobil Open,Outdoor,Hard,3.0,1.4,0
Fucsovics M.,67,249,121,128,26,24,95,104,Harris L.,186,129,59,70,7,8,52,62,2021-03-10,Doha,Qatar Exxon Mobil Open,Outdoor,Hard,1.66,2.2,1
Sinner J.,8,224,153,71,42,19,111,52,Gaston H.,109,58,24,34,5,9,19,25,2021-03-10,Marseille,Open 13,Indoor,Hard,1.16,5.0,1
Thiem D.,116,517,327,190,53,39,274,151,Karatsev A.,75,136,66,70,10,22,56,48,2021-03-10,Doha,Qatar Exxon Mobil Open,Outdoor,Hard,1.36,3.2,1
Tabilo A.,122,44,21,23,5,4,16,19,Garin C.,101,190,103,87,15,13,88,74,2021-03-11,Santiago,Chile Open,Indoor,Clay,2.62,1.5,0
Coria F.,108,99,43,56,2,6,41,50,Varillas J. P.,1345,20,9,11,2,1,7,10,2021-03-11,Santiago,Chile Open,Indoor,Clay,1.66,2.2,0
Tsitsipas S.,5,390,264,126,49,32,215,94,Pouille L.,675,259,134,125,35,26,99,99,2021-03-11,Marseille,Open 13,Indoor,Hard,1.1,7.0,1
Cerundolo J.M.,106,29,12,17,2,3,10,14,Carballes Baena R.,64,207,91,116,11,10,80,106,2021-03-11,Santiago,Chile Open,Indoor,Clay,2.1,1.72,0
Davidovich Fokina A.,39,168,84,84,17,20,67,64,Rinderknech A.,67,96,46,50,16,12,30,38,2021-03-11,Marseille,Open 13,Indoor,Hard,1.4,3.0,0
Norrie C.,13,287,172,115,15,18,157,97,Herbert P.H.,157,202,89,113,31,38,58,75,2021-03-11,Marseille,Open 13,Indoor,Hard,2.0,1.8,0
Shapovalov D.,29,298,166,132,30,27,136,105,Fritz T.,9,356,205,151,26,22,179,129,2021-03-11,Doha,Qatar Exxon Mobil Open,Outdoor,Hard,1.5,2.62,0
Rublev A.,7,392,255,137,57,34,198,103,Fucsovics M.,67,249,121,128,26,24,95,104,2021-03-11,Doha,Qatar Exxon Mobil Open,Outdoor,Hard,1.2,4.5,1
Federer R.,8,1143,981,162,167,29,814,133,Basilashvili N.,118,301,138,163,26,34,112,129,2021-03-11,Doha,Qatar Exxon Mobil Open,Outdoor,Hard,1.14,5.5,0
Bautista Agut R.,25,379,234,145,31,29,203,116,Thiem D.,116,517,327,190,53,39,274,151,2021-03-11,Doha,Qatar Exxon Mobil Open,Outdoor,Hard,2.75,1.44,1
Andujar P.,323,404,164,240,12,30,152,210,Galan D.E.,76,78,33,45,3,5,30,40,2021-03-11,Santiago,Chile Open,Indoor,Clay,1.57,2.37,0
Medvedev D.,3,406,289,117,69,27,220,90,Gerasimov E.,150,93,43,50,19,19,24,31,2021-03-11,Marseille,Open 13,Indoor,Hard,1.14,5.5,1
Rublev A.,7,392,255,137,57,34,198,103,Bautista Agut R.,25,379,234,145,31,29,203,116,2021-03-12,Doha,Qatar Exxon Mobil Open,Outdoor,Hard,1.36,3.2,0
Carballes Baena R.,64,207,91,116,11,10,80,106,Galan D.E.,76,78,33,45,3,5,30,40,2021-03-12,Santiago,Chile Open,Indoor,Clay,1.72,2.1,0
Rinderknech A.,67,96,46,50,16,12,30,38,Humbert U.,36,170,80,90,23,21,57,69,2021-03-12,Marseille,Open 13,Indoor,Hard,3.4,1.33,0
Herbert P.H.,157,202,89,113,31,38,58,75,Tsitsipas S.,5,390,264,126,49,32,215,94,2021-03-12,Marseille,Open 13,Indoor,Hard,5.0,1.16,1
Medvedev D.,3,406,289,117,69,27,220,90,Sinner J.,8,224,153,71,42,19,111,52,2021-03-12,Marseille,Open 13,Indoor,Hard,1.33,3.4,1
Ebden M.,432,203,75,128,13,18,62,110,Khachanov K.,11,378,217,161,44,38,173,123,2021-03-12,Marseille,Open 13,Indoor,Hard,5.5,1.14,1
Fritz T.,9,356,205,151,26,22,179,129,Basilashvili N.,118,301,138,163,26,34,112,129,2021-03-12,Doha,Qatar Exxon Mobil Open,Outdoor,Hard,1.4,3.0,0
Bagnis F.,135,121,39,82,9,8,30,74,Djere L.,38,243,120,123,10,22,110,101,2021-03-12,Santiago,Chile Open,Indoor,Clay,2.2,1.66,1
Garin C.,101,190,103,87,15,13,88,74,Varillas J. P.,1345,20,9,11,2,1,7,10,2021-03-12,Santiago,Chile Open,Indoor,Clay,1.36,3.2,1
Delbonis F.,131,340,152,188,19,23,133,165,Rune H.,6,131,83,48,28,9,55,39,2021-03-12,Santiago,Chile Open,Indoor,Clay,1.53,2.5,1
Delbonis F.,131,340,152,188,19,23,133,165,Bagnis F.,135,121,39,82,9,8,30,74,2021-03-13,Santiago,Chile Open,Indoor,Clay,1.72,2.1,0
Galan D.E.,76,78,33,45,3,5,30,40,Garin C.,101,190,103,87,15,13,88,74,2021-03-13,Santiago,Chile Open,Indoor,Clay,2.5,1.53,0
Basilashvili N.,118,301,138,163,26,34,112,129,Bautista Agut R.,25,379,234,145,31,29,203,116,2021-03-13,Doha,Qatar Exxon Mobil Open,Outdoor,Hard,4.0,1.25,1
Herbert P.H.,157,202,89,113,31,38,58,75,Humbert U.,36,170,80,90,23,21,57,69,2021-03-13,Marseille,Open 13,Indoor,Hard,2.3,1.61,1
Ebden M.,432,203,75,128,13,18,62,110,Medvedev D.,3,406,289,117,69,27,220,90,2021-03-13,Marseille,Open 13,Indoor,Hard,11.0,1.05,0
Popyrin A.,90,140,59,81,9,13,50,68,Novak D.,166,58,15,43,6,16,9,27,2021-03-14,Dubai ,Dubai Tennis Championships,Outdoor,Hard,1.44,2.75,1
Tsonga J.W.,297,672,444,228,139,62,305,166,Jaziri M.,444,217,83,134,8,20,75,114,2021-03-14,Dubai ,Dubai Tennis Championships,Outdoor,Hard,1.28,3.75,0
Herbert P.H.,157,202,89,113,31,38,58,75,Medvedev D.,3,406,289,117,69,27,220,90,2021-03-14,Marseille,Open 13,Indoor,Hard,4.5,1.2,0
Karatsev A.,75,136,66,70,10,22,56,48,Gerasimov E.,150,93,43,50,19,19,24,31,2021-03-14,Dubai ,Dubai Tennis Championships,Outdoor,Hard,1.4,3.0,1
Ramos-Vinolas A.,82,437,204,233,17,31,187,202,Chardy J.,542,591,289,302,44,48,245,254,2021-03-14,Dubai ,Dubai Tennis Championships,Outdoor,Hard,3.2,1.36,0
Opelka R.,17,168,88,80,17,10,71,70,Nishikori K.,439,617,408,209,70,33,338,176,2021-03-14,Dubai ,Dubai Tennis Championships,Outdoor,Hard,1.72,2.1,0
Nishioka Y.,31,215,99,116,15,15,84,101,Bublik A.,25,219,110,109,39,30,71,79,2021-03-14,Dubai ,Dubai Tennis Championships,Outdoor,Hard,2.75,1.44,0
Bagnis F.,135,121,39,82,9,8,30,74,Garin C.,101,190,103,87,15,13,88,74,2021-03-14,Santiago,Chile Open,Indoor,Clay,2.62,1.5,0
Davidovich Fokina A.,39,168,84,84,17,20,67,64,Albot R.,97,215,86,129,26,26,60,103,2021-03-15,Dubai ,Dubai Tennis Championships,Outdoor,Hard,1.44,2.75,1
Kukushkin M.,221,352,141,211,50,49,91,162,Struff J.L.,21,369,170,199,43,42,127,157,2021-03-15,Dubai ,Dubai Tennis Championships,Outdoor,Hard,2.62,1.5,0
Zapata Miralles B.,54,80,32,48,1,6,31,42,Millman J.,140,256,113,143,21,22,92,121,2021-03-15,Dubai ,Dubai Tennis Championships,Outdoor,Hard,2.1,1.72,1
Bedene A.,347,291,131,160,18,23,113,137,Bhambri Y.,862,40,14,26,2,5,12,21,2021-03-15,Dubai ,Dubai Tennis Championships,Outdoor,Hard,1.4,3.0,1
Harris L.,186,129,59,70,7,8,52,62,O Connell C.,74,65,26,39,0,0,26,39,2021-03-15,Dubai ,Dubai Tennis Championships,Outdoor,Hard,1.36,3.2,1
Gasquet R.,48,948,581,367,133,82,448,285,Cecchinato M.,108,204,79,125,2,14,77,111,2021-03-15,Dubai ,Dubai Tennis Championships,Outdoor,Hard,1.4,3.0,1
Thompson J.,71,221,96,125,10,10,86,115,Ruusuvuori E.,55,158,79,79,16,18,63,61,2021-03-15,Dubai ,Dubai Tennis Championships,Outdoor,Hard,3.0,1.4,0
Fucsovics M.,67,249,121,128,26,24,95,104,Pospisil V.,99,280,122,158,39,34,83,124,2021-03-15,Dubai ,Dubai Tennis Championships,Outdoor,Hard,1.61,2.3,1
De Minaur A.,19,272,161,111,30,19,131,92,Chardy J.,542,591,289,302,44,48,245,254,2021-03-15,Dubai ,Dubai Tennis Championships,Outdoor,Hard,1.36,3.2,0
Djere L.,38,243,120,123,10,22,110,101,Johnson S.,197,395,196,199,16,23,180,176,2021-03-16,Acapulco,Abierto Mexicano,Outdoor,Hard,1.9,1.9,1
Sonego L.,43,221,107,114,19,17,88,97,Zapata Miralles B.,54,80,32,48,1,6,31,42,2021-03-16,Dubai ,Dubai Tennis Championships,Outdoor,Hard,1.53,2.5,1
Gasquet R.,48,948,581,367,133,82,448,285,Hurkacz H.,17,238,137,101,27,24,110,77,2021-03-16,Dubai ,Dubai Tennis Championships,Outdoor,Hard,2.5,1.53,0
Evans D.,30,251,124,127,18,16,106,111,Karatsev A.,75,136,66,70,10,22,56,48,2021-03-16,Dubai ,Dubai Tennis Championships,Outdoor,Hard,1.9,1.9,0
Shapovalov D.,29,298,166,132,30,27,136,105,Struff J.L.,21,369,170,199,43,42,127,157,2021-03-16,Dubai ,Dubai Tennis Championships,Outdoor,Hard,1.53,2.5,1
Khachanov K.,11,378,217,161,44,38,173,123,Popyrin A.,90,140,59,81,9,13,50,68,2021-03-16,Dubai ,Dubai Tennis Championships,Outdoor,Hard,1.57,2.37,1
Sinner J.,8,224,153,71,42,19,111,52,Bublik A.,25,219,110,109,39,30,71,79,2021-03-16,Dubai ,Dubai Tennis Championships,Outdoor,Hard,1.44,2.75,1
Jaziri M.,444,217,83,134,8,20,75,114,Lajovic D.,66,378,163,215,21,36,142,179,2021-03-16,Dubai ,Dubai Tennis Championships,Outdoor,Hard,4.33,1.22,0
Ruusuvuori E.,55,158,79,79,16,18,63,61,Rublev A.,7,392,255,137,57,34,198,103,2021-03-16,Dubai ,Dubai Tennis Championships,Outdoor,Hard,5.5,1.14,0
Bedene A.,347,291,131,160,18,23,113,137,Giustino L.,223,8,1,7,0,0,1,7,2021-03-16,Dubai ,Dubai Tennis Championships,Outdoor,Hard,1.16,5.0,1
Bautista Agut R.,25,379,234,145,31,29,203,116,Ebden M.,432,203,75,128,13,18,62,110,2021-03-16,Dubai ,Dubai Tennis Championships,Outdoor,Hard,1.14,5.5,1
Fucsovics M.,67,249,121,128,26,24,95,104,Carreno Busta P.,16,352,214,138,33,25,181,113,2021-03-16,Dubai ,Dubai Tennis Championships,Outdoor,Hard,1.8,2.0,1
Basilashvili N.,118,301,138,163,26,34,112,129,Fritz T.,9,356,205,151,26,22,179,129,2021-03-16,Dubai ,Dubai Tennis Championships,Outdoor,Hard,2.3,1.61,0
Nishikori K.,439,617,408,209,70,33,338,176,Goffin D.,123,522,296,226,66,52,230,174,2021-03-16,Dubai ,Dubai Tennis Championships,Outdoor,Hard,2.2,1.66,1
Davidovich Fokina A.,39,168,84,84,17,20,67,64,Krajinovic F.,93,240,115,125,38,34,77,91,2021-03-16,Dubai ,Dubai Tennis Championships,Outdoor,Hard,1.8,2.0,0
Thiem D.,116,517,327,190,53,39,274,151,Harris L.,186,129,59,70,7,8,52,62,2021-03-16,Dubai ,Dubai Tennis Championships,Outdoor,Hard,1.25,4.0,0
Koepfer D.,84,86,38,48,3,3,35,45,Lopez Villasenor G.,654,4,0,4,0,0,0,4,2021-03-16,Acapulco,Abierto Mexicano,Outdoor,Hard,1.16,5.0,1
Auger-Aliassime F.,12,268,163,105,48,22,115,83,Sandgren T.,153,121,47,74,2,9,45,65,2021-03-16,Acapulco,Abierto Mexicano,Outdoor,Hard,1.25,4.0,1
Cilic M.,100,853,543,310,119,65,424,245,Korda S.,26,126,75,51,15,9,60,42,2021-03-16,Acapulco,Abierto Mexicano,Outdoor,Hard,2.1,1.72,0
Zverev A.,19,500,346,154,60,31,286,123,Alcaraz C.,1,164,130,34,10,5,120,29,2021-03-16,Acapulco,Abierto Mexicano,Outdoor,Hard,1.14,5.5,1
Isner J.,114,755,465,290,53,45,412,245,Caruso S.,146,63,19,44,5,9,14,35,2021-03-16,Acapulco,Abierto Mexicano,Outdoor,Hard,1.5,2.62,1
Kozlov S.,108,35,9,26,0,2,9,24,Norrie C.,13,287,172,115,15,18,157,97,2021-03-17,Acapulco,Abierto Mexicano,Outdoor,Hard,5.0,1.16,0
Tsitsipas S.,5,390,264,126,49,32,215,94,Paire B.,149,527,237,290,39,56,198,234,2021-03-17,Acapulco,Abierto Mexicano,Outdoor,Hard,1.06,10.0,1
Travaglia S.,1024,81,27,54,5,12,22,42,Fognini F.,128,742,383,359,39,48,344,311,2021-03-17,Acapulco,Abierto Mexicano,Outdoor,Hard,2.1,1.72,0
Kudla D.,137,198,70,128,5,14,65,114,Griekspoor T.,37,97,47,50,7,14,40,36,2021-03-17,Acapulco,Abierto Mexicano,Outdoor,Hard,2.3,1.61,0
Nakashima B.,70,106,57,49,6,5,51,44,Tiafoe F.,10,303,158,145,24,23,134,122,2021-03-17,Acapulco,Abierto Mexicano,Outdoor,Hard,1.9,1.9,0
Musetti L.,18,143,79,64,12,12,67,52,Schwartzman D.,95,428,233,195,32,27,201,168,2021-03-17,Acapulco,Abierto Mexicano,Outdoor,Hard,4.0,1.25,1
Raonic M.,849,540,361,179,64,34,297,145,Paul T.,14,204,111,93,19,13,92,80,2021-03-17,Acapulco,Abierto Mexicano,Outdoor,Hard,1.3,3.5,1
Shapovalov D.,29,298,166,132,30,27,136,105,Hurkacz H.,17,238,137,101,27,24,110,77,2021-03-17,Dubai ,Dubai Tennis Championships,Outdoor,Hard,1.53,2.5,1
Sinner J.,8,224,153,71,42,19,111,52,Bautista Agut R.,25,379,234,145,31,29,203,116,2021-03-17,Dubai ,Dubai Tennis Championships,Outdoor,Hard,2.1,1.72,1
Sonego L.,43,221,107,114,19,17,88,97,Karatsev A.,75,136,66,70,10,22,56,48,2021-03-17,Dubai ,Dubai Tennis Championships,Outdoor,Hard,2.37,1.57,0
Nishikori K.,439,617,408,209,70,33,338,176,Bedene A.,347,291,131,160,18,23,113,137,2021-03-17,Dubai ,Dubai Tennis Championships,Outdoor,Hard,1.44,2.75,1
Fucsovics M.,67,249,121,128,26,24,95,104,Lajovic D.,66,378,163,215,21,36,142,179,2021-03-17,Dubai ,Dubai Tennis Championships,Outdoor,Hard,1.5,2.62,1
Fritz T.,9,356,205,151,26,22,179,129,Rublev A.,7,392,255,137,57,34,198,103,2021-03-17,Dubai ,Dubai Tennis Championships,Outdoor,Hard,4.0,1.25,0
Harris L.,186,129,59,70,7,8,52,62,Krajinovic F.,93,240,115,125,38,34,77,91,2021-03-17,Dubai ,Dubai Tennis Championships,Outdoor,Hard,2.0,1.8,1
Chardy J.,542,591,289,302,44,48,245,254,Khachanov K.,11,378,217,161,44,38,173,123,2021-03-17,Dubai ,Dubai Tennis Championships,Outdoor,Hard,2.37,1.57,1
Dimitrov G.,20,651,389,262,79,50,310,212,Mannarino A.,27,567,264,303,60,73,204,230,2021-03-17,Acapulco,Abierto Mexicano,Outdoor,Hard,1.44,2.75,1
Kecmanovic M.,40,210,107,103,12,16,95,87,Lopez F.,634,863,441,422,71,82,370,340,2021-03-17,Acapulco,Abierto Mexicano,Outdoor,Hard,1.4,3.0,1
Galan D.E.,76,78,33,45,3,5,30,40,Ruud C.,4,275,176,99,19,16,157,83,2021-03-17,Acapulco,Abierto Mexicano,Outdoor,Hard,4.0,1.25,0
Tiafoe F.,10,303,158,145,24,23,134,122,Musetti L.,18,143,79,64,12,12,67,52,2021-03-18,Acapulco,Abierto Mexicano,Outdoor,Hard,1.57,2.37,0
Karatsev A.,75,136,66,70,10,22,56,48,Sinner J.,8,224,153,71,42,19,111,52,2021-03-18,Dubai ,Dubai Tennis Championships,Outdoor,Hard,2.62,1.5,1
Shapovalov D.,29,298,166,132,30,27,136,105,Chardy J.,542,591,289,302,44,48,245,254,2021-03-18,Dubai ,Dubai Tennis Championships,Outdoor,Hard,1.3,3.5,1
Harris L.,186,129,59,70,7,8,52,62,Nishikori K.,439,617,408,209,70,33,338,176,2021-03-18,Dubai ,Dubai Tennis Championships,Outdoor,Hard,2.0,1.8,1
Tsitsipas S.,5,390,264,126,49,32,215,94,Isner J.,114,755,465,290,53,45,412,245,2021-03-18,Acapulco,Abierto Mexicano,Outdoor,Hard,1.22,4.33,1
Rublev A.,7,392,255,137,57,34,198,103,Fucsovics M.,67,249,121,128,26,24,95,104,2021-03-18,Dubai ,Dubai Tennis Championships,Outdoor,Hard,1.16,5.0,1
Zverev A.,19,500,346,154,60,31,286,123,Djere L.,38,243,120,123,10,22,110,101,2021-03-18,Acapulco,Abierto Mexicano,Outdoor,Hard,1.08,8.0,1
Griekspoor T.,37,97,47,50,7,14,40,36,Ruud C.,4,275,176,99,19,16,157,83,2021-03-18,Acapulco,Abierto Mexicano,Outdoor,Hard,3.2,1.36,0
Kecmanovic M.,40,210,107,103,12,16,95,87,Dimitrov G.,20,651,389,262,79,50,310,212,2021-03-18,Acapulco,Abierto Mexicano,Outdoor,Hard,2.62,1.5,0
Korda S.,26,126,75,51,15,9,60,42,Auger-Aliassime F.,12,268,163,105,48,22,115,83,2021-03-18,Acapulco,Abierto Mexicano,Outdoor,Hard,2.37,1.57,0
Raonic M.,849,540,361,179,64,34,297,145,Koepfer D.,84,86,38,48,3,3,35,45,2021-03-18,Acapulco,Abierto Mexicano,Outdoor,Hard,1.1,7.0,0
Norrie C.,13,287,172,115,15,18,157,97,Fognini F.,128,742,383,359,39,48,344,311,2021-03-18,Acapulco,Abierto Mexicano,Outdoor,Hard,2.2,1.66,1
Zverev A.,19,500,346,154,60,31,286,123,Ruud C.,4,275,176,99,19,16,157,83,2021-03-19,Acapulco,Abierto Mexicano,Outdoor,Hard,1.2,4.5,1
Tsitsipas S.,5,390,264,126,49,32,215,94,Auger-Aliassime F.,12,268,163,105,48,22,115,83,2021-03-19,Acapulco,Abierto Mexicano,Outdoor,Hard,1.36,3.2,1
Dimitrov G.,20,651,389,262,79,50,310,212,Musetti L.,18,143,79,64,12,12,67,52,2021-03-19,Acapulco,Abierto Mexicano,Outdoor,Hard,1.28,3.75,0
Karatsev A.,75,136,66,70,10,22,56,48,Rublev A.,7,392,255,137,57,34,198,103,2021-03-19,Dubai ,Dubai Tennis Championships,Outdoor,Hard,4.33,1.22,1
Harris L.,186,129,59,70,7,8,52,62,Shapovalov D.,29,298,166,132,30,27,136,105,2021-03-19,Dubai ,Dubai Tennis Championships,Outdoor,Hard,3.0,1.4,1
Koepfer D.,84,86,38,48,3,3,35,45,Norrie C.,13,287,172,115,15,18,157,97,2021-03-19,Acapulco,Abierto Mexicano,Outdoor,Hard,2.37,1.57,1
Harris L.,186,129,59,70,7,8,52,62,Karatsev A.,75,136,66,70,10,22,56,48,2021-03-20,Dubai ,Dubai Tennis Championships,Outdoor,Hard,2.62,1.5,0
Tsitsipas S.,5,390,264,126,49,32,215,94,Musetti L.,18,143,79,64,12,12,67,52,2021-03-20,Acapulco,Abierto Mexicano,Outdoor,Hard,1.16,5.0,1
Zverev A.,19,500,346,154,60,31,286,123,Koepfer D.,84,86,38,48,3,3,35,45,2021-03-20,Acapulco,Abierto Mexicano,Outdoor,Hard,1.14,5.5,1
Zverev A.,19,500,346,154,60,31,286,123,Tsitsipas S.,5,390,264,126,49,32,215,94,2021-03-21,Acapulco,Abierto Mexicano,Outdoor,Hard,2.75,1.44,1
Djere L.,38,243,120,123,10,22,110,101,Vesely J.,528,288,130,158,6,19,124,139,2021-03-24,Miami,Miami Open,Outdoor,Hard,2.37,1.57,1
Mcdonald M.,60,190,87,103,11,15,76,88,Pospisil V.,99,280,122,158,39,34,83,124,2021-03-24,Miami,Miami Open,Outdoor,Hard,1.8,2.0,1
Nava E.,242,13,2,11,0,0,2,11,Harris L.,186,129,59,70,7,8,52,62,2021-03-24,Miami,Miami Open,Outdoor,Hard,4.5,1.2,0
Zverev M.,280,333,134,199,40,45,94,154,Duckworth J.,123,143,55,88,10,9,45,79,2021-03-24,Miami,Miami Open,Outdoor,Hard,2.37,1.57,0
Hanfmann Y.,50,99,50,49,5,4,45,45,Johnson S.,197,395,196,199,16,23,180,176,2021-03-24,Miami,Miami Open,Outdoor,Hard,1.66,2.2,1
Escobedo E.,377,57,20,37,2,2,18,35,Lorenzi P.,171,284,104,180,19,26,85,154,2021-03-24,Miami,Miami Open,Outdoor,Hard,1.25,4.0,1
Berankis R.,212,249,104,145,36,31,68,114,Gaio F.,174,18,3,15,0,1,3,14,2021-03-24,Miami,Miami Open,Outdoor,Hard,1.61,2.3,1
Lu Y.,625,11,1,10,0,0,1,10,Querrey S.,287,678,369,309,48,39,321,270,2021-03-24,Miami,Miami Open,Outdoor,Hard,6.0,1.12,1
Paul T.,14,204,111,93,19,13,92,80,Giron M.,69,150,68,82,20,14,48,68,2021-03-24,Miami,Miami Open,Outdoor,Hard,1.61,2.3,0
Ymer M.,59,130,58,72,18,23,40,49,Tabilo A.,122,44,21,23,5,4,16,19,2021-03-24,Miami,Miami Open,Outdoor,Hard,1.66,2.2,1
Norrie C.,13,287,172,115,15,18,157,97,Nishioka Y.,31,215,99,116,15,15,84,101,2021-03-24,Miami,Miami Open,Outdoor,Hard,1.57,2.37,1
Sousa P.,475,36,9,27,1,3,8,24,Herbert P.H.,157,202,89,113,31,38,58,75,2021-03-24,Miami,Miami Open,Outdoor,Hard,5.0,1.16,0
Lopez F.,634,863,441,422,71,82,370,340,Popyrin A.,90,140,59,81,9,13,50,68,2021-03-24,Miami,Miami Open,Outdoor,Hard,3.2,1.36,0
Gaston H.,109,58,24,34,5,9,19,25,Koepfer D.,84,86,38,48,3,3,35,45,2021-03-24,Miami,Miami Open,Outdoor,Hard,3.0,1.4,1
Coria F.,108,99,43,56,2,6,41,50,Cilic M.,100,853,543,310,119,65,424,245,2021-03-25,Miami,Miami Open,Outdoor,Hard,4.5,1.2,0
Albot R.,97,215,86,129,26,26,60,103,Korda S.,26,126,75,51,15,9,60,42,2021-03-25,Miami,Miami Open,Outdoor,Hard,3.0,1.4,0
Martinez P.,135,118,50,68,7,6,43,62,Sandgren T.,153,121,47,74,2,9,45,65,2021-03-25,Miami,Miami Open,Outdoor,Hard,2.37,1.57,0
Galan D.E.,76,78,33,45,3,5,30,40,Seyboth Wild T.,117,28,12,16,7,3,5,13,2021-03-25,Miami,Miami Open,Outdoor,Hard,1.9,1.9,1
Mmoh M.,112,55,20,35,0,3,20,32,Musetti L.,18,143,79,64,12,12,67,52,2021-03-25,Miami,Miami Open,Outdoor,Hard,2.5,1.53,0
Dzumhur D.,202,234,107,127,31,29,76,98,Anderson K.,652,598,347,251,48,38,299,213,2021-03-25,Miami,Miami Open,Outdoor,Hard,3.2,1.36,1
Kecmanovic M.,40,210,107,103,12,16,95,87,Broady L.,125,47,18,29,5,3,13,26,2021-03-25,Miami,Miami Open,Outdoor,Hard,1.33,3.4,1
Caruso S.,146,63,19,44,5,9,14,35,Uchiyama Y.,314,33,9,24,1,3,8,21,2021-03-25,Miami,Miami Open,Outdoor,Hard,1.36,3.2,0
Draper J.,55,51,29,22,2,3,27,19,Kukushkin M.,221,352,141,211,50,49,91,162,2021-03-25,Miami,Miami Open,Outdoor,Hard,2.62,1.5,0
Kudla D.,137,198,70,128,5,14,65,114,Chardy J.,542,591,289,302,44,48,245,254,2021-03-25,Miami,Miami Open,Outdoor,Hard,3.5,1.3,1
Verdasco F.,244,962,537,425,79,79,458,346,Fratangelo B.,695,62,22,40,0,1,22,39,2021-03-25,Miami,Miami Open,Outdoor,Hard,3.2,1.36,0
Kwon S.W.,68,108,53,55,12,6,41,49,Ivashka I.,113,159,78,81,19,18,59,63,2021-03-25,Miami,Miami Open,Outdoor,Hard,1.53,2.5,0
Kokkinakis T.,86,124,55,69,0,4,55,65,Mochizuki S.,200,8,0,8,0,1,0,7,2021-03-25,Miami,Miami Open,Outdoor,Hard,1.1,7.0,1
Tiafoe F.,10,303,158,145,24,23,134,122,Travaglia S.,1024,81,27,54,5,12,22,42,2021-03-25,Miami,Miami Open,Outdoor,Hard,1.3,3.5,1
Ruusuvuori E.,55,158,79,79,16,18,63,61,Alcaraz C.,1,164,130,34,10,5,120,29,2021-03-25,Miami,Miami Open,Outdoor,Hard,1.57,2.37,1
Thompson J.,71,221,96,125,10,10,86,115,Delbonis F.,131,340,152,188,19,23,133,165,2021-03-25,Miami,Miami Open,Outdoor,Hard,1.61,2.3,1
Evans D.,30,251,124,127,18,16,106,111,Tiafoe F.,10,303,158,145,24,23,134,122,2021-03-26,Miami,Miami Open,Outdoor,Hard,1.72,2.1,0
Djere L.,38,243,120,123,10,22,110,101,Bublik A.,25,219,110,109,39,30,71,79,2021-03-26,Miami,Miami Open,Outdoor,Hard,2.5,1.53,0
Ruusuvuori E.,55,158,79,79,16,18,63,61,Zverev A.,19,500,346,154,60,31,286,123,2021-03-26,Miami,Miami Open,Outdoor,Hard,5.0,1.16,1
Bautista Agut R.,25,379,234,145,31,29,203,116,Harris L.,186,129,59,70,7,8,52,62,2021-03-26,Miami,Miami Open,Outdoor,Hard,1.36,3.2,1
Hanfmann Y.,50,99,50,49,5,4,45,45,Khachanov K.,11,378,217,161,44,38,173,123,2021-03-26,Miami,Miami Open,Outdoor,Hard,4.5,1.2,0
Medvedev D.,3,406,289,117,69,27,220,90,Lu Y.,625,11,1,10,0,0,1,10,2021-03-26,Miami,Miami Open,Outdoor,Hard,1.01,23.0,1
Herbert P.H.,157,202,89,113,31,38,58,75,Auger-Aliassime F.,12,268,163,105,48,22,115,83,2021-03-26,Miami,Miami Open,Outdoor,Hard,2.62,1.5,0
Basilashvili N.,118,301,138,163,26,34,112,129,Ymer M.,59,130,58,72,18,23,40,49,2021-03-26,Miami,Miami Open,Outdoor,Hard,1.57,2.37,0
Gaston H.,109,58,24,34,5,9,19,25,Sinner J.,8,224,153,71,42,19,111,52,2021-03-26,Miami,Miami Open,Outdoor,Hard,5.0,1.16,0
Norrie C.,13,287,172,115,15,18,157,97,Dimitrov G.,20,651,389,262,79,50,310,212,2021-03-26,Miami,Miami Open,Outdoor,Hard,2.62,1.5,1
Giron M.,69,150,68,82,20,14,48,68,Fritz T.,9,356,205,151,26,22,179,129,2021-03-26,Miami,Miami Open,Outdoor,Hard,2.62,1.5,0
Escobedo E.,377,57,20,37,2,2,18,35,Lajovic D.,66,378,163,215,21,36,142,179,2021-03-26,Miami,Miami Open,Outdoor,Hard,2.2,1.66,0
Goffin D.,123,522,296,226,66,52,230,174,Duckworth J.,123,143,55,88,10,9,45,79,2021-03-26,Miami,Miami Open,Outdoor,Hard,1.16,5.0,0
Popyrin A.,90,140,59,81,9,13,50,68,Opelka R.,17,168,88,80,17,10,71,70,2021-03-26,Miami,Miami Open,Outdoor,Hard,2.1,1.72,1
Bedene A.,347,291,131,160,18,23,113,137,Fabbiano T.,192,89,27,62,2,10,25,52,2021-03-26,Miami,Miami Open,Outdoor,Hard,1.28,3.75,1
O Connell C.,74,65,26,39,0,0,26,39,Sousa J.,147,436,189,247,42,44,147,203,2021-03-26,Miami,Miami Open,Outdoor,Hard,1.33,3.4,0
Berankis R.,212,249,104,145,36,31,68,114,Struff J.L.,21,369,170,199,43,42,127,157,2021-03-26,Miami,Miami Open,Outdoor,Hard,3.0,1.4,0
Rublev A.,7,392,255,137,57,34,198,103,Sandgren T.,153,121,47,74,2,9,45,65,2021-03-27,Miami,Miami Open,Outdoor,Hard,1.1,7.0,1
Ivashka I.,113,159,78,81,19,18,59,63,Shapovalov D.,29,298,166,132,30,27,136,105,2021-03-27,Miami,Miami Open,Outdoor,Hard,6.5,1.11,0
Kecmanovic M.,40,210,107,103,12,16,95,87,Mannarino A.,27,567,264,303,60,73,204,230,2021-03-27,Miami,Miami Open,Outdoor,Hard,1.8,2.0,0
Humbert U.,36,170,80,90,23,21,57,69,Sousa J.,147,436,189,247,42,44,147,203,2021-03-27,Miami,Miami Open,Outdoor,Hard,1.16,5.0,1
Karatsev A.,75,136,66,70,10,22,56,48,Kukushkin M.,221,352,141,211,50,49,91,162,2021-03-27,Miami,Miami Open,Outdoor,Hard,1.14,5.5,1
Cilic M.,100,853,543,310,119,65,424,245,Garin C.,101,190,103,87,15,13,88,74,2021-03-27,Miami,Miami Open,Outdoor,Hard,1.8,2.0,1
De Minaur A.,19,272,161,111,30,19,131,92,Galan D.E.,76,78,33,45,3,5,30,40,2021-03-27,Miami,Miami Open,Outdoor,Hard,1.12,6.0,0
Fucsovics M.,67,249,121,128,26,24,95,104,Kokkinakis T.,86,124,55,69,0,4,55,65,2021-03-27,Miami,Miami Open,Outdoor,Hard,1.66,2.2,1
Tsitsipas S.,5,390,264,126,49,32,215,94,Dzumhur D.,202,234,107,127,31,29,76,98,2021-03-27,Miami,Miami Open,Outdoor,Hard,1.08,8.0,1
Kudla D.,137,198,70,128,5,14,65,114,Hurkacz H.,17,238,137,101,27,24,110,77,2021-03-27,Miami,Miami Open,Outdoor,Hard,3.0,1.4,0
Thompson J.,71,221,96,125,10,10,86,115,Raonic M.,849,540,361,179,64,34,297,145,2021-03-27,Miami,Miami Open,Outdoor,Hard,5.0,1.16,0
Bedene A.,347,291,131,160,18,23,113,137,Nishikori K.,439,617,408,209,70,33,338,176,2021-03-27,Miami,Miami Open,Outdoor,Hard,3.0,1.4,0
Sonego L.,43,221,107,114,19,17,88,97,Fratangelo B.,695,62,22,40,0,1,22,39,2021-03-27,Miami,Miami Open,Outdoor,Hard,1.61,2.3,1
Mcdonald M.,60,190,87,103,11,15,76,88,Isner J.,114,755,465,290,53,45,412,245,2021-03-27,Miami,Miami Open,Outdoor,Hard,1.72,2.1,0
Paire B.,149,527,237,290,39,56,198,234,Musetti L.,18,143,79,64,12,12,67,52,2021-03-27,Miami,Miami Open,Outdoor,Hard,4.5,1.2,0
Popyrin A.,90,140,59,81,9,13,50,68,Medvedev D.,3,406,289,117,69,27,220,90,2021-03-28,Miami,Miami Open,Outdoor,Hard,6.5,1.11,0
Sinner J.,8,224,153,71,42,19,111,52,Khachanov K.,11,378,217,161,44,38,173,123,2021-03-28,Miami,Miami Open,Outdoor,Hard,1.57,2.37,1
Isner J.,114,755,465,290,53,45,412,245,Auger-Aliassime F.,12,268,163,105,48,22,115,83,2021-03-28,Miami,Miami Open,Outdoor,Hard,2.75,1.44,1
Ruusuvuori E.,55,158,79,79,16,18,63,61,Ymer M.,59,130,58,72,18,23,40,49,2021-03-28,Miami,Miami Open,Outdoor,Hard,1.5,2.62,1
Uchiyama Y.,314,33,9,24,1,3,8,21,Schwartzman D.,95,428,233,195,32,27,201,168,2021-03-28,Miami,Miami Open,Outdoor,Hard,5.5,1.14,0
Fognini F.,128,742,383,359,39,48,344,311,Korda S.,26,126,75,51,15,9,60,42,2021-03-28,Miami,Miami Open,Outdoor,Hard,2.5,1.53,0
Struff J.L.,21,369,170,199,43,42,127,157,Bautista Agut R.,25,379,234,145,31,29,203,116,2021-03-28,Miami,Miami Open,Outdoor,Hard,3.75,1.28,0
Norrie C.,13,287,172,115,15,18,157,97,Fritz T.,9,356,205,151,26,22,179,129,2021-03-29,Miami,Miami Open,Outdoor,Hard,2.3,1.61,0
Duckworth J.,123,143,55,88,10,9,45,79,Bublik A.,25,219,110,109,39,30,71,79,2021-03-29,Miami,Miami Open,Outdoor,Hard,3.0,1.4,0
Lajovic D.,66,378,163,215,21,36,142,179,Tiafoe F.,10,303,158,145,24,23,134,122,2021-03-29,Miami,Miami Open,Outdoor,Hard,2.5,1.53,0
Raonic M.,849,540,361,179,64,34,297,145,Humbert U.,36,170,80,90,23,21,57,69,2021-03-29,Miami,Miami Open,Outdoor,Hard,1.5,2.62,1
Musetti L.,18,143,79,64,12,12,67,52,Cilic M.,100,853,543,310,119,65,424,245,2021-03-29,Miami,Miami Open,Outdoor,Hard,1.66,2.2,0
Shapovalov D.,29,298,166,132,30,27,136,105,Hurkacz H.,17,238,137,101,27,24,110,77,2021-03-29,Miami,Miami Open,Outdoor,Hard,1.44,2.75,0
Fucsovics M.,67,249,121,128,26,24,95,104,Rublev A.,7,392,255,137,57,34,198,103,2021-03-29,Miami,Miami Open,Outdoor,Hard,5.5,1.14,0
Mannarino A.,27,567,264,303,60,73,204,230,Schwartzman D.,95,428,233,195,32,27,201,168,2021-03-29,Miami,Miami Open,Outdoor,Hard,3.4,1.33,0
Korda S.,26,126,75,51,15,9,60,42,Karatsev A.,75,136,66,70,10,22,56,48,2021-03-29,Miami,Miami Open,Outdoor,Hard,3.0,1.4,1
Galan D.E.,76,78,33,45,3,5,30,40,Sonego L.,43,221,107,114,19,17,88,97,2021-03-29,Miami,Miami Open,Outdoor,Hard,3.4,1.33,0
Schwartzman D.,95,428,233,195,32,27,201,168,Korda S.,26,126,75,51,15,9,60,42,2021-03-30,Miami,Miami Open,Outdoor,Hard,1.57,2.37,0
Medvedev D.,3,406,289,117,69,27,220,90,Tiafoe F.,10,303,158,145,24,23,134,122,2021-03-30,Miami,Miami Open,Outdoor,Hard,1.14,5.5,1
Hurkacz H.,17,238,137,101,27,24,110,77,Raonic M.,849,540,361,179,64,34,297,145,2021-03-30,Miami,Miami Open,Outdoor,Hard,3.2,1.36,1
Bautista Agut R.,25,379,234,145,31,29,203,116,Isner J.,114,755,465,290,53,45,412,245,2021-03-30,Miami,Miami Open,Outdoor,Hard,1.53,2.5,1
Ruusuvuori E.,55,158,79,79,16,18,63,61,Sinner J.,8,224,153,71,42,19,111,52,2021-03-30,Miami,Miami Open,Outdoor,Hard,2.75,1.44,0
Tsitsipas S.,5,390,264,126,49,32,215,94,Nishikori K.,439,617,408,209,70,33,338,176,2021-03-30,Miami,Miami Open,Outdoor,Hard,1.2,4.5,1
Fritz T.,9,356,205,151,26,22,179,129,Bublik A.,25,219,110,109,39,30,71,79,2021-03-30,Miami,Miami Open,Outdoor,Hard,1.61,2.3,0
Cilic M.,100,853,543,310,119,65,424,245,Rublev A.,7,392,255,137,57,34,198,103,2021-03-31,Miami,Miami Open,Outdoor,Hard,7.0,1.1,0
Sonego L.,43,221,107,114,19,17,88,97,Tsitsipas S.,5,390,264,126,49,32,215,94,2021-03-31,Miami,Miami Open,Outdoor,Hard,6.0,1.12,0
Sinner J.,8,224,153,71,42,19,111,52,Bublik A.,25,219,110,109,39,30,71,79,2021-03-31,Miami,Miami Open,Outdoor,Hard,1.36,3.2,1
Bautista Agut R.,25,379,234,145,31,29,203,116,Medvedev D.,3,406,289,117,69,27,220,90,2021-04-01,Miami,Miami Open,Outdoor,Hard,3.5,1.3,1
Hurkacz H.,17,238,137,101,27,24,110,77,Tsitsipas S.,5,390,264,126,49,32,215,94,2021-04-01,Miami,Miami Open,Outdoor,Hard,4.5,1.2,1
Korda S.,26,126,75,51,15,9,60,42,Rublev A.,7,392,255,137,57,34,198,103,2021-04-02,Miami,Miami Open,Outdoor,Hard,4.5,1.2,0
Sinner J.,8,224,153,71,42,19,111,52,Bautista Agut R.,25,379,234,145,31,29,203,116,2021-04-02,Miami,Miami Open,Outdoor,Hard,2.0,1.8,1
Rublev A.,7,392,255,137,57,34,198,103,Hurkacz H.,17,238,137,101,27,24,110,77,2021-04-03,Miami,Miami Open,Outdoor,Hard,1.22,4.33,0
Sinner J.,8,224,153,71,42,19,111,52,Hurkacz H.,17,238,137,101,27,24,110,77,2021-04-04,Miami,Miami Open,Outdoor,Hard,1.57,2.37,0
Delbonis F.,131,340,152,188,19,23,133,165,Carballes Baena R.,64,207,91,116,11,10,80,106,2021-04-05,Marbella,AnyTech365 Andalucia Open,Outdoor,Hard,1.66,2.2,1
Gombos N.,114,66,21,45,6,14,15,31,Londero J.I.,142,83,34,49,3,5,31,44,2021-04-05,Marbella,AnyTech365 Andalucia Open,Outdoor,Hard,2.1,1.72,1
Berankis R.,212,249,104,145,36,31,68,114,Pouille L.,675,259,134,125,35,26,99,99,2021-04-05,Marbella,AnyTech365 Andalucia Open,Outdoor,Hard,2.62,1.5,1
Kwon S.W.,68,108,53,55,12,6,41,49,Rune H.,6,131,83,48,28,9,55,39,2021-04-05,Marbella,AnyTech365 Andalucia Open,Outdoor,Hard,3.4,1.33,1
Zeppieri G.,129,13,4,9,0,1,4,8,Bedene A.,347,291,131,160,18,23,113,137,2021-04-05,Cagliari,Sardegna Open,Outdoor,Hard,3.5,1.3,0
Gerasimov E.,150,93,43,50,19,19,24,31,Pella G.,199,260,118,142,14,16,104,126,2021-04-05,Cagliari,Sardegna Open,Outdoor,Hard,2.5,1.53,1
Djere L.,38,243,120,123,10,22,110,101,Gaio F.,174,18,3,15,0,1,3,14,2021-04-05,Cagliari,Sardegna Open,Outdoor,Hard,1.28,3.75,1
Hanfmann Y.,50,99,50,49,5,4,45,45,Paul T.,14,204,111,93,19,13,92,80,2021-04-05,Cagliari,Sardegna Open,Outdoor,Hard,1.9,1.9,1
Struff J.L.,21,369,170,199,43,42,127,157,Sousa J.,147,436,189,247,42,44,147,203,2021-04-06,Cagliari,Sardegna Open,Outdoor,Hard,1.25,4.0,1
Davidovich Fokina A.,39,168,84,84,17,20,67,64,Dzumhur D.,202,234,107,127,31,29,76,98,2021-04-06,Marbella,AnyTech365 Andalucia Open,Outdoor,Hard,1.28,3.75,1
Mager G.,67,59,24,35,3,7,21,28,Kukushkin M.,221,352,141,211,50,49,91,162,2021-04-06,Marbella,AnyTech365 Andalucia Open,Outdoor,Hard,1.36,3.2,1
Lopez F.,634,863,441,422,71,82,370,340,Daniel T.,111,178,67,111,3,10,64,101,2021-04-06,Marbella,AnyTech365 Andalucia Open,Outdoor,Hard,2.2,1.66,1
Zapata Miralles B.,54,80,32,48,1,6,31,42,Vilella Martinez M.,167,10,4,6,0,0,4,6,2021-04-06,Marbella,AnyTech365 Andalucia Open,Outdoor,Hard,1.61,2.3,0
Cerundolo F.,21,104,58,46,3,7,55,39,Bagnis F.,135,121,39,82,9,8,30,74,2021-04-06,Marbella,AnyTech365 Andalucia Open,Outdoor,Hard,1.72,2.1,0
Martinez P.,135,118,50,68,7,6,43,62,Ivashka I.,113,159,78,81,19,18,59,63,2021-04-06,Marbella,AnyTech365 Andalucia Open,Outdoor,Hard,1.5,2.62,0
Milojevic N.,136,14,6,8,1,1,5,7,Alcaraz C.,1,164,130,34,10,5,120,29,2021-04-06,Marbella,AnyTech365 Andalucia Open,Outdoor,Hard,3.0,1.4,0
Laaksonen H.,125,101,37,64,7,16,30,48,Munar J.,104,178,75,103,7,12,68,91,2021-04-06,Marbella,AnyTech365 Andalucia Open,Outdoor,Hard,4.0,1.25,0
Coria F.,108,99,43,56,2,6,41,50,Millman J.,140,256,113,143,21,22,92,121,2021-04-06,Cagliari,Sardegna Open,Outdoor,Hard,1.53,2.5,0
Cecchinato M.,108,204,79,125,2,14,77,111,Fabbiano T.,192,89,27,62,2,10,25,52,2021-04-06,Cagliari,Sardegna Open,Outdoor,Hard,1.25,4.0,1
Vesely J.,528,288,130,158,6,19,124,139,Martin A.,723,258,107,151,6,13,101,138,2021-04-06,Cagliari,Sardegna Open,Outdoor,Hard,1.5,2.62,0
Simon G.,188,869,491,378,135,94,356,284,Travaglia S.,1024,81,27,54,5,12,22,42,2021-04-06,Cagliari,Sardegna Open,Outdoor,Hard,3.4,1.33,1
Huesler M.A.,88,58,21,37,8,8,13,29,Broady L.,125,47,18,29,5,3,13,26,2021-04-06,Cagliari,Sardegna Open,Outdoor,Hard,1.72,2.1,0
Kovalik J.,172,68,24,44,5,8,19,36,Nagal S.,503,17,3,14,0,1,3,13,2021-04-06,Cagliari,Sardegna Open,Outdoor,Hard,2.62,1.5,1
Novak D.,166,58,15,43,6,16,9,27,Musetti L.,18,143,79,64,12,12,67,52,2021-04-06,Cagliari,Sardegna Open,Outdoor,Hard,4.33,1.22,0
Bagnis F.,135,121,39,82,9,8,30,74,Kwon S.W.,68,108,53,55,12,6,41,49,2021-04-07,Marbella,AnyTech365 Andalucia Open,Outdoor,Hard,1.3,3.5,0
Gombos N.,114,66,21,45,6,14,15,31,Delbonis F.,131,340,152,188,19,23,133,165,2021-04-07,Marbella,AnyTech365 Andalucia Open,Outdoor,Hard,3.4,1.33,1
Fritz T.,9,356,205,151,26,22,179,129,Martin A.,723,258,107,151,6,13,101,138,2021-04-07,Cagliari,Sardegna Open,Outdoor,Hard,1.57,2.37,1
Basilashvili N.,118,301,138,163,26,34,112,129,Kovalik J.,172,68,24,44,5,8,19,36,2021-04-07,Cagliari,Sardegna Open,Outdoor,Hard,1.8,2.0,1
Bedene A.,347,291,131,160,18,23,113,137,Gerasimov E.,150,93,43,50,19,19,24,31,2021-04-07,Cagliari,Sardegna Open,Outdoor,Hard,1.8,2.0,1
Struff J.L.,21,369,170,199,43,42,127,157,Broady L.,125,47,18,29,5,3,13,26,2021-04-07,Cagliari,Sardegna Open,Outdoor,Hard,1.57,2.37,1
Berankis R.,212,249,104,145,36,31,68,114,Ramos-Vinolas A.,82,437,204,233,17,31,187,202,2021-04-07,Marbella,AnyTech365 Andalucia Open,Outdoor,Hard,3.5,1.3,0
Carreno Busta P.,16,352,214,138,33,25,181,113,Vilella Martinez M.,167,10,4,6,0,0,4,6,2021-04-07,Marbella,AnyTech365 Andalucia Open,Outdoor,Hard,1.4,3.0,1
Cecchinato M.,108,204,79,125,2,14,77,111,Hanfmann Y.,50,99,50,49,5,4,45,45,2021-04-08,Cagliari,Sardegna Open,Outdoor,Hard,2.0,1.8,0
Ivashka I.,113,159,78,81,19,18,59,63,Davidovich Fokina A.,39,168,84,84,17,20,67,64,2021-04-08,Marbella,AnyTech365 Andalucia Open,Outdoor,Hard,4.0,1.25,1
Munar J.,104,178,75,103,7,12,68,91,Fognini F.,128,742,383,359,39,48,344,311,2021-04-08,Marbella,AnyTech365 Andalucia Open,Outdoor,Hard,1.72,2.1,1
Mager G.,67,59,24,35,3,7,21,28,Ruud C.,4,275,176,99,19,16,157,83,2021-04-08,Marbella,AnyTech365 Andalucia Open,Outdoor,Hard,2.5,1.53,0
Alcaraz C.,1,164,130,34,10,5,120,29,Lopez F.,634,863,441,422,71,82,370,340,2021-04-08,Marbella,AnyTech365 Andalucia Open,Outdoor,Hard,1.36,3.2,1
Evans D.,30,251,124,127,18,16,106,111,Musetti L.,18,143,79,64,12,12,67,52,2021-04-08,Cagliari,Sardegna Open,Outdoor,Hard,3.5,1.3,0
Millman J.,140,256,113,143,21,22,92,121,Djere L.,38,243,120,123,10,22,110,101,2021-04-08,Cagliari,Sardegna Open,Outdoor,Hard,3.5,1.3,0
Sonego L.,43,221,107,114,19,17,88,97,Simon G.,188,869,491,378,135,94,356,284,2021-04-08,Cagliari,Sardegna Open,Outdoor,Hard,1.36,3.2,1
Basilashvili N.,118,301,138,163,26,34,112,129,Struff J.L.,21,369,170,199,43,42,127,157,2021-04-09,Cagliari,Sardegna Open,Outdoor,Hard,2.5,1.53,1
Djere L.,38,243,120,123,10,22,110,101,Musetti L.,18,143,79,64,12,12,67,52,2021-04-09,Cagliari,Sardegna Open,Outdoor,Hard,2.0,1.8,1
Hanfmann Y.,50,99,50,49,5,4,45,45,Sonego L.,43,221,107,114,19,17,88,97,2021-04-09,Cagliari,Sardegna Open,Outdoor,Hard,2.5,1.53,0
Fritz T.,9,356,205,151,26,22,179,129,Bedene A.,347,291,131,160,18,23,113,137,2021-04-09,Cagliari,Sardegna Open,Outdoor,Hard,1.8,2.0,1
Ramos-Vinolas A.,82,437,204,233,17,31,187,202,Gombos N.,114,66,21,45,6,14,15,31,2021-04-09,Marbella,AnyTech365 Andalucia Open,Outdoor,Hard,1.4,3.0,1
Ivashka I.,113,159,78,81,19,18,59,63,Munar J.,104,178,75,103,7,12,68,91,2021-04-09,Marbella,AnyTech365 Andalucia Open,Outdoor,Hard,3.2,1.36,0
Carreno Busta P.,16,352,214,138,33,25,181,113,Kwon S.W.,68,108,53,55,12,6,41,49,2021-04-09,Marbella,AnyTech365 Andalucia Open,Outdoor,Hard,1.22,4.33,1
Alcaraz C.,1,164,130,34,10,5,120,29,Ruud C.,4,275,176,99,19,16,157,83,2021-04-09,Marbella,AnyTech365 Andalucia Open,Outdoor,Hard,2.75,1.44,1
Basilashvili N.,118,301,138,163,26,34,112,129,Djere L.,38,243,120,123,10,22,110,101,2021-04-10,Cagliari,Sardegna Open,Outdoor,Hard,2.62,1.5,0
Sonego L.,43,221,107,114,19,17,88,97,Fritz T.,9,356,205,151,26,22,179,129,2021-04-10,Cagliari,Sardegna Open,Outdoor,Hard,1.72,2.1,1
Carreno Busta P.,16,352,214,138,33,25,181,113,Ramos-Vinolas A.,82,437,204,233,17,31,187,202,2021-04-10,Marbella,AnyTech365 Andalucia Open,Outdoor,Hard,1.4,3.0,1
Munar J.,104,178,75,103,7,12,68,91,Alcaraz C.,1,164,130,34,10,5,120,29,2021-04-10,Marbella,AnyTech365 Andalucia Open,Outdoor,Hard,2.37,1.57,1
Sonego L.,43,221,107,114,19,17,88,97,Djere L.,38,243,120,123,10,22,110,101,2021-04-11,Cagliari,Sardegna Open,Outdoor,Hard,2.2,1.66,1
Thompson J.,71,221,96,125,10,10,86,115,Paire B.,149,527,237,290,39,56,198,234,2021-04-11,Monte Carlo,Monte Carlo Masters,Outdoor,Clay,1.8,2.0,1
Munar J.,104,178,75,103,7,12,68,91,Carreno Busta P.,16,352,214,138,33,25,181,113,2021-04-11,Marbella,AnyTech365 Andalucia Open,Outdoor,Hard,2.37,1.57,0
Goffin D.,123,522,296,226,66,52,230,174,Cilic M.,100,853,543,310,119,65,424,245,2021-04-11,Monte Carlo,Monte Carlo Masters,Outdoor,Clay,1.72,2.1,1
Davidovich Fokina A.,39,168,84,84,17,20,67,64,De Minaur A.,19,272,161,111,30,19,131,92,2021-04-12,Monte Carlo,Monte Carlo Masters,Outdoor,Clay,1.66,2.2,1
Musetti L.,18,143,79,64,12,12,67,52,Karatsev A.,75,136,66,70,10,22,56,48,2021-04-12,Monte Carlo,Monte Carlo Masters,Outdoor,Clay,2.0,1.8,0
Humbert U.,36,170,80,90,23,21,57,69,Millman J.,140,256,113,143,21,22,92,121,2021-04-12,Monte Carlo,Monte Carlo Masters,Outdoor,Clay,1.5,2.62,0
Paul T.,14,204,111,93,19,13,92,80,Martinez P.,135,118,50,68,7,6,43,62,2021-04-12,Monte Carlo,Monte Carlo Masters,Outdoor,Clay,1.8,2.0,1
Andujar P.,323,404,164,240,12,30,152,210,Popyrin A.,90,140,59,81,9,13,50,68,2021-04-13,Monte Carlo,Monte Carlo Masters,Outdoor,Clay,2.62,1.5,0
Davidovich Fokina A.,39,168,84,84,17,20,67,64,Berrettini M.,38,217,142,75,14,11,128,64,2021-04-13,Monte Carlo,Monte Carlo Masters,Outdoor,Clay,2.0,1.8,1
Krajinovic F.,93,240,115,125,38,34,77,91,Basilashvili N.,118,301,138,163,26,34,112,129,2021-04-13,Monte Carlo,Monte Carlo Masters,Outdoor,Clay,1.36,3.2,1
Carreno Busta P.,16,352,214,138,33,25,181,113,Travaglia S.,1024,81,27,54,5,12,22,42,2021-04-13,Monte Carlo,Monte Carlo Masters,Outdoor,Clay,1.44,2.75,1
Khachanov K.,11,378,217,161,44,38,173,123,Djere L.,38,243,120,123,10,22,110,101,2021-04-13,Monte Carlo,Monte Carlo Masters,Outdoor,Clay,1.66,2.2,1
Sonego L.,43,221,107,114,19,17,88,97,Fucsovics M.,67,249,121,128,26,24,95,104,2021-04-13,Monte Carlo,Monte Carlo Masters,Outdoor,Clay,2.3,1.61,1
Struff J.L.,21,369,170,199,43,42,127,157,Dimitrov G.,20,651,389,262,79,50,310,212,2021-04-13,Monte Carlo,Monte Carlo Masters,Outdoor,Clay,2.3,1.61,0
Rune H.,6,131,83,48,28,9,55,39,Ruud C.,4,275,176,99,19,16,157,83,2021-04-13,Monte Carlo,Monte Carlo Masters,Outdoor,Clay,5.0,1.16,0
Bautista Agut R.,25,379,234,145,31,29,203,116,Fritz T.,9,356,205,151,26,22,179,129,2021-04-13,Monte Carlo,Monte Carlo Masters,Outdoor,Clay,1.36,3.2,1
Tsitsipas S.,5,390,264,126,49,32,215,94,Karatsev A.,75,136,66,70,10,22,56,48,2021-04-13,Monte Carlo,Monte Carlo Masters,Outdoor,Clay,1.53,2.5,1
Bublik A.,25,219,110,109,39,30,71,79,Chardy J.,542,591,289,302,44,48,245,254,2021-04-13,Monte Carlo,Monte Carlo Masters,Outdoor,Clay,2.2,1.66,0
Cecchinato M.,108,204,79,125,2,14,77,111,Koepfer D.,84,86,38,48,3,3,35,45,2021-04-13,Monte Carlo,Monte Carlo Masters,Outdoor,Clay,2.0,1.8,1
Ramos-Vinolas A.,82,437,204,233,17,31,187,202,Sinner J.,8,224,153,71,42,19,111,52,2021-04-13,Monte Carlo,Monte Carlo Masters,Outdoor,Clay,3.4,1.33,0
Delbonis F.,131,340,152,188,19,23,133,165,Mannarino A.,27,567,264,303,60,73,204,230,2021-04-13,Monte Carlo,Monte Carlo Masters,Outdoor,Clay,1.28,3.75,1
Pella G.,199,260,118,142,14,16,104,126,Pouille L.,675,259,134,125,35,26,99,99,2021-04-13,Monte Carlo,Monte Carlo Masters,Outdoor,Clay,1.8,2.0,0
Caruso S.,146,63,19,44,5,9,14,35,Catarina L.,430,4,0,4,0,0,0,4,2021-04-13,Monte Carlo,Monte Carlo Masters,Outdoor,Clay,1.14,5.5,1
Hurkacz H.,17,238,137,101,27,24,110,77,Fabbiano T.,192,89,27,62,2,10,25,52,2021-04-13,Monte Carlo,Monte Carlo Masters,Outdoor,Clay,1.25,4.0,1
Evans D.,30,251,124,127,18,16,106,111,Lajovic D.,66,378,163,215,21,36,142,179,2021-04-13,Monte Carlo,Monte Carlo Masters,Outdoor,Clay,2.5,1.53,1
Garin C.,101,190,103,87,15,13,88,74,Auger-Aliassime F.,12,268,163,105,48,22,115,83,2021-04-13,Monte Carlo,Monte Carlo Masters,Outdoor,Clay,2.1,1.72,1
Fognini F.,128,742,383,359,39,48,344,311,Kecmanovic M.,40,210,107,103,12,16,95,87,2021-04-13,Monte Carlo,Monte Carlo Masters,Outdoor,Clay,1.57,2.37,1
Londero J.I.,142,83,34,49,3,5,31,44,Krajinovic F.,93,240,115,125,38,34,77,91,2021-04-14,Monte Carlo,Monte Carlo Masters,Outdoor,Clay,5.0,1.16,0
Sonego L.,43,221,107,114,19,17,88,97,Zverev A.,19,500,346,154,60,31,286,123,2021-04-14,Monte Carlo,Monte Carlo Masters,Outdoor,Clay,2.75,1.44,0
Carreno Busta P.,16,352,214,138,33,25,181,113,Khachanov K.,11,378,217,161,44,38,173,123,2021-04-14,Monte Carlo,Monte Carlo Masters,Outdoor,Clay,2.0,1.8,1
Nadal R.,2,1223,1017,206,76,40,941,166,Delbonis F.,131,340,152,188,19,23,133,165,2021-04-14,Monte Carlo,Monte Carlo Masters,Outdoor,Clay,1.04,13.0,1
Bautista Agut R.,25,379,234,145,31,29,203,116,Paul T.,14,204,111,93,19,13,92,80,2021-04-14,Monte Carlo,Monte Carlo Masters,Outdoor,Clay,1.25,4.0,1
Hurkacz H.,17,238,137,101,27,24,110,77,Evans D.,30,251,124,127,18,16,106,111,2021-04-14,Monte Carlo,Monte Carlo Masters,Outdoor,Clay,1.53,2.5,0
Popyrin A.,90,140,59,81,9,13,50,68,Pouille L.,675,259,134,125,35,26,99,99,2021-04-14,Monte Carlo,Monte Carlo Masters,Outdoor,Clay,1.66,2.2,0
Fognini F.,128,742,383,359,39,48,344,311,Thompson J.,71,221,96,125,10,10,86,115,2021-04-14,Monte Carlo,Monte Carlo Masters,Outdoor,Clay,1.2,4.5,1
Schwartzman D.,95,428,233,195,32,27,201,168,Ruud C.,4,275,176,99,19,16,157,83,2021-04-14,Monte Carlo,Monte Carlo Masters,Outdoor,Clay,1.53,2.5,0
Djokovic N.,2,1207,1012,195,146,42,866,153,Sinner J.,8,224,153,71,42,19,111,52,2021-04-14,Monte Carlo,Monte Carlo Masters,Outdoor,Clay,1.33,3.4,1
Rublev A.,7,392,255,137,57,34,198,103,Caruso S.,146,63,19,44,5,9,14,35,2021-04-14,Monte Carlo,Monte Carlo Masters,Outdoor,Clay,1.08,8.0,1
Millman J.,140,256,113,143,21,22,92,121,Garin C.,101,190,103,87,15,13,88,74,2021-04-14,Monte Carlo,Monte Carlo Masters,Outdoor,Clay,3.75,1.28,0
Chardy J.,542,591,289,302,44,48,245,254,Dimitrov G.,20,651,389,262,79,50,310,212,2021-04-14,Monte Carlo,Monte Carlo Masters,Outdoor,Clay,3.0,1.4,0
Cecchinato M.,108,204,79,125,2,14,77,111,Goffin D.,123,522,296,226,66,52,230,174,2021-04-14,Monte Carlo,Monte Carlo Masters,Outdoor,Clay,2.37,1.57,0
Dimitrov G.,20,651,389,262,79,50,310,212,Nadal R.,2,1223,1017,206,76,40,941,166,2021-04-15,Monte Carlo,Monte Carlo Masters,Outdoor,Clay,11.0,1.05,0
Carreno Busta P.,16,352,214,138,33,25,181,113,Ruud C.,4,275,176,99,19,16,157,83,2021-04-15,Monte Carlo,Monte Carlo Masters,Outdoor,Clay,1.9,1.9,0
Krajinovic F.,93,240,115,125,38,34,77,91,Fognini F.,128,742,383,359,39,48,344,311,2021-04-15,Monte Carlo,Monte Carlo Masters,Outdoor,Clay,1.8,2.0,0
Bautista Agut R.,25,379,234,145,31,29,203,116,Rublev A.,7,392,255,137,57,34,198,103,2021-04-15,Monte Carlo,Monte Carlo Masters,Outdoor,Clay,2.75,1.44,0
Goffin D.,123,522,296,226,66,52,230,174,Zverev A.,19,500,346,154,60,31,286,123,2021-04-15,Monte Carlo,Monte Carlo Masters,Outdoor,Clay,2.5,1.53,1
Pouille L.,675,259,134,125,35,26,99,99,Davidovich Fokina A.,39,168,84,84,17,20,67,64,2021-04-15,Monte Carlo,Monte Carlo Masters,Outdoor,Clay,3.75,1.28,0
Evans D.,30,251,124,127,18,16,106,111,Djokovic N.,2,1207,1012,195,146,42,866,153,2021-04-15,Monte Carlo,Monte Carlo Masters,Outdoor,Clay,11.0,1.05,1
Tsitsipas S.,5,390,264,126,49,32,215,94,Garin C.,101,190,103,87,15,13,88,74,2021-04-15,Monte Carlo,Monte Carlo Masters,Outdoor,Clay,1.33,3.4,1
Tsitsipas S.,5,390,264,126,49,32,215,94,Davidovich Fokina A.,39,168,84,84,17,20,67,64,2021-04-16,Monte Carlo,Monte Carlo Masters,Outdoor,Clay,1.22,4.33,1
Goffin D.,123,522,296,226,66,52,230,174,Evans D.,30,251,124,127,18,16,106,111,2021-04-16,Monte Carlo,Monte Carlo Masters,Outdoor,Clay,1.53,2.5,0
Ruud C.,4,275,176,99,19,16,157,83,Fognini F.,128,742,383,359,39,48,344,311,2021-04-16,Monte Carlo,Monte Carlo Masters,Outdoor,Clay,1.72,2.1,1
Nadal R.,2,1223,1017,206,76,40,941,166,Rublev A.,7,392,255,137,57,34,198,103,2021-04-16,Monte Carlo,Monte Carlo Masters,Outdoor,Clay,1.11,6.5,0
Rublev A.,7,392,255,137,57,34,198,103,Ruud C.,4,275,176,99,19,16,157,83,2021-04-17,Monte Carlo,Monte Carlo Masters,Outdoor,Clay,1.33,3.4,1
Tsitsipas S.,5,390,264,126,49,32,215,94,Evans D.,30,251,124,127,18,16,106,111,2021-04-17,Monte Carlo,Monte Carlo Masters,Outdoor,Clay,1.16,5.0,1
Rublev A.,7,392,255,137,57,34,198,103,Tsitsipas S.,5,390,264,126,49,32,215,94,2021-04-18,Monte Carlo,Monte Carlo Masters,Outdoor,Clay,1.8,2.0,0
Nishikori K.,439,617,408,209,70,33,338,176,Pella G.,199,260,118,142,14,16,104,126,2021-04-19,Barcelona,Barcelona Open,Outdoor,Clay,1.3,3.5,1
Travaglia S.,1024,81,27,54,5,12,22,42,Krajinovic F.,93,240,115,125,38,34,77,91,2021-04-19,Belgrade,Serbia Open,Outdoor,Clay,3.0,1.4,0
Munar J.,104,178,75,103,7,12,68,91,Monteiro T.,121,171,69,102,9,11,60,91,2021-04-19,Barcelona,Barcelona Open,Outdoor,Clay,1.36,3.2,1
Griekspoor T.,37,97,47,50,7,14,40,36,Ivashka I.,113,159,78,81,19,18,59,63,2021-04-19,Barcelona,Barcelona Open,Outdoor,Clay,2.75,1.44,0
Paire B.,149,527,237,290,39,56,198,234,Gaio F.,174,18,3,15,0,1,3,14,2021-04-19,Barcelona,Barcelona Open,Outdoor,Clay,1.61,2.3,0
Millman J.,140,256,113,143,21,22,92,121,Petrovic D.,157,5,2,3,0,1,2,2,2021-04-19,Belgrade,Serbia Open,Outdoor,Clay,1.44,2.75,1
Caruso S.,146,63,19,44,5,9,14,35,Norrie C.,13,287,172,115,15,18,157,97,2021-04-19,Barcelona,Barcelona Open,Outdoor,Clay,1.61,2.3,0
Herbert P.H.,157,202,89,113,31,38,58,75,Nagal S.,503,17,3,14,0,1,3,13,2021-04-19,Barcelona,Barcelona Open,Outdoor,Clay,1.8,2.0,1
Kuznetsov An.,228,162,70,92,9,19,61,73,Zapata Miralles B.,54,80,32,48,1,6,31,42,2021-04-19,Barcelona,Barcelona Open,Outdoor,Clay,2.37,1.57,0
Simon G.,188,869,491,378,135,94,356,284,Andujar P.,323,404,164,240,12,30,152,210,2021-04-19,Barcelona,Barcelona Open,Outdoor,Clay,2.5,1.53,0
Chardy J.,542,591,289,302,44,48,245,254,Basilashvili N.,118,301,138,163,26,34,112,129,2021-04-19,Barcelona,Barcelona Open,Outdoor,Clay,1.4,3.0,1
Cecchinato M.,108,204,79,125,2,14,77,111,Troicki V.,230,525,269,256,61,51,208,205,2021-04-19,Belgrade,Serbia Open,Outdoor,Clay,1.25,4.0,1
Gerasimov E.,150,93,43,50,19,19,24,31,Tsonga J.W.,297,672,444,228,139,62,305,166,2021-04-19,Barcelona,Barcelona Open,Outdoor,Clay,1.36,3.2,1
Milojevic N.,136,14,6,8,1,1,5,7,Coria F.,108,99,43,56,2,6,41,50,2021-04-19,Belgrade,Serbia Open,Outdoor,Clay,1.61,2.3,1
Bedene A.,347,291,131,160,18,23,113,137,Korda S.,26,126,75,51,15,9,60,42,2021-04-20,Belgrade,Serbia Open,Outdoor,Clay,2.37,1.57,1
Cerundolo F.,21,104,58,46,3,7,55,39,Popyrin A.,90,140,59,81,9,13,50,68,2021-04-20,Belgrade,Serbia Open,Outdoor,Clay,2.1,1.72,0
Djere L.,38,243,120,123,10,22,110,101,Mager G.,67,59,24,35,3,7,21,28,2021-04-20,Belgrade,Serbia Open,Outdoor,Clay,1.3,3.5,0
Bagnis F.,135,121,39,82,9,8,30,74,Kecmanovic M.,40,210,107,103,12,16,95,87,2021-04-20,Belgrade,Serbia Open,Outdoor,Clay,2.0,1.8,0
Sousa J.,147,436,189,247,42,44,147,203,Daniel T.,111,178,67,111,3,10,64,101,2021-04-20,Belgrade,Serbia Open,Outdoor,Clay,,,0
Delbonis F.,131,340,152,188,19,23,133,165,Berankis R.,212,249,104,145,36,31,68,114,2021-04-20,Belgrade,Serbia Open,Outdoor,Clay,1.44,2.75,1
Kwon S.W.,68,108,53,55,12,6,41,49,Carballes Baena R.,64,207,91,116,11,10,80,106,2021-04-20,Belgrade,Serbia Open,Outdoor,Clay,2.62,1.5,1
Rinderknech A.,67,96,46,50,16,12,30,38,Londero J.I.,142,83,34,49,3,5,31,44,2021-04-20,Belgrade,Serbia Open,Outdoor,Clay,1.44,2.75,1
Norrie C.,13,287,172,115,15,18,157,97,Khachanov K.,11,378,217,161,44,38,173,123,2021-04-20,Barcelona,Barcelona Open,Outdoor,Clay,3.4,1.33,1
Andujar P.,323,404,164,240,12,30,152,210,Bautista Agut R.,25,379,234,145,31,29,203,116,2021-04-20,Barcelona,Barcelona Open,Outdoor,Clay,5.0,1.16,0
Rune H.,6,131,83,48,28,9,55,39,Ramos-Vinolas A.,82,437,204,233,17,31,187,202,2021-04-20,Barcelona,Barcelona Open,Outdoor,Clay,3.0,1.4,0
Gasquet R.,48,948,581,367,133,82,448,285,Thompson J.,71,221,96,125,10,10,86,115,2021-04-20,Barcelona,Barcelona Open,Outdoor,Clay,1.72,2.1,0
Moutet C.,80,118,50,68,5,11,45,57,Koepfer D.,84,86,38,48,3,3,35,45,2021-04-20,Barcelona,Barcelona Open,Outdoor,Clay,2.3,1.61,1
Musetti L.,18,143,79,64,12,12,67,52,Lopez F.,634,863,441,422,71,82,370,340,2021-04-20,Barcelona,Barcelona Open,Outdoor,Clay,1.28,3.75,1
Davidovich Fokina A.,39,168,84,84,17,20,67,64,Bublik A.,25,219,110,109,39,30,71,79,2021-04-20,Barcelona,Barcelona Open,Outdoor,Clay,1.5,2.62,0
Alcaraz C.,1,164,130,34,10,5,120,29,Tiafoe F.,10,303,158,145,24,23,134,122,2021-04-20,Barcelona,Barcelona Open,Outdoor,Clay,1.53,2.5,0
Goffin D.,123,522,296,226,66,52,230,174,Herbert P.H.,157,202,89,113,31,38,58,75,2021-04-20,Barcelona,Barcelona Open,Outdoor,Clay,1.4,3.0,1
Chardy J.,542,591,289,302,44,48,245,254,Shapovalov D.,29,298,166,132,30,27,136,105,2021-04-20,Barcelona,Barcelona Open,Outdoor,Clay,2.5,1.53,0
Gerasimov E.,150,93,43,50,19,19,24,31,Sinner J.,8,224,153,71,42,19,111,52,2021-04-20,Barcelona,Barcelona Open,Outdoor,Clay,6.0,1.12,0
Krajinovic F.,93,240,115,125,38,34,77,91,Milojevic N.,136,14,6,8,1,1,5,7,2021-04-21,Belgrade,Serbia Open,Outdoor,Clay,1.3,3.5,1
Cecchinato M.,108,204,79,125,2,14,77,111,Berrettini M.,38,217,142,75,14,11,128,64,2021-04-21,Belgrade,Serbia Open,Outdoor,Clay,2.5,1.53,0
Kwon S.W.,68,108,53,55,12,6,41,49,Djokovic N.,2,1207,1012,195,146,42,866,153,2021-04-21,Belgrade,Serbia Open,Outdoor,Clay,21.0,1.01,0
Kecmanovic M.,40,210,107,103,12,16,95,87,Rinderknech A.,67,96,46,50,16,12,30,38,2021-04-21,Belgrade,Serbia Open,Outdoor,Clay,1.53,2.5,1
Ramos-Vinolas A.,82,437,204,233,17,31,187,202,Mannarino A.,27,567,264,303,60,73,204,230,2021-04-21,Barcelona,Barcelona Open,Outdoor,Clay,1.25,4.0,1
Gaio F.,174,18,3,15,0,1,3,14,Rublev A.,7,392,255,137,57,34,198,103,2021-04-21,Barcelona,Barcelona Open,Outdoor,Clay,13.0,1.04,0
Auger-Aliassime F.,12,268,163,105,48,22,115,83,Musetti L.,18,143,79,64,12,12,67,52,2021-04-21,Barcelona,Barcelona Open,Outdoor,Clay,1.8,2.0,1
Moutet C.,80,118,50,68,5,11,45,57,Evans D.,30,251,124,127,18,16,106,111,2021-04-21,Barcelona,Barcelona Open,Outdoor,Clay,2.1,1.72,1
Munar J.,104,178,75,103,7,12,68,91,Tsitsipas S.,5,390,264,126,49,32,215,94,2021-04-21,Barcelona,Barcelona Open,Outdoor,Clay,4.33,1.22,0
Thompson J.,71,221,96,125,10,10,86,115,Carreno Busta P.,16,352,214,138,33,25,181,113,2021-04-21,Barcelona,Barcelona Open,Outdoor,Clay,6.0,1.12,0
Zapata Miralles B.,54,80,32,48,1,6,31,42,Fognini F.,128,742,383,359,39,48,344,311,2021-04-21,Barcelona,Barcelona Open,Outdoor,Clay,2.75,1.44,1
Ivashka I.,113,159,78,81,19,18,59,63,Nadal R.,2,1223,1017,206,76,40,941,166,2021-04-21,Barcelona,Barcelona Open,Outdoor,Clay,19.0,1.02,0
Garin C.,101,190,103,87,15,13,88,74,Nishikori K.,439,617,408,209,70,33,338,176,2021-04-21,Barcelona,Barcelona Open,Outdoor,Clay,1.5,2.62,0
Tiafoe F.,10,303,158,145,24,23,134,122,Schwartzman D.,95,428,233,195,32,27,201,168,2021-04-21,Barcelona,Barcelona Open,Outdoor,Clay,3.2,1.36,0
De Minaur A.,19,272,161,111,30,19,131,92,Bublik A.,25,219,110,109,39,30,71,79,2021-04-21,Barcelona,Barcelona Open,Outdoor,Clay,1.66,2.2,1
Zapata Miralles B.,54,80,32,48,1,6,31,42,Carreno Busta P.,16,352,214,138,33,25,181,113,2021-04-22,Barcelona,Barcelona Open,Outdoor,Clay,4.5,1.2,0
Ramos-Vinolas A.,82,437,204,233,17,31,187,202,Rublev A.,7,392,255,137,57,34,198,103,2021-04-22,Barcelona,Barcelona Open,Outdoor,Clay,5.0,1.16,0
Auger-Aliassime F.,12,268,163,105,48,22,115,83,Shapovalov D.,29,298,166,132,30,27,136,105,2021-04-22,Barcelona,Barcelona Open,Outdoor,Clay,1.8,2.0,1
Bautista Agut R.,25,379,234,145,31,29,203,116,Sinner J.,8,224,153,71,42,19,111,52,2021-04-22,Barcelona,Barcelona Open,Outdoor,Clay,2.1,1.72,0
De Minaur A.,19,272,161,111,30,19,131,92,Tsitsipas S.,5,390,264,126,49,32,215,94,2021-04-22,Barcelona,Barcelona Open,Outdoor,Clay,7.0,1.1,0
Lajovic D.,66,378,163,215,21,36,142,179,Delbonis F.,131,340,152,188,19,23,133,165,2021-04-22,Belgrade,Serbia Open,Outdoor,Clay,1.8,2.0,0
Nishikori K.,439,617,408,209,70,33,338,176,Nadal R.,2,1223,1017,206,76,40,941,166,2021-04-22,Barcelona,Barcelona Open,Outdoor,Clay,8.0,1.08,0
Moutet C.,80,118,50,68,5,11,45,57,Schwartzman D.,95,428,233,195,32,27,201,168,2021-04-22,Barcelona,Barcelona Open,Outdoor,Clay,4.33,1.22,0
Mager G.,67,59,24,35,3,7,21,28,Popyrin A.,90,140,59,81,9,13,50,68,2021-04-22,Belgrade,Serbia Open,Outdoor,Clay,1.9,1.9,1
Bedene A.,347,291,131,160,18,23,113,137,Karatsev A.,75,136,66,70,10,22,56,48,2021-04-22,Belgrade,Serbia Open,Outdoor,Clay,2.75,1.44,0
Norrie C.,13,287,172,115,15,18,157,97,Goffin D.,123,522,296,226,66,52,230,174,2021-04-22,Barcelona,Barcelona Open,Outdoor,Clay,3.0,1.4,1
Millman J.,140,256,113,143,21,22,92,121,Daniel T.,111,178,67,111,3,10,64,101,2021-04-22,Belgrade,Serbia Open,Outdoor,Clay,1.66,2.2,0
Krajinovic F.,93,240,115,125,38,34,77,91,Berrettini M.,38,217,142,75,14,11,128,64,2021-04-23,Belgrade,Serbia Open,Outdoor,Clay,1.9,1.9,0
Djokovic N.,2,1207,1012,195,146,42,866,153,Kecmanovic M.,40,210,107,103,12,16,95,87,2021-04-23,Belgrade,Serbia Open,Outdoor,Clay,1.05,11.0,1
Daniel T.,111,178,67,111,3,10,64,101,Delbonis F.,131,340,152,188,19,23,133,165,2021-04-23,Belgrade,Serbia Open,Outdoor,Clay,2.75,1.44,1
Karatsev A.,75,136,66,70,10,22,56,48,Mager G.,67,59,24,35,3,7,21,28,2021-04-23,Belgrade,Serbia Open,Outdoor,Clay,1.44,2.75,1
Sinner J.,8,224,153,71,42,19,111,52,Rublev A.,7,392,255,137,57,34,198,103,2021-04-23,Barcelona,Barcelona Open,Outdoor,Clay,1.72,2.1,1
Schwartzman D.,95,428,233,195,32,27,201,168,Carreno Busta P.,16,352,214,138,33,25,181,113,2021-04-23,Barcelona,Barcelona Open,Outdoor,Clay,1.72,2.1,0
Norrie C.,13,287,172,115,15,18,157,97,Nadal R.,2,1223,1017,206,76,40,941,166,2021-04-23,Barcelona,Barcelona Open,Outdoor,Clay,11.0,1.05,0
Tsitsipas S.,5,390,264,126,49,32,215,94,Auger-Aliassime F.,12,268,163,105,48,22,115,83,2021-04-23,Barcelona,Barcelona Open,Outdoor,Clay,1.3,3.5,1
Carreno Busta P.,16,352,214,138,33,25,181,113,Nadal R.,2,1223,1017,206,76,40,941,166,2021-04-24,Barcelona,Barcelona Open,Outdoor,Clay,5.5,1.14,0
Tsitsipas S.,5,390,264,126,49,32,215,94,Sinner J.,8,224,153,71,42,19,111,52,2021-04-24,Barcelona,Barcelona Open,Outdoor,Clay,1.44,2.75,1
Djokovic N.,2,1207,1012,195,146,42,866,153,Karatsev A.,75,136,66,70,10,22,56,48,2021-04-24,Belgrade,Serbia Open,Outdoor,Clay,1.12,6.0,0
Daniel T.,111,178,67,111,3,10,64,101,Berrettini M.,38,217,142,75,14,11,128,64,2021-04-24,Belgrade,Serbia Open,Outdoor,Clay,5.5,1.14,0
Tsitsipas S.,5,390,264,126,49,32,215,94,Nadal R.,2,1223,1017,206,76,40,941,166,2021-04-25,Barcelona,Barcelona Open,Outdoor,Clay,2.37,1.57,0
Karatsev A.,75,136,66,70,10,22,56,48,Berrettini M.,38,217,142,75,14,11,128,64,2021-04-25,Belgrade,Serbia Open,Outdoor,Clay,1.8,2.0,0
Coria F.,108,99,43,56,2,6,41,50,Stebe C.M.,231,76,28,48,4,7,24,41,2021-04-26,Munich,BMW Open,Outdoor,Clay,2.2,1.66,1
Marterer M.,144,91,31,60,2,8,29,52,Berankis R.,212,249,104,145,36,31,68,114,2021-04-26,Munich,BMW Open,Outdoor,Clay,1.72,2.1,0
Gerasimov E.,150,93,43,50,19,19,24,31,Pella G.,199,260,118,142,14,16,104,126,2021-04-26,Munich,BMW Open,Outdoor,Clay,2.75,1.44,0
Ruusuvuori E.,55,158,79,79,16,18,63,61,Ivashka I.,113,159,78,81,19,18,59,63,2021-04-26,Munich,BMW Open,Outdoor,Clay,3.2,1.36,0
Popyrin A.,90,140,59,81,9,13,50,68,Millman J.,140,256,113,143,21,22,92,121,2021-04-26,Munich,BMW Open,Outdoor,Clay,1.61,2.3,0
Munar J.,104,178,75,103,7,12,68,91,Chardy J.,542,591,289,302,44,48,245,254,2021-04-26,Estoril,Millennium Estoril Open,Outdoor,Clay,1.53,2.5,0
Andujar P.,323,404,164,240,12,30,152,210,Davidovich Fokina A.,39,168,84,84,17,20,67,64,2021-04-26,Estoril,Millennium Estoril Open,Outdoor,Clay,3.2,1.36,0
Thompson J.,71,221,96,125,10,10,86,115,Borges N.,69,28,10,18,1,1,9,17,2021-04-26,Estoril,Millennium Estoril Open,Outdoor,Clay,2.37,1.57,0
Tiafoe F.,10,303,158,145,24,23,134,122,Anderson K.,652,598,347,251,48,38,299,213,2021-04-26,Estoril,Millennium Estoril Open,Outdoor,Clay,1.36,3.2,0
Martinez P.,135,118,50,68,7,6,43,62,Bublik A.,25,219,110,109,39,30,71,79,2021-04-27,Estoril,Millennium Estoril Open,Outdoor,Clay,1.8,2.0,1
Galan D.E.,76,78,33,45,3,5,30,40,Korda S.,26,126,75,51,15,9,60,42,2021-04-27,Munich,BMW Open,Outdoor,Clay,3.2,1.36,1
Daniel T.,111,178,67,111,3,10,64,101,Hanfmann Y.,50,99,50,49,5,4,45,45,2021-04-27,Munich,BMW Open,Outdoor,Clay,3.0,1.4,0
Kohlschreiber P.,132,812,446,366,76,73,370,293,Koepfer D.,84,86,38,48,3,3,35,45,2021-04-27,Munich,BMW Open,Outdoor,Clay,2.5,1.53,0
Monteiro T.,121,171,69,102,9,11,60,91,Basilashvili N.,118,301,138,163,26,34,112,129,2021-04-27,Munich,BMW Open,Outdoor,Clay,1.66,2.2,0
Lajovic D.,66,378,163,215,21,36,142,179,Mcdonald M.,60,190,87,103,11,15,76,88,2021-04-27,Munich,BMW Open,Outdoor,Clay,1.57,2.37,0
Sandgren T.,153,121,47,74,2,9,45,65,Cuevas P.,149,421,210,211,34,25,176,186,2021-04-27,Munich,BMW Open,Outdoor,Clay,1.61,2.3,0
Londero J.I.,142,83,34,49,3,5,31,44,Gasquet R.,48,948,581,367,133,82,448,285,2021-04-27,Estoril,Millennium Estoril Open,Outdoor,Clay,2.75,1.44,0
Martin A.,723,258,107,151,6,13,101,138,Struff J.L.,21,369,170,199,43,42,127,157,2021-04-27,Munich,BMW Open,Outdoor,Clay,3.4,1.33,0
Cecchinato M.,108,204,79,125,2,14,77,111,Harris L.,186,129,59,70,7,8,52,62,2021-04-27,Estoril,Millennium Estoril Open,Outdoor,Clay,1.5,2.62,1
Sousa J.,147,436,189,247,42,44,147,203,Norrie C.,13,287,172,115,15,18,157,97,2021-04-27,Estoril,Millennium Estoril Open,Outdoor,Clay,3.4,1.33,0
Simon G.,188,869,491,378,135,94,356,284,Herbert P.H.,157,202,89,113,31,38,58,75,2021-04-27,Estoril,Millennium Estoril Open,Outdoor,Clay,2.37,1.57,0
Alcaraz C.,1,164,130,34,10,5,120,29,Cilic M.,100,853,543,310,119,65,424,245,2021-04-27,Estoril,Millennium Estoril Open,Outdoor,Clay,1.57,2.37,0
Moutet C.,80,118,50,68,5,11,45,57,Giron M.,69,150,68,82,20,14,48,68,2021-04-27,Estoril,Millennium Estoril Open,Outdoor,Clay,1.28,3.75,1
Ramos-Vinolas A.,82,437,204,233,17,31,187,202,Verdasco F.,244,962,537,425,79,79,458,346,2021-04-27,Estoril,Millennium Estoril Open,Outdoor,Clay,1.2,4.5,1
Mcdonald M.,60,190,87,103,11,15,76,88,Ivashka I.,113,159,78,81,19,18,59,63,2021-04-28,Munich,BMW Open,Outdoor,Clay,2.62,1.5,0
Zverev A.,19,500,346,154,60,31,286,123,Berankis R.,212,249,104,145,36,31,68,114,2021-04-28,Munich,BMW Open,Outdoor,Clay,1.11,6.5,1
Millman J.,140,256,113,143,21,22,92,121,Pella G.,199,260,118,142,14,16,104,126,2021-04-28,Munich,BMW Open,Outdoor,Clay,2.2,1.66,1
Anderson K.,652,598,347,251,48,38,299,213,Carballes Baena R.,64,207,91,116,11,10,80,106,2021-04-28,Estoril,Millennium Estoril Open,Outdoor,Clay,1.57,2.37,1
Cilic M.,100,853,543,310,119,65,424,245,Borges N.,69,28,10,18,1,1,9,17,2021-04-28,Estoril,Millennium Estoril Open,Outdoor,Clay,1.5,2.62,1
Cecchinato M.,108,204,79,125,2,14,77,111,Humbert U.,36,170,80,90,23,21,57,69,2021-04-28,Estoril,Millennium Estoril Open,Outdoor,Clay,1.61,2.3,0
Cuevas P.,149,421,210,211,34,25,176,186,Ruud C.,4,275,176,99,19,16,157,83,2021-04-28,Munich,BMW Open,Outdoor,Clay,5.0,1.16,0
Chardy J.,542,591,289,302,44,48,245,254,Davidovich Fokina A.,39,168,84,84,17,20,67,64,2021-04-28,Estoril,Millennium Estoril Open,Outdoor,Clay,2.62,1.5,0
Gombos N.,114,66,21,45,6,14,15,31,Coria F.,108,99,43,56,2,6,41,50,2021-04-29,Munich,BMW Open,Outdoor,Clay,1.72,2.1,1
Struff J.L.,21,369,170,199,43,42,127,157,Koepfer D.,84,86,38,48,3,3,35,45,2021-04-29,Munich,BMW Open,Outdoor,Clay,1.61,2.3,1
Krajinovic F.,93,240,115,125,38,34,77,91,Hanfmann Y.,50,99,50,49,5,4,45,45,2021-04-29,Munich,BMW Open,Outdoor,Clay,1.44,2.75,1
Ramos-Vinolas A.,82,437,204,233,17,31,187,202,Herbert P.H.,157,202,89,113,31,38,58,75,2021-04-29,Estoril,Millennium Estoril Open,Outdoor,Clay,1.44,2.75,1
Garin C.,101,190,103,87,15,13,88,74,Gasquet R.,48,948,581,367,133,82,448,285,2021-04-29,Estoril,Millennium Estoril Open,Outdoor,Clay,1.33,3.4,1
Basilashvili N.,118,301,138,163,26,34,112,129,Galan D.E.,76,78,33,45,3,5,30,40,2021-04-29,Munich,BMW Open,Outdoor,Clay,1.8,2.0,1
Moutet C.,80,118,50,68,5,11,45,57,Shapovalov D.,29,298,166,132,30,27,136,105,2021-04-29,Estoril,Millennium Estoril Open,Outdoor,Clay,2.62,1.5,1
Martinez P.,135,118,50,68,7,6,43,62,Norrie C.,13,287,172,115,15,18,157,97,2021-04-29,Estoril,Millennium Estoril Open,Outdoor,Clay,2.1,1.72,0
Humbert U.,36,170,80,90,23,21,57,69,Davidovich Fokina A.,39,168,84,84,17,20,67,64,2021-04-30,Estoril,Millennium Estoril Open,Outdoor,Clay,3.0,1.4,0
Ivashka I.,113,159,78,81,19,18,59,63,Zverev A.,19,500,346,154,60,31,286,123,2021-04-30,Munich,BMW Open,Outdoor,Clay,3.75,1.28,1
Struff J.L.,21,369,170,199,43,42,127,157,Krajinovic F.,93,240,115,125,38,34,77,91,2021-04-30,Munich,BMW Open,Outdoor,Clay,2.5,1.53,1
Ramos-Vinolas A.,82,437,204,233,17,31,187,202,Moutet C.,80,118,50,68,5,11,45,57,2021-04-30,Estoril,Millennium Estoril Open,Outdoor,Clay,1.61,2.3,1
Norrie C.,13,287,172,115,15,18,157,97,Garin C.,101,190,103,87,15,13,88,74,2021-04-30,Estoril,Millennium Estoril Open,Outdoor,Clay,2.75,1.44,1
Anderson K.,652,598,347,251,48,38,299,213,Cilic M.,100,853,543,310,119,65,424,245,2021-04-30,Estoril,Millennium Estoril Open,Outdoor,Clay,2.0,1.8,0
Millman J.,140,256,113,143,21,22,92,121,Ruud C.,4,275,176,99,19,16,157,83,2021-05-01,Munich,BMW Open,Outdoor,Clay,6.0,1.12,0
Ramos-Vinolas A.,82,437,204,233,17,31,187,202,Davidovich Fokina A.,39,168,84,84,17,20,67,64,2021-05-01,Estoril,Millennium Estoril Open,Outdoor,Clay,2.3,1.61,1
Cilic M.,100,853,543,310,119,65,424,245,Norrie C.,13,287,172,115,15,18,157,97,2021-05-01,Estoril,Millennium Estoril Open,Outdoor,Clay,2.0,1.8,0
Gombos N.,114,66,21,45,6,14,15,31,Basilashvili N.,118,301,138,163,26,34,112,129,2021-05-01,Munich,BMW Open,Outdoor,Clay,2.37,1.57,0
Struff J.L.,21,369,170,199,43,42,127,157,Ivashka I.,113,159,78,81,19,18,59,63,2021-05-01,Munich,BMW Open,Outdoor,Clay,2.37,1.57,1
Ruud C.,4,275,176,99,19,16,157,83,Basilashvili N.,118,301,138,163,26,34,112,129,2021-05-01,Munich,BMW Open,Outdoor,Clay,1.28,3.75,0
De Minaur A.,19,272,161,111,30,19,131,92,Munar J.,104,178,75,103,7,12,68,91,2021-05-02,Madrid,Mutua Madrid Open,Outdoor,Clay,1.9,1.9,1
Fucsovics M.,67,249,121,128,26,24,95,104,Bublik A.,25,219,110,109,39,30,71,79,2021-05-02,Madrid,Mutua Madrid Open,Outdoor,Clay,1.53,2.5,0
Lajovic D.,66,378,163,215,21,36,142,179,Shapovalov D.,29,298,166,132,30,27,136,105,2021-05-02,Madrid,Mutua Madrid Open,Outdoor,Clay,2.62,1.5,0
Norrie C.,13,287,172,115,15,18,157,97,Ramos-Vinolas A.,82,437,204,233,17,31,187,202,2021-05-02,Estoril,Millennium Estoril Open,Outdoor,Clay,2.37,1.57,0
Paul T.,14,204,111,93,19,13,92,80,Martinez P.,135,118,50,68,7,6,43,62,2021-05-02,Madrid,Mutua Madrid Open,Outdoor,Clay,2.2,1.66,1
Basilashvili N.,118,301,138,163,26,34,112,129,Struff J.L.,21,369,170,199,43,42,127,157,2021-05-02,Munich,BMW Open,Outdoor,Clay,1.72,2.1,1
Taberner C.,181,37,13,24,4,6,9,18,Fognini F.,128,742,383,359,39,48,344,311,2021-05-03,Madrid,Mutua Madrid Open,Outdoor,Clay,2.37,1.57,0
Delbonis F.,131,340,152,188,19,23,133,165,Carreno Busta P.,16,352,214,138,33,25,181,113,2021-05-03,Madrid,Mutua Madrid Open,Outdoor,Clay,3.5,1.3,1
Garin C.,101,190,103,87,15,13,88,74,Verdasco F.,244,962,537,425,79,79,458,346,2021-05-03,Madrid,Mutua Madrid Open,Outdoor,Clay,1.16,5.0,1
Giron M.,69,150,68,82,20,14,48,68,Andujar P.,323,404,164,240,12,30,152,210,2021-05-03,Madrid,Mutua Madrid Open,Outdoor,Clay,2.75,1.44,1
Alcaraz C.,1,164,130,34,10,5,120,29,Mannarino A.,27,567,264,303,60,73,204,230,2021-05-03,Madrid,Mutua Madrid Open,Outdoor,Clay,1.2,4.5,1
Koepfer D.,84,86,38,48,3,3,35,45,Opelka R.,17,168,88,80,17,10,71,70,2021-05-03,Madrid,Mutua Madrid Open,Outdoor,Clay,1.72,2.1,1
Karatsev A.,75,136,66,70,10,22,56,48,Humbert U.,36,170,80,90,23,21,57,69,2021-05-03,Madrid,Mutua Madrid Open,Outdoor,Clay,1.3,3.5,1
Kecmanovic M.,40,210,107,103,12,16,95,87,Isner J.,114,755,465,290,53,45,412,245,2021-05-03,Madrid,Mutua Madrid Open,Outdoor,Clay,1.66,2.2,0
Harris L.,186,129,59,70,7,8,52,62,Dimitrov G.,20,651,389,262,79,50,310,212,2021-05-03,Madrid,Mutua Madrid Open,Outdoor,Clay,3.2,1.36,1
Chardy J.,542,591,289,302,44,48,245,254,Evans D.,30,251,124,127,18,16,106,111,2021-05-03,Madrid,Mutua Madrid Open,Outdoor,Clay,2.2,1.66,0
Harris L.,186,129,59,70,7,8,52,62,De Minaur A.,19,272,161,111,30,19,131,92,2021-05-04,Madrid,Mutua Madrid Open,Outdoor,Clay,2.5,1.53,0
Thiem D.,116,517,327,190,53,39,274,151,Giron M.,69,150,68,82,20,14,48,68,2021-05-04,Madrid,Mutua Madrid Open,Outdoor,Clay,1.16,5.0,1
Berrettini M.,38,217,142,75,14,11,128,64,Fognini F.,128,742,383,359,39,48,344,311,2021-05-04,Madrid,Mutua Madrid Open,Outdoor,Clay,1.33,3.4,1
Shapovalov D.,29,298,166,132,30,27,136,105,Bublik A.,25,219,110,109,39,30,71,79,2021-05-04,Madrid,Mutua Madrid Open,Outdoor,Clay,1.44,2.75,0
Paul T.,14,204,111,93,19,13,92,80,Rublev A.,7,392,255,137,57,34,198,103,2021-05-04,Madrid,Mutua Madrid Open,Outdoor,Clay,6.5,1.11,0
Basilashvili N.,118,301,138,163,26,34,112,129,Paire B.,149,527,237,290,39,56,198,234,2021-05-04,Madrid,Mutua Madrid Open,Outdoor,Clay,1.22,4.33,0
Bautista Agut R.,25,379,234,145,31,29,203,116,Cecchinato M.,108,204,79,125,2,14,77,111,2021-05-04,Madrid,Mutua Madrid Open,Outdoor,Clay,1.3,3.5,1
Fritz T.,9,356,205,151,26,22,179,129,Ramos-Vinolas A.,82,437,204,233,17,31,187,202,2021-05-04,Madrid,Mutua Madrid Open,Outdoor,Clay,1.72,2.1,0
Struff J.L.,21,369,170,199,43,42,127,157,Popyrin A.,90,140,59,81,9,13,50,68,2021-05-04,Madrid,Mutua Madrid Open,Outdoor,Clay,1.8,2.0,0
Krajinovic F.,93,240,115,125,38,34,77,91,Nishioka Y.,31,215,99,116,15,15,84,101,2021-05-04,Madrid,Mutua Madrid Open,Outdoor,Clay,1.16,5.0,0
Davidovich Fokina A.,39,168,84,84,17,20,67,64,Herbert P.H.,157,202,89,113,31,38,58,75,2021-05-04,Madrid,Mutua Madrid Open,Outdoor,Clay,1.57,2.37,1
Nishikori K.,439,617,408,209,70,33,338,176,Khachanov K.,11,378,217,161,44,38,173,123,2021-05-04,Madrid,Mutua Madrid Open,Outdoor,Clay,1.8,2.0,1
Auger-Aliassime F.,12,268,163,105,48,22,115,83,Ruud C.,4,275,176,99,19,16,157,83,2021-05-04,Madrid,Mutua Madrid Open,Outdoor,Clay,1.8,2.0,0
Hurkacz H.,17,238,137,101,27,24,110,77,Millman J.,140,256,113,143,21,22,92,121,2021-05-04,Madrid,Mutua Madrid Open,Outdoor,Clay,1.44,2.75,0
Pella G.,199,260,118,142,14,16,104,126,Sinner J.,8,224,153,71,42,19,111,52,2021-05-04,Madrid,Mutua Madrid Open,Outdoor,Clay,8.0,1.08,0
Paire B.,149,527,237,290,39,56,198,234,Tsitsipas S.,5,390,264,126,49,32,215,94,2021-05-05,Madrid,Mutua Madrid Open,Outdoor,Clay,11.0,1.05,0
Nishioka Y.,31,215,99,116,15,15,84,101,Ruud C.,4,275,176,99,19,16,157,83,2021-05-05,Madrid,Mutua Madrid Open,Outdoor,Clay,6.5,1.11,0
Popyrin A.,90,140,59,81,9,13,50,68,Sinner J.,8,224,153,71,42,19,111,52,2021-05-05,Madrid,Mutua Madrid Open,Outdoor,Clay,5.5,1.14,1
Alcaraz C.,1,164,130,34,10,5,120,29,Nadal R.,2,1223,1017,206,76,40,941,166,2021-05-05,Madrid,Mutua Madrid Open,Outdoor,Clay,8.0,1.08,0
Delbonis F.,131,340,152,188,19,23,133,165,Ramos-Vinolas A.,82,437,204,233,17,31,187,202,2021-05-05,Madrid,Mutua Madrid Open,Outdoor,Clay,1.57,2.37,1
Bautista Agut R.,25,379,234,145,31,29,203,116,Isner J.,114,755,465,290,53,45,412,245,2021-05-05,Madrid,Mutua Madrid Open,Outdoor,Clay,1.28,3.75,0
Millman J.,140,256,113,143,21,22,92,121,Evans D.,30,251,124,127,18,16,106,111,2021-05-05,Madrid,Mutua Madrid Open,Outdoor,Clay,3.0,1.4,0
Medvedev D.,3,406,289,117,69,27,220,90,Davidovich Fokina A.,39,168,84,84,17,20,67,64,2021-05-05,Madrid,Mutua Madrid Open,Outdoor,Clay,1.57,2.37,1
Schwartzman D.,95,428,233,195,32,27,201,168,Karatsev A.,75,136,66,70,10,22,56,48,2021-05-05,Madrid,Mutua Madrid Open,Outdoor,Clay,2.3,1.61,0
Koepfer D.,84,86,38,48,3,3,35,45,Garin C.,101,190,103,87,15,13,88,74,2021-05-05,Madrid,Mutua Madrid Open,Outdoor,Clay,3.0,1.4,0
Nishikori K.,439,617,408,209,70,33,338,176,Zverev A.,19,500,346,154,60,31,286,123,2021-05-05,Madrid,Mutua Madrid Open,Outdoor,Clay,2.75,1.44,0
Karatsev A.,75,136,66,70,10,22,56,48,Bublik A.,25,219,110,109,39,30,71,79,2021-05-06,Madrid,Mutua Madrid Open,Outdoor,Clay,1.3,3.5,0
De Minaur A.,19,272,161,111,30,19,131,92,Thiem D.,116,517,327,190,53,39,274,151,2021-05-06,Madrid,Mutua Madrid Open,Outdoor,Clay,4.0,1.25,0
Medvedev D.,3,406,289,117,69,27,220,90,Garin C.,101,190,103,87,15,13,88,74,2021-05-06,Madrid,Mutua Madrid Open,Outdoor,Clay,1.61,2.3,0
Popyrin A.,90,140,59,81,9,13,50,68,Nadal R.,2,1223,1017,206,76,40,941,166,2021-05-06,Madrid,Mutua Madrid Open,Outdoor,Clay,13.0,1.04,0
Rublev A.,7,392,255,137,57,34,198,103,Isner J.,114,755,465,290,53,45,412,245,2021-05-06,Madrid,Mutua Madrid Open,Outdoor,Clay,1.3,3.5,0
Tsitsipas S.,5,390,264,126,49,32,215,94,Ruud C.,4,275,176,99,19,16,157,83,2021-05-06,Madrid,Mutua Madrid Open,Outdoor,Clay,1.25,4.0,0
Evans D.,30,251,124,127,18,16,106,111,Zverev A.,19,500,346,154,60,31,286,123,2021-05-06,Madrid,Mutua Madrid Open,Outdoor,Clay,4.0,1.25,0
Delbonis F.,131,340,152,188,19,23,133,165,Berrettini M.,38,217,142,75,14,11,128,64,2021-05-06,Madrid,Mutua Madrid Open,Outdoor,Clay,4.0,1.25,0
Berrettini M.,38,217,142,75,14,11,128,64,Garin C.,101,190,103,87,15,13,88,74,2021-05-07,Madrid,Mutua Madrid Open,Outdoor,Clay,1.53,2.5,1
Ruud C.,4,275,176,99,19,16,157,83,Bublik A.,25,219,110,109,39,30,71,79,2021-05-07,Madrid,Mutua Madrid Open,Outdoor,Clay,1.3,3.5,1
Zverev A.,19,500,346,154,60,31,286,123,Nadal R.,2,1223,1017,206,76,40,941,166,2021-05-07,Madrid,Mutua Madrid Open,Outdoor,Clay,4.33,1.22,1
Thiem D.,116,517,327,190,53,39,274,151,Isner J.,114,755,465,290,53,45,412,245,2021-05-07,Madrid,Mutua Madrid Open,Outdoor,Clay,1.28,3.75,1
Zverev A.,19,500,346,154,60,31,286,123,Thiem D.,116,517,327,190,53,39,274,151,2021-05-08,Madrid,Mutua Madrid Open,Outdoor,Clay,1.72,2.1,1
Berrettini M.,38,217,142,75,14,11,128,64,Ruud C.,4,275,176,99,19,16,157,83,2021-05-08,Madrid,Mutua Madrid Open,Outdoor,Clay,2.2,1.66,1
Zverev A.,19,500,346,154,60,31,286,123,Berrettini M.,38,217,142,75,14,11,128,64,2021-05-09,Madrid,Mutua Madrid Open,Outdoor,Clay,1.61,2.3,1
Krajinovic F.,93,240,115,125,38,34,77,91,Auger-Aliassime F.,12,268,163,105,48,22,115,83,2021-05-09,Rome,Internazionali BNL d'Italia,Outdoor,Clay,2.1,1.72,0
Djere L.,38,243,120,123,10,22,110,101,Carreno Busta P.,16,352,214,138,33,25,181,113,2021-05-09,Rome,Internazionali BNL d'Italia,Outdoor,Clay,3.2,1.36,0
Opelka R.,17,168,88,80,17,10,71,70,Gasquet R.,48,948,581,367,133,82,448,285,2021-05-09,Rome,Internazionali BNL d'Italia,Outdoor,Clay,2.1,1.72,1
Goffin D.,123,522,296,226,66,52,230,174,Caruso S.,146,63,19,44,5,9,14,35,2021-05-09,Rome,Internazionali BNL d'Italia,Outdoor,Clay,1.4,3.0,1
Mannarino A.,27,567,264,303,60,73,204,230,Dellien H.,164,70,22,48,5,5,17,43,2021-05-10,Rome,Internazionali BNL d'Italia,Outdoor,Clay,3.5,1.3,0
Bublik A.,25,219,110,109,39,30,71,79,Cilic M.,100,853,543,310,119,65,424,245,2021-05-10,Rome,Internazionali BNL d'Italia,Outdoor,Clay,2.1,1.72,0
Bedene A.,347,291,131,160,18,23,113,137,Struff J.L.,21,369,170,199,43,42,127,157,2021-05-10,Rome,Internazionali BNL d'Italia,Outdoor,Clay,2.5,1.53,0
Hurkacz H.,17,238,137,101,27,24,110,77,Musetti L.,18,143,79,64,12,12,67,52,2021-05-10,Rome,Internazionali BNL d'Italia,Outdoor,Clay,2.37,1.57,0
Mager G.,67,59,24,35,3,7,21,28,De Minaur A.,19,272,161,111,30,19,131,92,2021-05-10,Rome,Internazionali BNL d'Italia,Outdoor,Clay,2.62,1.5,1
Harris L.,186,129,59,70,7,8,52,62,Garin C.,101,190,103,87,15,13,88,74,2021-05-10,Rome,Internazionali BNL d'Italia,Outdoor,Clay,4.0,1.25,0
Paire B.,149,527,237,290,39,56,198,234,Travaglia S.,1024,81,27,54,5,12,22,42,2021-05-10,Rome,Internazionali BNL d'Italia,Outdoor,Clay,3.5,1.3,0
Delbonis F.,131,340,152,188,19,23,133,165,Khachanov K.,11,378,217,161,44,38,173,123,2021-05-10,Rome,Internazionali BNL d'Italia,Outdoor,Clay,2.0,1.8,1
Fognini F.,128,742,383,359,39,48,344,311,Nishikori K.,439,617,408,209,70,33,338,176,2021-05-10,Rome,Internazionali BNL d'Italia,Outdoor,Clay,2.1,1.72,0
Karatsev A.,75,136,66,70,10,22,56,48,Kecmanovic M.,40,210,107,103,12,16,95,87,2021-05-10,Rome,Internazionali BNL d'Italia,Outdoor,Clay,1.3,3.5,1
Fucsovics M.,67,249,121,128,26,24,95,104,Nishioka Y.,31,215,99,116,15,15,84,101,2021-05-10,Rome,Internazionali BNL d'Italia,Outdoor,Clay,,,1
Evans D.,30,251,124,127,18,16,106,111,Fritz T.,9,356,205,151,26,22,179,129,2021-05-10,Rome,Internazionali BNL d'Italia,Outdoor,Clay,1.61,2.3,0
Humbert U.,36,170,80,90,23,21,57,69,Sinner J.,8,224,153,71,42,19,111,52,2021-05-10,Rome,Internazionali BNL d'Italia,Outdoor,Clay,5.0,1.16,0
Auger-Aliassime F.,12,268,163,105,48,22,115,83,Schwartzman D.,95,428,233,195,32,27,201,168,2021-05-11,Rome,Internazionali BNL d'Italia,Outdoor,Clay,2.5,1.53,1
Carreno Busta P.,16,352,214,138,33,25,181,113,Nishikori K.,439,617,408,209,70,33,338,176,2021-05-11,Rome,Internazionali BNL d'Italia,Outdoor,Clay,1.9,1.9,0
Musetti L.,18,143,79,64,12,12,67,52,Opelka R.,17,168,88,80,17,10,71,70,2021-05-11,Rome,Internazionali BNL d'Italia,Outdoor,Clay,1.33,3.4,0
Berrettini M.,38,217,142,75,14,11,128,64,Basilashvili N.,118,301,138,163,26,34,112,129,2021-05-11,Rome,Internazionali BNL d'Italia,Outdoor,Clay,1.33,3.4,1
Monfils G.,323,816,510,306,131,65,379,241,Sonego L.,43,221,107,114,19,17,88,97,2021-05-11,Rome,Internazionali BNL d'Italia,Outdoor,Clay,4.0,1.25,0
Fritz T.,9,356,205,151,26,22,179,129,Djokovic N.,2,1207,1012,195,146,42,866,153,2021-05-11,Rome,Internazionali BNL d'Italia,Outdoor,Clay,6.5,1.11,0
Norrie C.,13,287,172,115,15,18,157,97,Carballes Baena R.,64,207,91,116,11,10,80,106,2021-05-11,Rome,Internazionali BNL d'Italia,Outdoor,Clay,1.4,3.0,1
Paul T.,14,204,111,93,19,13,92,80,Bautista Agut R.,25,379,234,145,31,29,203,116,2021-05-11,Rome,Internazionali BNL d'Italia,Outdoor,Clay,3.5,1.3,0
Dimitrov G.,20,651,389,262,79,50,310,212,Davidovich Fokina A.,39,168,84,84,17,20,67,64,2021-05-11,Rome,Internazionali BNL d'Italia,Outdoor,Clay,2.2,1.66,0
Millman J.,140,256,113,143,21,22,92,121,Lajovic D.,66,378,163,215,21,36,142,179,2021-05-11,Rome,Internazionali BNL d'Italia,Outdoor,Clay,2.2,1.66,1
Shapovalov D.,29,298,166,132,30,27,136,105,Majchrzak K.,121,50,19,31,3,4,16,27,2021-05-11,Rome,Internazionali BNL d'Italia,Outdoor,Clay,1.36,3.2,1
Nadal R.,2,1223,1017,206,76,40,941,166,Sinner J.,8,224,153,71,42,19,111,52,2021-05-12,Rome,Internazionali BNL d'Italia,Outdoor,Clay,1.22,4.33,1
Millman J.,140,256,113,143,21,22,92,121,Berrettini M.,38,217,142,75,14,11,128,64,2021-05-12,Rome,Internazionali BNL d'Italia,Outdoor,Clay,5.5,1.14,0
Travaglia S.,1024,81,27,54,5,12,22,42,Shapovalov D.,29,298,166,132,30,27,136,105,2021-05-12,Rome,Internazionali BNL d'Italia,Outdoor,Clay,2.75,1.44,0
Cilic M.,100,853,543,310,119,65,424,245,Tsitsipas S.,5,390,264,126,49,32,215,94,2021-05-12,Rome,Internazionali BNL d'Italia,Outdoor,Clay,7.0,1.1,0
Delbonis F.,131,340,152,188,19,23,133,165,Goffin D.,123,522,296,226,66,52,230,174,2021-05-12,Rome,Internazionali BNL d'Italia,Outdoor,Clay,2.1,1.72,1
Medvedev D.,3,406,289,117,69,27,220,90,Karatsev A.,75,136,66,70,10,22,56,48,2021-05-12,Rome,Internazionali BNL d'Italia,Outdoor,Clay,2.0,1.8,0
Mager G.,67,59,24,35,3,7,21,28,Sonego L.,43,221,107,114,19,17,88,97,2021-05-12,Rome,Internazionali BNL d'Italia,Outdoor,Clay,2.2,1.66,0
Rublev A.,7,392,255,137,57,34,198,103,Struff J.L.,21,369,170,199,43,42,127,157,2021-05-12,Rome,Internazionali BNL d'Italia,Outdoor,Clay,1.16,5.0,1
Norrie C.,13,287,172,115,15,18,157,97,Davidovich Fokina A.,39,168,84,84,17,20,67,64,2021-05-12,Rome,Internazionali BNL d'Italia,Outdoor,Clay,2.5,1.53,0
Bautista Agut R.,25,379,234,145,31,29,203,116,Garin C.,101,190,103,87,15,13,88,74,2021-05-12,Rome,Internazionali BNL d'Italia,Outdoor,Clay,1.72,2.1,1
Fucsovics M.,67,249,121,128,26,24,95,104,Thiem D.,116,517,327,190,53,39,274,151,2021-05-12,Rome,Internazionali BNL d'Italia,Outdoor,Clay,3.75,1.28,0
Zverev A.,19,500,346,154,60,31,286,123,Dellien H.,164,70,22,48,5,5,17,43,2021-05-12,Rome,Internazionali BNL d'Italia,Outdoor,Clay,1.07,9.0,1
Zverev A.,19,500,346,154,60,31,286,123,Nishikori K.,439,617,408,209,70,33,338,176,2021-05-13,Rome,Internazionali BNL d'Italia,Outdoor,Clay,1.25,4.0,1
Bautista Agut R.,25,379,234,145,31,29,203,116,Rublev A.,7,392,255,137,57,34,198,103,2021-05-13,Rome,Internazionali BNL d'Italia,Outdoor,Clay,2.37,1.57,0
Delbonis F.,131,340,152,188,19,23,133,165,Auger-Aliassime F.,12,268,163,105,48,22,115,83,2021-05-13,Rome,Internazionali BNL d'Italia,Outdoor,Clay,2.37,1.57,1
Sonego L.,43,221,107,114,19,17,88,97,Thiem D.,116,517,327,190,53,39,274,151,2021-05-13,Rome,Internazionali BNL d'Italia,Outdoor,Clay,3.75,1.28,1
Tsitsipas S.,5,390,264,126,49,32,215,94,Berrettini M.,38,217,142,75,14,11,128,64,2021-05-13,Rome,Internazionali BNL d'Italia,Outdoor,Clay,1.4,3.0,1
Djokovic N.,2,1207,1012,195,146,42,866,153,Davidovich Fokina A.,39,168,84,84,17,20,67,64,2021-05-13,Rome,Internazionali BNL d'Italia,Outdoor,Clay,1.16,5.0,1
Opelka R.,17,168,88,80,17,10,71,70,Karatsev A.,75,136,66,70,10,22,56,48,2021-05-13,Rome,Internazionali BNL d'Italia,Outdoor,Clay,3.4,1.33,1
Shapovalov D.,29,298,166,132,30,27,136,105,Nadal R.,2,1223,1017,206,76,40,941,166,2021-05-13,Rome,Internazionali BNL d'Italia,Outdoor,Clay,9.0,1.07,0
Delbonis F.,131,340,152,188,19,23,133,165,Opelka R.,17,168,88,80,17,10,71,70,2021-05-14,Rome,Internazionali BNL d'Italia,Outdoor,Clay,1.61,2.3,0
Nadal R.,2,1223,1017,206,76,40,941,166,Zverev A.,19,500,346,154,60,31,286,123,2021-05-14,Rome,Internazionali BNL d'Italia,Outdoor,Clay,1.4,3.0,1
Tsitsipas S.,5,390,264,126,49,32,215,94,Djokovic N.,2,1207,1012,195,146,42,866,153,2021-05-15,Rome,Internazionali BNL d'Italia,Outdoor,Clay,2.37,1.57,0
Rublev A.,7,392,255,137,57,34,198,103,Sonego L.,43,221,107,114,19,17,88,97,2021-05-15,Rome,Internazionali BNL d'Italia,Outdoor,Clay,1.28,3.75,0
Opelka R.,17,168,88,80,17,10,71,70,Nadal R.,2,1223,1017,206,76,40,941,166,2021-05-15,Rome,Internazionali BNL d'Italia,Outdoor,Clay,8.0,1.08,0
Sonego L.,43,221,107,114,19,17,88,97,Djokovic N.,2,1207,1012,195,146,42,866,153,2021-05-15,Rome,Internazionali BNL d'Italia,Outdoor,Clay,5.0,1.16,0
Nadal R.,2,1223,1017,206,76,40,941,166,Djokovic N.,2,1207,1012,195,146,42,866,153,2021-05-16,Rome,Internazionali BNL d'Italia,Outdoor,Clay,1.5,2.62,1
Humbert U.,36,170,80,90,23,21,57,69,Nishioka Y.,31,215,99,116,15,15,84,101,2021-05-17,Lyon,Lyon Open,Outdoor,Clay,1.44,2.75,0
Korda S.,26,126,75,51,15,9,60,42,Herbert P.H.,157,202,89,113,31,38,58,75,2021-05-17,Lyon,Lyon Open,Outdoor,Clay,1.72,2.1,1
Koepfer D.,84,86,38,48,3,3,35,45,Paire B.,149,527,237,290,39,56,198,234,2021-05-17,Geneva,Geneva Open,Outdoor,Clay,1.4,3.0,1
Bedene A.,347,291,131,160,18,23,113,137,Simon G.,188,869,491,378,135,94,356,284,2021-05-17,Lyon,Lyon Open,Outdoor,Clay,1.66,2.2,1
Moutet C.,80,118,50,68,5,11,45,57,Norrie C.,13,287,172,115,15,18,157,97,2021-05-17,Lyon,Lyon Open,Outdoor,Clay,2.1,1.72,0
Mannarino A.,27,567,264,303,60,73,204,230,Cazaux A.,190,4,1,3,0,0,1,3,2021-05-17,Geneva,Geneva Open,Outdoor,Clay,1.66,2.2,0
Caruso S.,146,63,19,44,5,9,14,35,Sandgren T.,153,121,47,74,2,9,45,65,2021-05-17,Geneva,Geneva Open,Outdoor,Clay,1.57,2.37,0
Andujar P.,323,404,164,240,12,30,152,210,Thompson J.,71,221,96,125,10,10,86,115,2021-05-17,Geneva,Geneva Open,Outdoor,Clay,1.4,3.0,1
Lopez F.,634,863,441,422,71,82,370,340,Altmaier D.,51,79,28,51,1,5,27,46,2021-05-18,Geneva,Geneva Open,Outdoor,Clay,2.3,1.61,1
Auger-Aliassime F.,12,268,163,105,48,22,115,83,Musetti L.,18,143,79,64,12,12,67,52,2021-05-18,Lyon,Lyon Open,Outdoor,Clay,1.53,2.5,0
Majchrzak K.,121,50,19,31,3,4,16,27,Sousa J.,147,436,189,247,42,44,147,203,2021-05-18,Lyon,Lyon Open,Outdoor,Clay,1.5,2.62,1
Bonzi B.,107,83,37,46,10,13,27,33,Khachanov K.,11,378,217,161,44,38,173,123,2021-05-18,Lyon,Lyon Open,Outdoor,Clay,3.4,1.33,0
Seyboth Wild T.,117,28,12,16,7,3,5,13,Monfils G.,323,816,510,306,131,65,379,241,2021-05-18,Lyon,Lyon Open,Outdoor,Clay,2.62,1.5,0
Gasquet R.,48,948,581,367,133,82,448,285,Barrere G.,59,79,31,48,11,16,20,32,2021-05-18,Lyon,Lyon Open,Outdoor,Clay,1.57,2.37,1
Tsonga J.W.,297,672,444,228,139,62,305,166,Paul T.,14,204,111,93,19,13,92,80,2021-05-18,Lyon,Lyon Open,Outdoor,Clay,3.75,1.28,0
Cuevas P.,149,421,210,211,34,25,176,186,Opelka R.,17,168,88,80,17,10,71,70,2021-05-18,Geneva,Geneva Open,Outdoor,Clay,2.62,1.5,1
Federer R.,8,1143,981,162,167,29,814,133,Andujar P.,323,404,164,240,12,30,152,210,2021-05-18,Geneva,Geneva Open,Outdoor,Clay,1.3,3.5,0
Fognini F.,128,742,383,359,39,48,344,311,Pella G.,199,260,118,142,14,16,104,126,2021-05-18,Geneva,Geneva Open,Outdoor,Clay,1.44,2.75,1
Djere L.,38,243,120,123,10,22,110,101,Monteiro T.,121,171,69,102,9,11,60,91,2021-05-18,Geneva,Geneva Open,Outdoor,Clay,1.57,2.37,1
Cilic M.,100,853,543,310,119,65,424,245,Stricker D.,106,20,10,10,2,2,8,8,2021-05-18,Geneva,Geneva Open,Outdoor,Clay,1.25,4.0,0
Verdasco F.,244,962,537,425,79,79,458,346,Ivashka I.,113,159,78,81,19,18,59,63,2021-05-18,Geneva,Geneva Open,Outdoor,Clay,5.5,1.14,0
Fucsovics M.,67,249,121,128,26,24,95,104,Laaksonen H.,125,101,37,64,7,16,30,48,2021-05-18,Geneva,Geneva Open,Outdoor,Clay,1.22,4.33,1
Travaglia S.,1024,81,27,54,5,12,22,42,Cecchinato M.,108,204,79,125,2,14,77,111,2021-05-18,Geneva,Geneva Open,Outdoor,Clay,2.1,1.72,0
Ymer M.,59,130,58,72,18,23,40,49,Rinderknech A.,67,96,46,50,16,12,30,38,2021-05-19,Lyon,Lyon Open,Outdoor,Clay,1.8,2.0,0
Sinner J.,8,224,153,71,42,19,111,52,Karatsev A.,75,136,66,70,10,22,56,48,2021-05-19,Lyon,Lyon Open,Outdoor,Clay,1.61,2.3,1
Majchrzak K.,121,50,19,31,3,4,16,27,Khachanov K.,11,378,217,161,44,38,173,123,2021-05-19,Lyon,Lyon Open,Outdoor,Clay,2.75,1.44,0
Goffin D.,123,522,296,226,66,52,230,174,Bedene A.,347,291,131,160,18,23,113,137,2021-05-19,Lyon,Lyon Open,Outdoor,Clay,1.53,2.5,0
Musetti L.,18,143,79,64,12,12,67,52,Korda S.,26,126,75,51,15,9,60,42,2021-05-19,Lyon,Lyon Open,Outdoor,Clay,1.66,2.2,1
Dimitrov G.,20,651,389,262,79,50,310,212,Ivashka I.,113,159,78,81,19,18,59,63,2021-05-19,Geneva,Geneva Open,Outdoor,Clay,2.0,1.8,1
Ruud C.,4,275,176,99,19,16,157,83,Sandgren T.,153,121,47,74,2,9,45,65,2021-05-19,Geneva,Geneva Open,Outdoor,Clay,1.11,6.5,1
Lopez F.,634,863,441,422,71,82,370,340,Koepfer D.,84,86,38,48,3,3,35,45,2021-05-19,Geneva,Geneva Open,Outdoor,Clay,2.5,1.53,0
Fucsovics M.,67,249,121,128,26,24,95,104,Stricker D.,106,20,10,10,2,2,8,8,2021-05-19,Geneva,Geneva Open,Outdoor,Clay,1.33,3.4,0
Paul T.,14,204,111,93,19,13,92,80,Tsitsipas S.,5,390,264,126,49,32,215,94,2021-05-20,Lyon,Lyon Open,Outdoor,Clay,4.5,1.2,0
Gasquet R.,48,948,581,367,133,82,448,285,Schwartzman D.,95,428,233,195,32,27,201,168,2021-05-20,Lyon,Lyon Open,Outdoor,Clay,3.75,1.28,1
Monfils G.,323,816,510,306,131,65,379,241,Nishioka Y.,31,215,99,116,15,15,84,101,2021-05-20,Lyon,Lyon Open,Outdoor,Clay,1.44,2.75,0
Thiem D.,116,517,327,190,53,39,274,151,Norrie C.,13,287,172,115,15,18,157,97,2021-05-20,Lyon,Lyon Open,Outdoor,Clay,1.25,4.0,0
Cecchinato M.,108,204,79,125,2,14,77,111,Shapovalov D.,29,298,166,132,30,27,136,105,2021-05-20,Geneva,Geneva Open,Outdoor,Clay,2.75,1.44,0
Fognini F.,128,742,383,359,39,48,344,311,Djere L.,38,243,120,123,10,22,110,101,2021-05-20,Geneva,Geneva Open,Outdoor,Clay,1.72,2.1,0
Stricker D.,106,20,10,10,2,2,8,8,Andujar P.,323,404,164,240,12,30,152,210,2021-05-20,Geneva,Geneva Open,Outdoor,Clay,2.5,1.53,0
Ruud C.,4,275,176,99,19,16,157,83,Koepfer D.,84,86,38,48,3,3,35,45,2021-05-20,Geneva,Geneva Open,Outdoor,Clay,1.16,5.0,1
Cuevas P.,149,421,210,211,34,25,176,186,Dimitrov G.,20,651,389,262,79,50,310,212,2021-05-20,Geneva,Geneva Open,Outdoor,Clay,2.62,1.5,1
Djere L.,38,243,120,123,10,22,110,101,Shapovalov D.,29,298,166,132,30,27,136,105,2021-05-20,Geneva,Geneva Open,Outdoor,Clay,2.37,1.57,0
Cazaux A.,190,4,1,3,0,0,1,3,Cuevas P.,149,421,210,211,34,25,176,186,2021-05-20,Geneva,Geneva Open,Outdoor,Clay,2.62,1.5,0
Sinner J.,8,224,153,71,42,19,111,52,Rinderknech A.,67,96,46,50,16,12,30,38,2021-05-20,Lyon,Lyon Open,Outdoor,Clay,1.12,6.0,0
Nishioka Y.,31,215,99,116,15,15,84,101,Tsitsipas S.,5,390,264,126,49,32,215,94,2021-05-21,Lyon,Lyon Open,Outdoor,Clay,13.0,1.04,0
Bedene A.,347,291,131,160,18,23,113,137,Musetti L.,18,143,79,64,12,12,67,52,2021-05-21,Lyon,Lyon Open,Outdoor,Clay,2.37,1.57,0
Gasquet R.,48,948,581,367,133,82,448,285,Khachanov K.,11,378,217,161,44,38,173,123,2021-05-21,Lyon,Lyon Open,Outdoor,Clay,2.37,1.57,0
Cuevas P.,149,421,210,211,34,25,176,186,Shapovalov D.,29,298,166,132,30,27,136,105,2021-05-21,Geneva,Geneva Open,Outdoor,Clay,2.5,1.53,0
Andujar P.,323,404,164,240,12,30,152,210,Ruud C.,4,275,176,99,19,16,157,83,2021-05-21,Geneva,Geneva Open,Outdoor,Clay,4.5,1.2,0
Norrie C.,13,287,172,115,15,18,157,97,Rinderknech A.,67,96,46,50,16,12,30,38,2021-05-22,Lyon,Lyon Open,Outdoor,Clay,1.4,3.0,1
Musetti L.,18,143,79,64,12,12,67,52,Tsitsipas S.,5,390,264,126,49,32,215,94,2021-05-22,Lyon,Lyon Open,Outdoor,Clay,5.5,1.14,0
Norrie C.,13,287,172,115,15,18,157,97,Khachanov K.,11,378,217,161,44,38,173,123,2021-05-22,Lyon,Lyon Open,Outdoor,Clay,1.9,1.9,1
Ruud C.,4,275,176,99,19,16,157,83,Shapovalov D.,29,298,166,132,30,27,136,105,2021-05-22,Geneva,Geneva Open,Outdoor,Clay,1.61,2.3,1
Coria F.,108,99,43,56,2,6,41,50,Topo M.,478,4,0,4,0,0,0,4,2021-05-23,Belgrade,Belgrade Open,Outdoor,Clay,1.1,7.0,1
Krstin P.,285,5,1,4,0,2,1,2,Kwon S.W.,68,108,53,55,12,6,41,49,2021-05-23,Belgrade,Belgrade Open,Outdoor,Clay,6.0,1.12,1
Tsitsipas S.,5,390,264,126,49,32,215,94,Norrie C.,13,287,172,115,15,18,157,97,2021-05-23,Lyon,Lyon Open,Outdoor,Clay,1.16,5.0,1
Cobolli F.,148,14,5,9,0,1,5,8,Giron M.,69,150,68,82,20,14,48,68,2021-05-23,Parma,Emilia-Romagna Open,Outdoor,Clay,2.2,1.66,1
Sandgren T.,153,121,47,74,2,9,45,65,Chardy J.,542,591,289,302,44,48,245,254,2021-05-23,Belgrade,Belgrade Open,Outdoor,Clay,2.2,1.66,0
Paul T.,14,204,111,93,19,13,92,80,Travaglia S.,1024,81,27,54,5,12,22,42,2021-05-23,Parma,Emilia-Romagna Open,Outdoor,Clay,1.57,2.37,1
Kecmanovic M.,40,210,107,103,12,16,95,87,Cuevas P.,149,421,210,211,34,25,176,186,2021-05-24,Belgrade,Belgrade Open,Outdoor,Clay,1.66,2.2,0
Delbonis F.,131,340,152,188,19,23,133,165,Klein L.,142,7,2,5,0,1,2,4,2021-05-24,Belgrade,Belgrade Open,Outdoor,Clay,1.28,3.75,1
Lajovic D.,66,378,163,215,21,36,142,179,Berankis R.,212,249,104,145,36,31,68,114,2021-05-24,Belgrade,Belgrade Open,Outdoor,Clay,1.44,2.75,1
Verdasco F.,244,962,537,425,79,79,458,346,Pouille L.,675,259,134,125,35,26,99,99,2021-05-24,Belgrade,Belgrade Open,Outdoor,Clay,2.1,1.72,1
Martin A.,723,258,107,151,6,13,101,138,O Connell C.,74,65,26,39,0,0,26,39,2021-05-24,Belgrade,Belgrade Open,Outdoor,Clay,1.8,2.0,1
Albot R.,97,215,86,129,26,26,60,103,Monteiro T.,121,171,69,102,9,11,60,91,2021-05-24,Belgrade,Belgrade Open,Outdoor,Clay,3.4,1.33,0
Rinderknech A.,67,96,46,50,16,12,30,38,Carballes Baena R.,64,207,91,116,11,10,80,106,2021-05-24,Belgrade,Belgrade Open,Outdoor,Clay,2.2,1.66,0
Moraing M.,253,3,1,2,0,0,1,2,Gerasimov E.,150,93,43,50,19,19,24,31,2021-05-24,Belgrade,Belgrade Open,Outdoor,Clay,2.62,1.5,1
Medjedovic H.,147,11,3,8,0,1,3,7,Molcan A.,120,86,45,41,1,6,44,35,2021-05-24,Belgrade,Belgrade Open,Outdoor,Clay,3.5,1.3,0
Brancaccio R.,336,1,0,1,0,0,0,1,Cecchinato M.,108,204,79,125,2,14,77,111,2021-05-25,Parma,Emilia-Romagna Open,Outdoor,Clay,5.0,1.16,0
Seppi A.,141,758,363,395,74,85,289,310,Korda S.,26,126,75,51,15,9,60,42,2021-05-25,Parma,Emilia-Romagna Open,Outdoor,Clay,5.0,1.16,0
Musetti L.,18,143,79,64,12,12,67,52,Mager G.,67,59,24,35,3,7,21,28,2021-05-25,Parma,Emilia-Romagna Open,Outdoor,Clay,1.5,2.62,1
Ruusuvuori E.,55,158,79,79,16,18,63,61,Gombos N.,114,66,21,45,6,14,15,31,2021-05-25,Parma,Emilia-Romagna Open,Outdoor,Clay,2.75,1.44,0
Martinez P.,135,118,50,68,7,6,43,62,Simon G.,188,869,491,378,135,94,356,284,2021-05-25,Parma,Emilia-Romagna Open,Outdoor,Clay,1.33,3.4,1
Altmaier D.,51,79,28,51,1,5,27,46,Gasquet R.,48,948,581,367,133,82,448,285,2021-05-25,Parma,Emilia-Romagna Open,Outdoor,Clay,2.3,1.61,0
Vesely J.,528,288,130,158,6,19,124,139,Johnson S.,197,395,196,199,16,23,180,176,2021-05-25,Parma,Emilia-Romagna Open,Outdoor,Clay,1.36,3.2,1
Ymer M.,59,130,58,72,18,23,40,49,Munar J.,104,178,75,103,7,12,68,91,2021-05-25,Parma,Emilia-Romagna Open,Outdoor,Clay,2.5,1.53,0
Nishioka Y.,31,215,99,116,15,15,84,101,Querrey S.,287,678,369,309,48,39,321,270,2021-05-25,Parma,Emilia-Romagna Open,Outdoor,Clay,1.28,3.75,1
Caruso S.,146,63,19,44,5,9,14,35,Bedene A.,347,291,131,160,18,23,113,137,2021-05-25,Parma,Emilia-Romagna Open,Outdoor,Clay,3.2,1.36,0
Djokovic N.,2,1207,1012,195,146,42,866,153,Moraing M.,253,3,1,2,0,0,1,2,2021-05-25,Belgrade,Belgrade Open,Outdoor,Clay,1.01,26.0,1
Coria F.,108,99,43,56,2,6,41,50,Cuevas P.,149,421,210,211,34,25,176,186,2021-05-25,Belgrade,Belgrade Open,Outdoor,Clay,3.5,1.3,1
Molcan A.,120,86,45,41,1,6,44,35,Krstin P.,285,5,1,4,0,2,1,2,2021-05-25,Belgrade,Belgrade Open,Outdoor,Clay,1.25,4.0,1
Mannarino A.,27,567,264,303,60,73,204,230,Verdasco F.,244,962,537,425,79,79,458,346,2021-05-25,Belgrade,Belgrade Open,Outdoor,Clay,2.75,1.44,0
Sonego L.,43,221,107,114,19,17,88,97,Korda S.,26,126,75,51,15,9,60,42,2021-05-26,Parma,Emilia-Romagna Open,Outdoor,Clay,1.5,2.62,0
Nishioka Y.,31,215,99,116,15,15,84,101,Musetti L.,18,143,79,64,12,12,67,52,2021-05-26,Parma,Emilia-Romagna Open,Outdoor,Clay,3.4,1.33,1
Cecchinato M.,108,204,79,125,2,14,77,111,Bedene A.,347,291,131,160,18,23,113,137,2021-05-26,Parma,Emilia-Romagna Open,Outdoor,Clay,1.8,2.0,1
Munar J.,104,178,75,103,7,12,68,91,Paire B.,149,527,237,290,39,56,198,234,2021-05-26,Parma,Emilia-Romagna Open,Outdoor,Clay,1.4,3.0,1
Martinez P.,135,118,50,68,7,6,43,62,Gasquet R.,48,948,581,367,133,82,448,285,2021-05-26,Parma,Emilia-Romagna Open,Outdoor,Clay,1.53,2.5,0
Ramos-Vinolas A.,82,437,204,233,17,31,187,202,Gombos N.,114,66,21,45,6,14,15,31,2021-05-26,Parma,Emilia-Romagna Open,Outdoor,Clay,1.53,2.5,0
Cobolli F.,148,14,5,9,0,1,5,8,Struff J.L.,21,369,170,199,43,42,127,157,2021-05-26,Parma,Emilia-Romagna Open,Outdoor,Clay,4.0,1.25,0
Paul T.,14,204,111,93,19,13,92,80,Vesely J.,528,288,130,158,6,19,124,139,2021-05-26,Parma,Emilia-Romagna Open,Outdoor,Clay,1.33,3.4,1
Basilashvili N.,118,301,138,163,26,34,112,129,Martin A.,723,258,107,151,6,13,101,138,2021-05-26,Belgrade,Belgrade Open,Outdoor,Clay,1.44,2.75,0
Lajovic D.,66,378,163,215,21,36,142,179,Chardy J.,542,591,289,302,44,48,245,254,2021-05-26,Belgrade,Belgrade Open,Outdoor,Clay,1.8,2.0,1
Monfils G.,323,816,510,306,131,65,379,241,Carballes Baena R.,64,207,91,116,11,10,80,106,2021-05-26,Belgrade,Belgrade Open,Outdoor,Clay,1.9,1.9,0
Monteiro T.,121,171,69,102,9,11,60,91,Delbonis F.,131,340,152,188,19,23,133,165,2021-05-26,Belgrade,Belgrade Open,Outdoor,Clay,2.2,1.66,0
Cecchinato M.,108,204,79,125,2,14,77,111,Gombos N.,114,66,21,45,6,14,15,31,2021-05-27,Parma,Emilia-Romagna Open,Outdoor,Clay,1.44,2.75,1
Molcan A.,120,86,45,41,1,6,44,35,Verdasco F.,244,962,537,425,79,79,458,346,2021-05-27,Belgrade,Belgrade Open,Outdoor,Clay,2.0,1.8,1
Coria F.,108,99,43,56,2,6,41,50,Djokovic N.,2,1207,1012,195,146,42,866,153,2021-05-27,Belgrade,Belgrade Open,Outdoor,Clay,19.0,1.02,0
Lajovic D.,66,378,163,215,21,36,142,179,Martin A.,723,258,107,151,6,13,101,138,2021-05-27,Belgrade,Belgrade Open,Outdoor,Clay,1.33,3.4,0
Korda S.,26,126,75,51,15,9,60,42,Nishioka Y.,31,215,99,116,15,15,84,101,2021-05-27,Parma,Emilia-Romagna Open,Outdoor,Clay,1.44,2.75,1
Carballes Baena R.,64,207,91,116,11,10,80,106,Delbonis F.,131,340,152,188,19,23,133,165,2021-05-27,Belgrade,Belgrade Open,Outdoor,Clay,2.75,1.44,0
Munar J.,104,178,75,103,7,12,68,91,Gasquet R.,48,948,581,367,133,82,448,285,2021-05-27,Parma,Emilia-Romagna Open,Outdoor,Clay,1.61,2.3,1
Paul T.,14,204,111,93,19,13,92,80,Struff J.L.,21,369,170,199,43,42,127,157,2021-05-27,Parma,Emilia-Romagna Open,Outdoor,Clay,1.9,1.9,1
Cecchinato M.,108,204,79,125,2,14,77,111,Munar J.,104,178,75,103,7,12,68,91,2021-05-28,Parma,Emilia-Romagna Open,Outdoor,Clay,1.72,2.1,1
Korda S.,26,126,75,51,15,9,60,42,Paul T.,14,204,111,93,19,13,92,80,2021-05-28,Parma,Emilia-Romagna Open,Outdoor,Clay,1.66,2.2,1
Molcan A.,120,86,45,41,1,6,44,35,Delbonis F.,131,340,152,188,19,23,133,165,2021-05-28,Belgrade,Belgrade Open,Outdoor,Clay,2.5,1.53,1
Martin A.,723,258,107,151,6,13,101,138,Djokovic N.,2,1207,1012,195,146,42,866,153,2021-05-28,Belgrade,Belgrade Open,Outdoor,Clay,19.0,1.02,0
Molcan A.,120,86,45,41,1,6,44,35,Djokovic N.,2,1207,1012,195,146,42,866,153,2021-05-29,Belgrade,Belgrade Open,Outdoor,Clay,19.0,1.02,0
Cecchinato M.,108,204,79,125,2,14,77,111,Korda S.,26,126,75,51,15,9,60,42,2021-05-29,Parma,Emilia-Romagna Open,Outdoor,Clay,2.3,1.61,0
Tsitsipas S.,5,390,264,126,49,32,215,94,Chardy J.,542,591,289,302,44,48,245,254,2021-05-30,Paris,French Open,Outdoor,Clay,1.02,17.0,1
Van De Zandschulp B.,44,117,63,54,11,11,52,43,Hurkacz H.,17,238,137,101,27,24,110,77,2021-05-30,Paris,French Open,Outdoor,Clay,2.37,1.57,1
Taberner C.,181,37,13,24,4,6,9,18,Safiullin R.,92,42,20,22,7,7,13,15,2021-05-30,Paris,French Open,Outdoor,Clay,1.28,3.75,0
Kukushkin M.,221,352,141,211,50,49,91,162,Davidovich Fokina A.,39,168,84,84,17,20,67,64,2021-05-30,Paris,French Open,Outdoor,Clay,15.0,1.03,0
Otte O.,233,78,33,45,6,14,27,31,Zverev A.,19,500,346,154,60,31,286,123,2021-05-30,Paris,French Open,Outdoor,Clay,13.0,1.04,0
Djere L.,38,243,120,123,10,22,110,101,Moutet C.,80,118,50,68,5,11,45,57,2021-05-30,Paris,French Open,Outdoor,Clay,1.8,2.0,1
Dimitrov G.,20,651,389,262,79,50,310,212,Giron M.,69,150,68,82,20,14,48,68,2021-05-30,Paris,French Open,Outdoor,Clay,1.25,4.0,0
Mcdonald M.,60,190,87,103,11,15,76,88,Ruusuvuori E.,55,158,79,79,16,18,63,61,2021-05-30,Paris,French Open,Outdoor,Clay,1.3,3.5,1
Garin C.,101,190,103,87,15,13,88,74,Londero J.I.,142,83,34,49,3,5,31,44,2021-05-30,Paris,French Open,Outdoor,Clay,1.06,10.0,1
Giannessi A.,224,35,12,23,1,4,11,19,Nishikori K.,439,617,408,209,70,33,338,176,2021-05-30,Paris,French Open,Outdoor,Clay,6.0,1.12,0
Gombos N.,114,66,21,45,6,14,15,31,Carreno Busta P.,16,352,214,138,33,25,181,113,2021-05-30,Paris,French Open,Outdoor,Clay,6.0,1.12,0
Khachanov K.,11,378,217,161,44,38,173,123,Vesely J.,528,288,130,158,6,19,124,139,2021-05-30,Paris,French Open,Outdoor,Clay,1.3,3.5,1
Thiem D.,116,517,327,190,53,39,274,151,Andujar P.,323,404,164,240,12,30,152,210,2021-05-30,Paris,French Open,Outdoor,Clay,1.1,7.0,0
Evans D.,30,251,124,127,18,16,106,111,Kecmanovic M.,40,210,107,103,12,16,95,87,2021-05-30,Paris,French Open,Outdoor,Clay,1.53,2.5,0
Galan D.E.,76,78,33,45,3,5,30,40,Pella G.,199,260,118,142,14,16,104,126,2021-05-30,Paris,French Open,Outdoor,Clay,1.36,3.2,0
Vilella Martinez M.,167,10,4,6,0,0,4,6,Bautista Agut R.,25,379,234,145,31,29,203,116,2021-05-30,Paris,French Open,Outdoor,Clay,6.0,1.12,0
Hanfmann Y.,50,99,50,49,5,4,45,45,Laaksonen H.,125,101,37,64,7,16,30,48,2021-05-30,Paris,French Open,Outdoor,Clay,1.72,2.1,0
Gerasimov E.,150,93,43,50,19,19,24,31,Couacaud E.,158,9,2,7,0,1,2,6,2021-05-30,Paris,French Open,Outdoor,Clay,2.2,1.66,0
Fognini F.,128,742,383,359,39,48,344,311,Barrere G.,59,79,31,48,11,16,20,32,2021-05-30,Paris,French Open,Outdoor,Clay,1.25,4.0,1
Simon G.,188,869,491,378,135,94,356,284,Fucsovics M.,67,249,121,128,26,24,95,104,2021-05-30,Paris,French Open,Outdoor,Clay,7.0,1.1,0
Martinez P.,135,118,50,68,7,6,43,62,Korda S.,26,126,75,51,15,9,60,42,2021-05-31,Paris,French Open,Outdoor,Clay,3.4,1.33,1
Zapata Miralles B.,54,80,32,48,1,6,31,42,Alcaraz C.,1,164,130,34,10,5,120,29,2021-05-31,Paris,French Open,Outdoor,Clay,3.75,1.28,0
Cazaux A.,190,4,1,3,0,0,1,3,Majchrzak K.,121,50,19,31,3,4,16,27,2021-05-31,Paris,French Open,Outdoor,Clay,2.5,1.53,0
Federer R.,8,1143,981,162,167,29,814,133,Istomin D.,267,440,194,246,44,51,150,195,2021-05-31,Paris,French Open,Outdoor,Clay,1.12,6.0,1
Harris L.,186,129,59,70,7,8,52,62,Sonego L.,43,221,107,114,19,17,88,97,2021-05-31,Paris,French Open,Outdoor,Clay,5.5,1.14,1
Tsonga J.W.,297,672,444,228,139,62,305,166,Nishioka Y.,31,215,99,116,15,15,84,101,2021-05-31,Paris,French Open,Outdoor,Clay,4.33,1.22,0
Sousa J.,147,436,189,247,42,44,147,203,Fritz T.,9,356,205,151,26,22,179,129,2021-05-31,Paris,French Open,Outdoor,Clay,6.0,1.12,0
Koepfer D.,84,86,38,48,3,3,35,45,Bourgue M.,197,5,1,4,0,1,1,3,2021-05-31,Paris,French Open,Outdoor,Clay,1.25,4.0,1
Goffin D.,123,522,296,226,66,52,230,174,Musetti L.,18,143,79,64,12,12,67,52,2021-05-31,Paris,French Open,Outdoor,Clay,2.2,1.66,0
Lajovic D.,66,378,163,215,21,36,142,179,Basilashvili N.,118,301,138,163,26,34,112,129,2021-05-31,Paris,French Open,Outdoor,Clay,2.2,1.66,0
Cilic M.,100,853,543,310,119,65,424,245,Rinderknech A.,67,96,46,50,16,12,30,38,2021-05-31,Paris,French Open,Outdoor,Clay,1.72,2.1,1
Martin A.,723,258,107,151,6,13,101,138,Opelka R.,17,168,88,80,17,10,71,70,2021-05-31,Paris,French Open,Outdoor,Clay,3.0,1.4,0
Johnson S.,197,395,196,199,16,23,180,176,Tiafoe F.,10,303,158,145,24,23,134,122,2021-05-31,Paris,French Open,Outdoor,Clay,5.0,1.16,1
Medvedev D.,3,406,289,117,69,27,220,90,Bublik A.,25,219,110,109,39,30,71,79,2021-05-31,Paris,French Open,Outdoor,Clay,1.4,3.0,1
O Connell C.,74,65,26,39,0,0,26,39,Paul T.,14,204,111,93,19,13,92,80,2021-05-31,Paris,French Open,Outdoor,Clay,3.5,1.3,0
Norrie C.,13,287,172,115,15,18,157,97,Fratangelo B.,695,62,22,40,0,1,22,39,2021-05-31,Paris,French Open,Outdoor,Clay,1.2,4.5,1
Paire B.,149,527,237,290,39,56,198,234,Ruud C.,4,275,176,99,19,16,157,83,2021-05-31,Paris,French Open,Outdoor,Clay,11.0,1.05,0
Albot R.,97,215,86,129,26,26,60,103,Delbonis F.,131,340,152,188,19,23,133,165,2021-05-31,Paris,French Open,Outdoor,Clay,5.5,1.14,0
Querrey S.,287,678,369,309,48,39,321,270,Isner J.,114,755,465,290,53,45,412,245,2021-05-31,Paris,French Open,Outdoor,Clay,3.75,1.28,0
Mager G.,67,59,24,35,3,7,21,28,Gojowczyk P.,108,172,75,97,17,18,58,79,2021-05-31,Paris,French Open,Outdoor,Clay,2.62,1.5,1
Monteiro T.,121,171,69,102,9,11,60,91,Cerundolo F.,21,104,58,46,3,7,55,39,2021-05-31,Paris,French Open,Outdoor,Clay,1.66,2.2,1
Krajinovic F.,93,240,115,125,38,34,77,91,Marterer M.,144,91,31,60,2,8,29,52,2021-05-31,Paris,French Open,Outdoor,Clay,1.5,2.62,1
Sinner J.,8,224,153,71,42,19,111,52,Herbert P.H.,157,202,89,113,31,38,58,75,2021-05-31,Paris,French Open,Outdoor,Clay,1.11,6.5,1
Thompson J.,71,221,96,125,10,10,86,115,Munar J.,104,178,75,103,7,12,68,91,2021-05-31,Paris,French Open,Outdoor,Clay,8.0,1.08,0
Verdasco F.,244,962,537,425,79,79,458,346,Kohlschreiber P.,132,812,446,366,76,73,370,293,2021-06-01,Paris,French Open,Outdoor,Clay,2.1,1.72,0
Popyrin A.,90,140,59,81,9,13,50,68,Nadal R.,2,1223,1017,206,76,40,941,166,2021-06-01,Paris,French Open,Outdoor,Clay,23.0,1.01,0
Lopez F.,634,863,441,422,71,82,370,340,Coria F.,108,99,43,56,2,6,41,50,2021-06-01,Paris,French Open,Outdoor,Clay,2.37,1.57,0
Lu Y.,625,11,1,10,0,0,1,10,Schwartzman D.,95,428,233,195,32,27,201,168,2021-06-01,Paris,French Open,Outdoor,Clay,23.0,1.01,0
Sandgren T.,153,121,47,74,2,9,45,65,Djokovic N.,2,1207,1012,195,146,42,866,153,2021-06-01,Paris,French Open,Outdoor,Clay,0.967,29.0,0
Daniel T.,111,178,67,111,3,10,64,101,Berrettini M.,38,217,142,75,14,11,128,64,2021-06-01,Paris,French Open,Outdoor,Clay,9.0,1.07,0
Anderson K.,652,598,347,251,48,38,299,213,Kwon S.W.,68,108,53,55,12,6,41,49,2021-06-01,Paris,French Open,Outdoor,Clay,1.44,2.75,0
Pouille L.,675,259,134,125,35,26,99,99,Cuevas P.,149,421,210,211,34,25,176,186,2021-06-01,Paris,French Open,Outdoor,Clay,3.0,1.4,0
Gasquet R.,48,948,581,367,133,82,448,285,Gaston H.,109,58,24,34,5,9,19,25,2021-06-01,Paris,French Open,Outdoor,Clay,1.72,2.1,1
Bagnis F.,135,121,39,82,9,8,30,74,Bonzi B.,107,83,37,46,10,13,27,33,2021-06-01,Paris,French Open,Outdoor,Clay,1.72,2.1,1
Monfils G.,323,816,510,306,131,65,379,241,Ramos-Vinolas A.,82,437,204,233,17,31,187,202,2021-06-01,Paris,French Open,Outdoor,Clay,2.3,1.61,1
Rublev A.,7,392,255,137,57,34,198,103,Struff J.L.,21,369,170,199,43,42,127,157,2021-06-01,Paris,French Open,Outdoor,Clay,1.11,6.5,0
Caruso S.,146,63,19,44,5,9,14,35,Duckworth J.,123,143,55,88,10,9,45,79,2021-06-01,Paris,French Open,Outdoor,Clay,1.25,4.0,0
Mannarino A.,27,567,264,303,60,73,204,230,Bedene A.,347,291,131,160,18,23,113,137,2021-06-01,Paris,French Open,Outdoor,Clay,4.0,1.25,0
Brooksby J.,39,79,46,33,6,5,40,28,Karatsev A.,75,136,66,70,10,22,56,48,2021-06-01,Paris,French Open,Outdoor,Clay,5.5,1.14,0
Humbert U.,36,170,80,90,23,21,57,69,Berankis R.,212,249,104,145,36,31,68,114,2021-06-01,Paris,French Open,Outdoor,Clay,1.28,3.75,0
De Minaur A.,19,272,161,111,30,19,131,92,Travaglia S.,1024,81,27,54,5,12,22,42,2021-06-01,Paris,French Open,Outdoor,Clay,1.61,2.3,1
Ymer M.,59,130,58,72,18,23,40,49,Carballes Baena R.,64,207,91,116,11,10,80,106,2021-06-01,Paris,French Open,Outdoor,Clay,2.2,1.66,1
Cecchinato M.,108,204,79,125,2,14,77,111,Uchiyama Y.,314,33,9,24,1,3,8,21,2021-06-01,Paris,French Open,Outdoor,Clay,1.04,13.0,1
Seppi A.,141,758,363,395,74,85,289,310,Auger-Aliassime F.,12,268,163,105,48,22,115,83,2021-06-01,Paris,French Open,Outdoor,Clay,10.0,1.06,1
Munar J.,104,178,75,103,7,12,68,91,Opelka R.,17,168,88,80,17,10,71,70,2021-06-02,Paris,French Open,Outdoor,Clay,2.0,1.8,0
Giron M.,69,150,68,82,20,14,48,68,Pella G.,199,260,118,142,14,16,104,126,2021-06-02,Paris,French Open,Outdoor,Clay,2.75,1.44,1
Martinez P.,135,118,50,68,7,6,43,62,Tsitsipas S.,5,390,264,126,49,32,215,94,2021-06-02,Paris,French Open,Outdoor,Clay,11.0,1.05,0
Paul T.,14,204,111,93,19,13,92,80,Medvedev D.,3,406,289,117,69,27,220,90,2021-06-02,Paris,French Open,Outdoor,Clay,3.75,1.28,0
Couacaud E.,158,9,2,7,0,1,2,6,Carreno Busta P.,16,352,214,138,33,25,181,113,2021-06-02,Paris,French Open,Outdoor,Clay,13.0,1.04,0
Johnson S.,197,395,196,199,16,23,180,176,Monteiro T.,121,171,69,102,9,11,60,91,2021-06-02,Paris,French Open,Outdoor,Clay,5.0,1.16,1
Mcdonald M.,60,190,87,103,11,15,76,88,Garin C.,101,190,103,87,15,13,88,74,2021-06-02,Paris,French Open,Outdoor,Clay,3.75,1.28,0
Krajinovic F.,93,240,115,125,38,34,77,91,Isner J.,114,755,465,290,53,45,412,245,2021-06-02,Paris,French Open,Outdoor,Clay,1.8,2.0,0
Khachanov K.,11,378,217,161,44,38,173,123,Nishikori K.,439,617,408,209,70,33,338,176,2021-06-02,Paris,French Open,Outdoor,Clay,1.9,1.9,0
Davidovich Fokina A.,39,168,84,84,17,20,67,64,Van De Zandschulp B.,44,117,63,54,11,11,52,43,2021-06-02,Paris,French Open,Outdoor,Clay,1.2,4.5,1
Laaksonen H.,125,101,37,64,7,16,30,48,Bautista Agut R.,25,379,234,145,31,29,203,116,2021-06-02,Paris,French Open,Outdoor,Clay,8.0,1.08,1
Ruud C.,4,275,176,99,19,16,157,83,Majchrzak K.,121,50,19,31,3,4,16,27,2021-06-02,Paris,French Open,Outdoor,Clay,1.06,10.0,1
Safiullin R.,92,42,20,22,7,7,13,15,Zverev A.,19,500,346,154,60,31,286,123,2021-06-02,Paris,French Open,Outdoor,Clay,15.0,1.03,0
Kecmanovic M.,40,210,107,103,12,16,95,87,Djere L.,38,243,120,123,10,22,110,101,2021-06-02,Paris,French Open,Outdoor,Clay,2.2,1.66,0
Delbonis F.,131,340,152,188,19,23,133,165,Andujar P.,323,404,164,240,12,30,152,210,2021-06-02,Paris,French Open,Outdoor,Clay,1.66,2.2,1
Fognini F.,128,742,383,359,39,48,344,311,Fucsovics M.,67,249,121,128,26,24,95,104,2021-06-02,Paris,French Open,Outdoor,Clay,1.72,2.1,1
Gasquet R.,48,948,581,367,133,82,448,285,Nadal R.,2,1223,1017,206,76,40,941,166,2021-06-03,Paris,French Open,Outdoor,Clay,26.0,1.01,0
Basilashvili N.,118,301,138,163,26,34,112,129,Alcaraz C.,1,164,130,34,10,5,120,29,2021-06-03,Paris,French Open,Outdoor,Clay,2.1,1.72,0
Struff J.L.,21,369,170,199,43,42,127,157,Bagnis F.,135,121,39,82,9,8,30,74,2021-06-03,Paris,French Open,Outdoor,Clay,1.5,2.62,1
Federer R.,8,1143,981,162,167,29,814,133,Cilic M.,100,853,543,310,119,65,424,245,2021-06-03,Paris,French Open,Outdoor,Clay,1.53,2.5,1
De Minaur A.,19,272,161,111,30,19,131,92,Cecchinato M.,108,204,79,125,2,14,77,111,2021-06-03,Paris,French Open,Outdoor,Clay,1.9,1.9,0
Duckworth J.,123,143,55,88,10,9,45,79,Berankis R.,212,249,104,145,36,31,68,114,2021-06-03,Paris,French Open,Outdoor,Clay,2.75,1.44,0
Harris L.,186,129,59,70,7,8,52,62,Norrie C.,13,287,172,115,15,18,157,97,2021-06-03,Paris,French Open,Outdoor,Clay,3.0,1.4,0
Cuevas P.,149,421,210,211,34,25,176,186,Djokovic N.,2,1207,1012,195,146,42,866,153,2021-06-03,Paris,French Open,Outdoor,Clay,19.0,1.02,0
Musetti L.,18,143,79,64,12,12,67,52,Nishioka Y.,31,215,99,116,15,15,84,101,2021-06-03,Paris,French Open,Outdoor,Clay,1.44,2.75,1
Fritz T.,9,356,205,151,26,22,179,129,Koepfer D.,84,86,38,48,3,3,35,45,2021-06-03,Paris,French Open,Outdoor,Clay,1.44,2.75,0
Monfils G.,323,816,510,306,131,65,379,241,Ymer M.,59,130,58,72,18,23,40,49,2021-06-03,Paris,French Open,Outdoor,Clay,1.44,2.75,0
Schwartzman D.,95,428,233,195,32,27,201,168,Bedene A.,347,291,131,160,18,23,113,137,2021-06-03,Paris,French Open,Outdoor,Clay,1.33,3.4,1
Karatsev A.,75,136,66,70,10,22,56,48,Kohlschreiber P.,132,812,446,366,76,73,370,293,2021-06-03,Paris,French Open,Outdoor,Clay,1.08,8.0,0
Coria F.,108,99,43,56,2,6,41,50,Berrettini M.,38,217,142,75,14,11,128,64,2021-06-03,Paris,French Open,Outdoor,Clay,10.0,1.06,0
Seppi A.,141,758,363,395,74,85,289,310,Kwon S.W.,68,108,53,55,12,6,41,49,2021-06-03,Paris,French Open,Outdoor,Clay,2.0,1.8,0
Mager G.,67,59,24,35,3,7,21,28,Sinner J.,8,224,153,71,42,19,111,52,2021-06-03,Paris,French Open,Outdoor,Clay,6.0,1.12,0
Isner J.,114,755,465,290,53,45,412,245,Tsitsipas S.,5,390,264,126,49,32,215,94,2021-06-04,Paris,French Open,Outdoor,Clay,5.5,1.14,0
Medvedev D.,3,406,289,117,69,27,220,90,Opelka R.,17,168,88,80,17,10,71,70,2021-06-04,Paris,French Open,Outdoor,Clay,1.3,3.5,1
Carreno Busta P.,16,352,214,138,33,25,181,113,Johnson S.,197,395,196,199,16,23,180,176,2021-06-04,Paris,French Open,Outdoor,Clay,1.11,6.5,1
Garin C.,101,190,103,87,15,13,88,74,Giron M.,69,150,68,82,20,14,48,68,2021-06-04,Paris,French Open,Outdoor,Clay,1.3,3.5,1
Delbonis F.,131,340,152,188,19,23,133,165,Fognini F.,128,742,383,359,39,48,344,311,2021-06-04,Paris,French Open,Outdoor,Clay,2.5,1.53,1
Laaksonen H.,125,101,37,64,7,16,30,48,Nishikori K.,439,617,408,209,70,33,338,176,2021-06-04,Paris,French Open,Outdoor,Clay,3.2,1.36,0
Ruud C.,4,275,176,99,19,16,157,83,Davidovich Fokina A.,39,168,84,84,17,20,67,64,2021-06-04,Paris,French Open,Outdoor,Clay,1.25,4.0,0
Zverev A.,19,500,346,154,60,31,286,123,Djere L.,38,243,120,123,10,22,110,101,2021-06-04,Paris,French Open,Outdoor,Clay,1.16,5.0,1
Norrie C.,13,287,172,115,15,18,157,97,Nadal R.,2,1223,1017,206,76,40,941,166,2021-06-05,Paris,French Open,Outdoor,Clay,19.0,1.02,0
Federer R.,8,1143,981,162,167,29,814,133,Koepfer D.,84,86,38,48,3,3,35,45,2021-06-05,Paris,French Open,Outdoor,Clay,1.3,3.5,1
Kwon S.W.,68,108,53,55,12,6,41,49,Berrettini M.,38,217,142,75,14,11,128,64,2021-06-05,Paris,French Open,Outdoor,Clay,9.0,1.07,0
Berankis R.,212,249,104,145,36,31,68,114,Djokovic N.,2,1207,1012,195,146,42,866,153,2021-06-05,Paris,French Open,Outdoor,Clay,0.967,29.0,0
Alcaraz C.,1,164,130,34,10,5,120,29,Struff J.L.,21,369,170,199,43,42,127,157,2021-06-05,Paris,French Open,Outdoor,Clay,1.53,2.5,0
Schwartzman D.,95,428,233,195,32,27,201,168,Kohlschreiber P.,132,812,446,366,76,73,370,293,2021-06-05,Paris,French Open,Outdoor,Clay,1.16,5.0,1
Cecchinato M.,108,204,79,125,2,14,77,111,Musetti L.,18,143,79,64,12,12,67,52,2021-06-05,Paris,French Open,Outdoor,Clay,2.3,1.61,0
Sinner J.,8,224,153,71,42,19,111,52,Ymer M.,59,130,58,72,18,23,40,49,2021-06-05,Paris,French Open,Outdoor,Clay,1.12,6.0,1
Tsitsipas S.,5,390,264,126,49,32,215,94,Carreno Busta P.,16,352,214,138,33,25,181,113,2021-06-06,Paris,French Open,Outdoor,Clay,1.14,5.5,1
Garin C.,101,190,103,87,15,13,88,74,Medvedev D.,3,406,289,117,69,27,220,90,2021-06-06,Paris,French Open,Outdoor,Clay,3.2,1.36,0
Davidovich Fokina A.,39,168,84,84,17,20,67,64,Delbonis F.,131,340,152,188,19,23,133,165,2021-06-06,Paris,French Open,Outdoor,Clay,1.8,2.0,1
Zverev A.,19,500,346,154,60,31,286,123,Nishikori K.,439,617,408,209,70,33,338,176,2021-06-06,Paris,French Open,Outdoor,Clay,1.2,4.5,1
Nadal R.,2,1223,1017,206,76,40,941,166,Sinner J.,8,224,153,71,42,19,111,52,2021-06-07,Paris,French Open,Outdoor,Clay,1.1,7.0,1
Berrettini M.,38,217,142,75,14,11,128,64,Federer R.,8,1143,981,162,167,29,814,133,2021-06-07,Paris,French Open,Outdoor,Clay,,,1
Struff J.L.,21,369,170,199,43,42,127,157,Schwartzman D.,95,428,233,195,32,27,201,168,2021-06-07,Paris,French Open,Outdoor,Clay,2.75,1.44,0
Djokovic N.,2,1207,1012,195,146,42,866,153,Musetti L.,18,143,79,64,12,12,67,52,2021-06-07,Paris,French Open,Outdoor,Clay,1.05,11.0,1
Brown D.,303,158,62,96,11,14,51,82,Basilashvili N.,118,301,138,163,26,34,112,129,2021-06-08,Stuttgart,Mercedes Cup,Outdoor,Grass,2.1,1.72,0
Harris L.,186,129,59,70,7,8,52,62,Simon G.,188,869,491,378,135,94,356,284,2021-06-08,Stuttgart,Mercedes Cup,Outdoor,Grass,1.36,3.2,1
Humbert U.,36,170,80,90,23,21,57,69,Fucsovics M.,67,249,121,128,26,24,95,104,2021-06-08,Stuttgart,Mercedes Cup,Outdoor,Grass,1.72,2.1,1
Medvedev D.,3,406,289,117,69,27,220,90,Tsitsipas S.,5,390,264,126,49,32,215,94,2021-06-08,Paris,French Open,Outdoor,Clay,2.75,1.44,0
Zverev A.,19,500,346,154,60,31,286,123,Davidovich Fokina A.,39,168,84,84,17,20,67,64,2021-06-08,Paris,French Open,Outdoor,Clay,1.12,6.0,1
Cilic M.,100,853,543,310,119,65,424,245,Molleker R.,251,15,4,11,0,0,4,11,2021-06-08,Stuttgart,Mercedes Cup,Outdoor,Grass,1.07,9.0,1
Thompson J.,71,221,96,125,10,10,86,115,Pella G.,199,260,118,142,14,16,104,126,2021-06-09,Stuttgart,Mercedes Cup,Outdoor,Grass,1.53,2.5,1
Querrey S.,287,678,369,309,48,39,321,270,Celikbilek A.,230,9,4,5,3,3,1,2,2021-06-09,Stuttgart,Mercedes Cup,Outdoor,Grass,1.25,4.0,1
Hanfmann Y.,50,99,50,49,5,4,45,45,Chardy J.,542,591,289,302,44,48,245,254,2021-06-09,Stuttgart,Mercedes Cup,Outdoor,Grass,2.75,1.44,1
Popyrin A.,90,140,59,81,9,13,50,68,Lopez F.,634,863,441,422,71,82,370,340,2021-06-09,Stuttgart,Mercedes Cup,Outdoor,Grass,1.66,2.2,0
Nadal R.,2,1223,1017,206,76,40,941,166,Schwartzman D.,95,428,233,195,32,27,201,168,2021-06-09,Paris,French Open,Outdoor,Clay,1.06,10.0,1
Rodionov J.,118,26,9,17,2,3,7,14,Koepfer D.,84,86,38,48,3,3,35,45,2021-06-09,Stuttgart,Mercedes Cup,Outdoor,Grass,4.5,1.2,1
Berrettini M.,38,217,142,75,14,11,128,64,Djokovic N.,2,1207,1012,195,146,42,866,153,2021-06-09,Paris,French Open,Outdoor,Clay,5.0,1.16,0
Stricker D.,106,20,10,10,2,2,8,8,Albot R.,97,215,86,129,26,26,60,103,2021-06-09,Stuttgart,Mercedes Cup,Outdoor,Grass,2.0,1.8,1
Duckworth J.,123,143,55,88,10,9,45,79,Mannarino A.,27,567,264,303,60,73,204,230,2021-06-09,Stuttgart,Mercedes Cup,Outdoor,Grass,2.62,1.5,1
Gojowczyk P.,108,172,75,97,17,18,58,79,Ivashka I.,113,159,78,81,19,18,59,63,2021-06-09,Stuttgart,Mercedes Cup,Outdoor,Grass,,,1
Rodionov J.,118,26,9,17,2,3,7,14,Gojowczyk P.,108,172,75,97,17,18,58,79,2021-06-10,Stuttgart,Mercedes Cup,Outdoor,Grass,3.4,1.33,1
De Minaur A.,19,272,161,111,30,19,131,92,Thompson J.,71,221,96,125,10,10,86,115,2021-06-10,Stuttgart,Mercedes Cup,Outdoor,Grass,1.33,3.4,1
Hanfmann Y.,50,99,50,49,5,4,45,45,Humbert U.,36,170,80,90,23,21,57,69,2021-06-10,Stuttgart,Mercedes Cup,Outdoor,Grass,3.2,1.36,0
Basilashvili N.,118,301,138,163,26,34,112,129,Cilic M.,100,853,543,310,119,65,424,245,2021-06-10,Stuttgart,Mercedes Cup,Outdoor,Grass,3.2,1.36,0
Auger-Aliassime F.,12,268,163,105,48,22,115,83,Harris L.,186,129,59,70,7,8,52,62,2021-06-10,Stuttgart,Mercedes Cup,Outdoor,Grass,1.61,2.3,1
Duckworth J.,123,143,55,88,10,9,45,79,Querrey S.,287,678,369,309,48,39,321,270,2021-06-10,Stuttgart,Mercedes Cup,Outdoor,Grass,2.62,1.5,0
Stricker D.,106,20,10,10,2,2,8,8,Hurkacz H.,17,238,137,101,27,24,110,77,2021-06-10,Stuttgart,Mercedes Cup,Outdoor,Grass,2.75,1.44,1
Cilic M.,100,853,543,310,119,65,424,245,Shapovalov D.,29,298,166,132,30,27,136,105,2021-06-11,Stuttgart,Mercedes Cup,Outdoor,Grass,2.37,1.57,1
Humbert U.,36,170,80,90,23,21,57,69,Auger-Aliassime F.,12,268,163,105,48,22,115,83,2021-06-11,Stuttgart,Mercedes Cup,Outdoor,Grass,2.0,1.8,0
Querrey S.,287,678,369,309,48,39,321,270,Stricker D.,106,20,10,10,2,2,8,8,2021-06-11,Stuttgart,Mercedes Cup,Outdoor,Grass,1.57,2.37,1
Rodionov J.,118,26,9,17,2,3,7,14,De Minaur A.,19,272,161,111,30,19,131,92,2021-06-11,Stuttgart,Mercedes Cup,Outdoor,Grass,4.5,1.2,1
Tsitsipas S.,5,390,264,126,49,32,215,94,Zverev A.,19,500,346,154,60,31,286,123,2021-06-11,Paris,French Open,Outdoor,Clay,1.44,2.75,1
Djokovic N.,2,1207,1012,195,146,42,866,153,Nadal R.,2,1223,1017,206,76,40,941,166,2021-06-11,Paris,French Open,Outdoor,Clay,3.0,1.4,1
Lopez F.,634,863,441,422,71,82,370,340,Shapovalov D.,29,298,166,132,30,27,136,105,2021-06-11,Stuttgart,Mercedes Cup,Outdoor,Grass,2.1,1.72,0
Querrey S.,287,678,369,309,48,39,321,270,Auger-Aliassime F.,12,268,163,105,48,22,115,83,2021-06-12,Stuttgart,Mercedes Cup,Outdoor,Grass,2.62,1.5,0
Cilic M.,100,853,543,310,119,65,424,245,Rodionov J.,118,26,9,17,2,3,7,14,2021-06-12,Stuttgart,Mercedes Cup,Outdoor,Grass,1.22,4.33,1
Tsitsipas S.,5,390,264,126,49,32,215,94,Djokovic N.,2,1207,1012,195,146,42,866,153,2021-06-13,Paris,French Open,Outdoor,Clay,3.0,1.4,0
Auger-Aliassime F.,12,268,163,105,48,22,115,83,Cilic M.,100,853,543,310,119,65,424,245,2021-06-13,Stuttgart,Mercedes Cup,Outdoor,Grass,2.0,1.8,0
Sinner J.,8,224,153,71,42,19,111,52,Draper J.,55,51,29,22,2,3,27,19,2021-06-14,Queens Club,Queen's Club Championships,Outdoor,Grass,1.12,6.0,0
Mannarino A.,27,567,264,303,60,73,204,230,Broady L.,125,47,18,29,5,3,13,26,2021-06-14,Queens Club,Queen's Club Championships,Outdoor,Grass,1.57,2.37,1
Marchenko I.,164,131,50,81,18,23,32,58,Lopez F.,634,863,441,422,71,82,370,340,2021-06-14,Queens Club,Queen's Club Championships,Outdoor,Grass,3.0,1.4,0
Sonego L.,43,221,107,114,19,17,88,97,Troicki V.,230,525,269,256,61,51,208,205,2021-06-14,Queens Club,Queen's Club Championships,Outdoor,Grass,1.57,2.37,0
Karatsev A.,75,136,66,70,10,22,56,48,Tabilo A.,122,44,21,23,5,4,16,19,2021-06-14,Queens Club,Queen's Club Championships,Outdoor,Grass,1.2,4.5,1
Opelka R.,17,168,88,80,17,10,71,70,Millman J.,140,256,113,143,21,22,92,121,2021-06-14,Queens Club,Queen's Club Championships,Outdoor,Grass,1.36,3.2,0
Norrie C.,13,287,172,115,15,18,157,97,Ramos-Vinolas A.,82,437,204,233,17,31,187,202,2021-06-14,Queens Club,Queen's Club Championships,Outdoor,Grass,1.3,3.5,1
Moutet C.,80,118,50,68,5,11,45,57,Goffin D.,123,522,296,226,66,52,230,174,2021-06-14,Halle,Halle Open,Outdoor,Grass,3.2,1.36,1
Altmaier D.,51,79,28,51,1,5,27,46,Thompson J.,71,221,96,125,10,10,86,115,2021-06-14,Halle,Halle Open,Outdoor,Grass,3.2,1.36,0
Pospisil V.,99,280,122,158,39,34,83,124,Giron M.,69,150,68,82,20,14,48,68,2021-06-14,Halle,Halle Open,Outdoor,Grass,1.8,2.0,0
Ivashka I.,113,159,78,81,19,18,59,63,Federer R.,8,1143,981,162,167,29,814,133,2021-06-14,Halle,Halle Open,Outdoor,Grass,5.5,1.14,0
Bautista Agut R.,25,379,234,145,31,29,203,116,Korda S.,26,126,75,51,15,9,60,42,2021-06-14,Halle,Halle Open,Outdoor,Grass,1.44,2.75,0
Lacko L.,214,215,81,134,19,29,62,105,Pella G.,199,260,118,142,14,16,104,126,2021-06-15,Halle,Halle Open,Outdoor,Grass,1.9,1.9,1
Berrettini M.,38,217,142,75,14,11,128,64,Travaglia S.,1024,81,27,54,5,12,22,42,2021-06-15,Queens Club,Queen's Club Championships,Outdoor,Grass,1.2,4.5,1
Bublik A.,25,219,110,109,39,30,71,79,Chardy J.,542,591,289,302,44,48,245,254,2021-06-15,Queens Club,Queen's Club Championships,Outdoor,Grass,2.1,1.72,1
Djere L.,38,243,120,123,10,22,110,101,De Minaur A.,19,272,161,111,30,19,131,92,2021-06-15,Queens Club,Queen's Club Championships,Outdoor,Grass,7.0,1.1,0
Popyrin A.,90,140,59,81,9,13,50,68,Evans D.,30,251,124,127,18,16,106,111,2021-06-15,Queens Club,Queen's Club Championships,Outdoor,Grass,2.62,1.5,0
Tiafoe F.,10,303,158,145,24,23,134,122,Bedene A.,347,291,131,160,18,23,113,137,2021-06-15,Queens Club,Queen's Club Championships,Outdoor,Grass,1.53,2.5,1
Nishikori K.,439,617,408,209,70,33,338,176,Berankis R.,212,249,104,145,36,31,68,114,2021-06-15,Halle,Halle Open,Outdoor,Grass,1.36,3.2,1
Paire B.,149,527,237,290,39,56,198,234,Murray A.,44,932,687,245,132,47,555,198,2021-06-15,Queens Club,Queen's Club Championships,Outdoor,Grass,2.5,1.53,0
Shapovalov D.,29,298,166,132,30,27,136,105,Vukic A.,62,36,15,21,2,1,13,20,2021-06-15,Queens Club,Queen's Club Championships,Outdoor,Grass,1.14,5.5,1
Ofner S.,61,34,16,18,1,2,15,16,Cilic M.,100,853,543,310,119,65,424,245,2021-06-15,Queens Club,Queen's Club Championships,Outdoor,Grass,6.0,1.12,0
Hanfmann Y.,50,99,50,49,5,4,45,45,Rinderknech A.,67,96,46,50,16,12,30,38,2021-06-15,Halle,Halle Open,Outdoor,Grass,2.0,1.8,0
Humbert U.,36,170,80,90,23,21,57,69,Querrey S.,287,678,369,309,48,39,321,270,2021-06-15,Halle,Halle Open,Outdoor,Grass,1.57,2.37,1
Koepfer D.,84,86,38,48,3,3,35,45,Zverev A.,19,500,346,154,60,31,286,123,2021-06-15,Halle,Halle Open,Outdoor,Grass,4.5,1.2,0
Auger-Aliassime F.,12,268,163,105,48,22,115,83,Hurkacz H.,17,238,137,101,27,24,110,77,2021-06-15,Halle,Halle Open,Outdoor,Grass,1.57,2.37,1
Rublev A.,7,392,255,137,57,34,198,103,Khachanov K.,11,378,217,161,44,38,173,123,2021-06-15,Halle,Halle Open,Outdoor,Grass,1.53,2.5,1
Monfils G.,323,816,510,306,131,65,379,241,Harris L.,186,129,59,70,7,8,52,62,2021-06-15,Halle,Halle Open,Outdoor,Grass,2.2,1.66,0
Rodionov J.,118,26,9,17,2,3,7,14,Kohlschreiber P.,132,812,446,366,76,73,370,293,2021-06-15,Halle,Halle Open,Outdoor,Grass,3.0,1.4,0
Struff J.L.,21,369,170,199,43,42,127,157,Medvedev D.,3,406,289,117,69,27,220,90,2021-06-15,Halle,Halle Open,Outdoor,Grass,3.75,1.28,1
Fognini F.,128,742,383,359,39,48,344,311,Lu Y.,625,11,1,10,0,0,1,10,2021-06-15,Queens Club,Queen's Club Championships,Outdoor,Grass,1.3,3.5,1
Basilashvili N.,118,301,138,163,26,34,112,129,Simon G.,188,869,491,378,135,94,356,284,2021-06-15,Halle,Halle Open,Outdoor,Grass,1.53,2.5,1
De Minaur A.,19,272,161,111,30,19,131,92,Millman J.,140,256,113,143,21,22,92,121,2021-06-16,Queens Club,Queen's Club Championships,Outdoor,Grass,1.33,3.4,1
Norrie C.,13,287,172,115,15,18,157,97,Karatsev A.,75,136,66,70,10,22,56,48,2021-06-16,Queens Club,Queen's Club Championships,Outdoor,Grass,2.0,1.8,1
Federer R.,8,1143,981,162,167,29,814,133,Auger-Aliassime F.,12,268,163,105,48,22,115,83,2021-06-16,Halle,Halle Open,Outdoor,Grass,1.5,2.62,0
Struff J.L.,21,369,170,199,43,42,127,157,Giron M.,69,150,68,82,20,14,48,68,2021-06-16,Halle,Halle Open,Outdoor,Grass,1.36,3.2,0
Bublik A.,25,219,110,109,39,30,71,79,Draper J.,55,51,29,22,2,3,27,19,2021-06-16,Queens Club,Queen's Club Championships,Outdoor,Grass,1.5,2.62,0
Thompson J.,71,221,96,125,10,10,86,115,Rublev A.,7,392,255,137,57,34,198,103,2021-06-16,Halle,Halle Open,Outdoor,Grass,4.33,1.22,0
Kohlschreiber P.,132,812,446,366,76,73,370,293,Moutet C.,80,118,50,68,5,11,45,57,2021-06-16,Halle,Halle Open,Outdoor,Grass,1.5,2.62,1
Fognini F.,128,742,383,359,39,48,344,311,Cilic M.,100,853,543,310,119,65,424,245,2021-06-16,Queens Club,Queen's Club Championships,Outdoor,Grass,4.0,1.25,0
Murray A.,44,932,687,245,132,47,555,198,Berrettini M.,38,217,142,75,14,11,128,64,2021-06-17,Queens Club,Queen's Club Championships,Outdoor,Grass,3.4,1.33,0
Lopez F.,634,863,441,422,71,82,370,340,Shapovalov D.,29,298,166,132,30,27,136,105,2021-06-17,Queens Club,Queen's Club Championships,Outdoor,Grass,2.75,1.44,0
Tiafoe F.,10,303,158,145,24,23,134,122,Troicki V.,230,525,269,256,61,51,208,205,2021-06-17,Queens Club,Queen's Club Championships,Outdoor,Grass,1.44,2.75,1
Rinderknech A.,67,96,46,50,16,12,30,38,Basilashvili N.,118,301,138,163,26,34,112,129,2021-06-17,Halle,Halle Open,Outdoor,Grass,1.72,2.1,0
Zverev A.,19,500,346,154,60,31,286,123,Humbert U.,36,170,80,90,23,21,57,69,2021-06-17,Halle,Halle Open,Outdoor,Grass,1.4,3.0,0
Harris L.,186,129,59,70,7,8,52,62,Lacko L.,214,215,81,134,19,29,62,105,2021-06-17,Halle,Halle Open,Outdoor,Grass,1.28,3.75,1
Nishikori K.,439,617,408,209,70,33,338,176,Korda S.,26,126,75,51,15,9,60,42,2021-06-17,Halle,Halle Open,Outdoor,Grass,2.1,1.72,0
Evans D.,30,251,124,127,18,16,106,111,Mannarino A.,27,567,264,303,60,73,204,230,2021-06-17,Queens Club,Queen's Club Championships,Outdoor,Grass,1.53,2.5,1
Berrettini M.,38,217,142,75,14,11,128,64,Evans D.,30,251,124,127,18,16,106,111,2021-06-18,Queens Club,Queen's Club Championships,Outdoor,Grass,1.4,3.0,1
Cilic M.,100,853,543,310,119,65,424,245,De Minaur A.,19,272,161,111,30,19,131,92,2021-06-18,Queens Club,Queen's Club Championships,Outdoor,Grass,1.8,2.0,0
Norrie C.,13,287,172,115,15,18,157,97,Draper J.,55,51,29,22,2,3,27,19,2021-06-18,Queens Club,Queen's Club Championships,Outdoor,Grass,1.44,2.75,1
Rublev A.,7,392,255,137,57,34,198,103,Kohlschreiber P.,132,812,446,366,76,73,370,293,2021-06-18,Halle,Halle Open,Outdoor,Grass,1.28,3.75,1
Humbert U.,36,170,80,90,23,21,57,69,Korda S.,26,126,75,51,15,9,60,42,2021-06-18,Halle,Halle Open,Outdoor,Grass,1.66,2.2,1
Giron M.,69,150,68,82,20,14,48,68,Auger-Aliassime F.,12,268,163,105,48,22,115,83,2021-06-18,Halle,Halle Open,Outdoor,Grass,3.75,1.28,0
Harris L.,186,129,59,70,7,8,52,62,Basilashvili N.,118,301,138,163,26,34,112,129,2021-06-18,Halle,Halle Open,Outdoor,Grass,1.61,2.3,0
Humbert U.,36,170,80,90,23,21,57,69,Auger-Aliassime F.,12,268,163,105,48,22,115,83,2021-06-19,Halle,Halle Open,Outdoor,Grass,2.3,1.61,1
Rublev A.,7,392,255,137,57,34,198,103,Basilashvili N.,118,301,138,163,26,34,112,129,2021-06-19,Halle,Halle Open,Outdoor,Grass,1.22,4.33,1
Shapovalov D.,29,298,166,132,30,27,136,105,Norrie C.,13,287,172,115,15,18,157,97,2021-06-19,Queens Club,Queen's Club Championships,Outdoor,Grass,1.5,2.62,0
Shapovalov D.,29,298,166,132,30,27,136,105,Tiafoe F.,10,303,158,145,24,23,134,122,2021-06-19,Queens Club,Queen's Club Championships,Outdoor,Grass,1.4,3.0,1
De Minaur A.,19,272,161,111,30,19,131,92,Berrettini M.,38,217,142,75,14,11,128,64,2021-06-19,Queens Club,Queen's Club Championships,Outdoor,Grass,3.0,1.4,0
Struff J.L.,21,369,170,199,43,42,127,157,Mannarino A.,27,567,264,303,60,73,204,230,2021-06-20,Mallorca,Mallorca Championships,Outdoor,Grass,1.57,2.37,0
Thompson J.,71,221,96,125,10,10,86,115,Andujar P.,323,404,164,240,12,30,152,210,2021-06-20,Mallorca,Mallorca Championships,Outdoor,Grass,1.2,4.5,1
Humbert U.,36,170,80,90,23,21,57,69,Rublev A.,7,392,255,137,57,34,198,103,2021-06-20,Halle,Halle Open,Outdoor,Grass,3.0,1.4,1
Berrettini M.,38,217,142,75,14,11,128,64,Norrie C.,13,287,172,115,15,18,157,97,2021-06-20,Queens Club,Queen's Club Championships,Outdoor,Grass,1.28,3.75,1
Lopez F.,634,863,441,422,71,82,370,340,Kuhn N.,259,12,3,9,1,1,2,8,2021-06-21,Mallorca,Mallorca Championships,Outdoor,Grass,1.22,4.33,1
Vesely J.,528,288,130,158,6,19,124,139,Caruso S.,146,63,19,44,5,9,14,35,2021-06-21,Mallorca,Mallorca Championships,Outdoor,Grass,1.44,2.75,1
Khachanov K.,11,378,217,161,44,38,173,123,Pouille L.,675,259,134,125,35,26,99,99,2021-06-21,Mallorca,Mallorca Championships,Outdoor,Grass,1.36,3.2,1
Sandgren T.,153,121,47,74,2,9,45,65,Munar J.,104,178,75,103,7,12,68,91,2021-06-21,Mallorca,Mallorca Championships,Outdoor,Grass,1.57,2.37,1
Lajovic D.,66,378,163,215,21,36,142,179,Klein L.,142,7,2,5,0,1,2,4,2021-06-21,Mallorca,Mallorca Championships,Outdoor,Grass,1.8,2.0,0
Travaglia S.,1024,81,27,54,5,12,22,42,Pella G.,199,260,118,142,14,16,104,126,2021-06-21,Mallorca,Mallorca Championships,Outdoor,Grass,1.61,2.3,1
Moutet C.,80,118,50,68,5,11,45,57,Harris L.,186,129,59,70,7,8,52,62,2021-06-21,Mallorca,Mallorca Championships,Outdoor,Grass,2.62,1.5,1
Simon G.,188,869,491,378,135,94,356,284,Ruud C.,4,275,176,99,19,16,157,83,2021-06-21,Mallorca,Mallorca Championships,Outdoor,Grass,2.5,1.53,0
Popyrin A.,90,140,59,81,9,13,50,68,Gombos N.,114,66,21,45,6,14,15,31,2021-06-22,Eastbourne,Viking International,Outdoor,Grass,1.36,3.2,1
Khachanov K.,11,378,217,161,44,38,173,123,Lopez F.,634,863,441,422,71,82,370,340,2021-06-22,Mallorca,Mallorca Championships,Outdoor,Grass,1.57,2.37,0
Mannarino A.,27,567,264,303,60,73,204,230,Thiem D.,116,517,327,190,53,39,274,151,2021-06-22,Mallorca,Mallorca Championships,Outdoor,Grass,2.3,1.61,1
Gerasimov E.,150,93,43,50,19,19,24,31,Tsonga J.W.,297,672,444,228,139,62,305,166,2021-06-22,Eastbourne,Viking International,Outdoor,Grass,2.37,1.57,1
Sandgren T.,153,121,47,74,2,9,45,65,Ruud C.,4,275,176,99,19,16,157,83,2021-06-22,Mallorca,Mallorca Championships,Outdoor,Grass,2.62,1.5,0
Kecmanovic M.,40,210,107,103,12,16,95,87,Humbert U.,36,170,80,90,23,21,57,69,2021-06-22,Mallorca,Mallorca Championships,Outdoor,Grass,2.37,1.57,0
Carballes Baena R.,64,207,91,116,11,10,80,106,Querrey S.,287,678,369,309,48,39,321,270,2021-06-22,Mallorca,Mallorca Championships,Outdoor,Grass,3.75,1.28,0
Medvedev D.,3,406,289,117,69,27,220,90,Moutet C.,80,118,50,68,5,11,45,57,2021-06-22,Mallorca,Mallorca Championships,Outdoor,Grass,1.14,5.5,1
Gray A.,288,4,1,3,0,0,1,3,Ivashka I.,113,159,78,81,19,18,59,63,2021-06-22,Eastbourne,Viking International,Outdoor,Grass,6.5,1.11,0
Bublik A.,25,219,110,109,39,30,71,79,Kukushkin M.,221,352,141,211,50,49,91,162,2021-06-22,Eastbourne,Viking International,Outdoor,Grass,1.44,2.75,1
Purcell M.,78,28,9,19,0,0,9,19,Duckworth J.,123,143,55,88,10,9,45,79,2021-06-22,Eastbourne,Viking International,Outdoor,Grass,3.0,1.4,1
Ruusuvuori E.,55,158,79,79,16,18,63,61,Ramos-Vinolas A.,82,437,204,233,17,31,187,202,2021-06-22,Eastbourne,Viking International,Outdoor,Grass,1.61,2.3,1
Seppi A.,141,758,363,395,74,85,289,310,Nishioka Y.,31,215,99,116,15,15,84,101,2021-06-22,Eastbourne,Viking International,Outdoor,Grass,1.57,2.37,1
Davidovich Fokina A.,39,168,84,84,17,20,67,64,Ymer M.,59,130,58,72,18,23,40,49,2021-06-22,Eastbourne,Viking International,Outdoor,Grass,1.72,2.1,1
Fucsovics M.,67,249,121,128,26,24,95,104,Bedene A.,347,291,131,160,18,23,113,137,2021-06-22,Eastbourne,Viking International,Outdoor,Grass,2.0,1.8,1
Pospisil V.,99,280,122,158,39,34,83,124,Ward J.,340,65,15,50,1,2,14,48,2021-06-22,Eastbourne,Viking International,Outdoor,Grass,1.28,3.75,1
Broady L.,125,47,18,29,5,3,13,26,Tiafoe F.,10,303,158,145,24,23,134,122,2021-06-22,Eastbourne,Viking International,Outdoor,Grass,4.0,1.25,1
Millman J.,140,256,113,143,21,22,92,121,Clarke J.,156,13,2,11,0,0,2,11,2021-06-22,Eastbourne,Viking International,Outdoor,Grass,1.28,3.75,1
Monfils G.,323,816,510,306,131,65,379,241,Purcell M.,78,28,9,19,0,0,9,19,2021-06-23,Eastbourne,Viking International,Outdoor,Grass,1.44,2.75,0
Bublik A.,25,219,110,109,39,30,71,79,Gerasimov E.,150,93,43,50,19,19,24,31,2021-06-23,Eastbourne,Viking International,Outdoor,Grass,1.4,3.0,1
Kwon S.W.,68,108,53,55,12,6,41,49,Fucsovics M.,67,249,121,128,26,24,95,104,2021-06-23,Eastbourne,Viking International,Outdoor,Grass,2.37,1.57,1
Querrey S.,287,678,369,309,48,39,321,270,Humbert U.,36,170,80,90,23,21,57,69,2021-06-23,Mallorca,Mallorca Championships,Outdoor,Grass,2.3,1.61,1
Ivashka I.,113,159,78,81,19,18,59,63,Popyrin A.,90,140,59,81,9,13,50,68,2021-06-23,Eastbourne,Viking International,Outdoor,Grass,1.8,2.0,1
Carreno Busta P.,16,352,214,138,33,25,181,113,Vesely J.,528,288,130,158,6,19,124,139,2021-06-23,Mallorca,Mallorca Championships,Outdoor,Grass,1.66,2.2,1
Klein L.,142,7,2,5,0,1,2,4,Thompson J.,71,221,96,125,10,10,86,115,2021-06-23,Mallorca,Mallorca Championships,Outdoor,Grass,2.62,1.5,0
Travaglia S.,1024,81,27,54,5,12,22,42,Bautista Agut R.,25,379,234,145,31,29,203,116,2021-06-23,Mallorca,Mallorca Championships,Outdoor,Grass,3.75,1.28,0
Pospisil V.,99,280,122,158,39,34,83,124,Davidovich Fokina A.,39,168,84,84,17,20,67,64,2021-06-23,Eastbourne,Viking International,Outdoor,Grass,1.9,1.9,1
Broady L.,125,47,18,29,5,3,13,26,De Minaur A.,19,272,161,111,30,19,131,92,2021-06-23,Eastbourne,Viking International,Outdoor,Grass,5.0,1.16,0
Sonego L.,43,221,107,114,19,17,88,97,Millman J.,140,256,113,143,21,22,92,121,2021-06-23,Eastbourne,Viking International,Outdoor,Grass,1.8,2.0,1
Seppi A.,141,758,363,395,74,85,289,310,Ruusuvuori E.,55,158,79,79,16,18,63,61,2021-06-23,Eastbourne,Viking International,Outdoor,Grass,2.1,1.72,1
Carreno Busta P.,16,352,214,138,33,25,181,113,Thompson J.,71,221,96,125,10,10,86,115,2021-06-24,Mallorca,Mallorca Championships,Outdoor,Grass,1.53,2.5,1
Bautista Agut R.,25,379,234,145,31,29,203,116,Querrey S.,287,678,369,309,48,39,321,270,2021-06-24,Mallorca,Mallorca Championships,Outdoor,Grass,1.36,3.2,0
Lopez F.,634,863,441,422,71,82,370,340,Mannarino A.,27,567,264,303,60,73,204,230,2021-06-24,Mallorca,Mallorca Championships,Outdoor,Grass,1.72,2.1,0
Medvedev D.,3,406,289,117,69,27,220,90,Ruud C.,4,275,176,99,19,16,157,83,2021-06-24,Mallorca,Mallorca Championships,Outdoor,Grass,1.2,4.5,1
Pospisil V.,99,280,122,158,39,34,83,124,De Minaur A.,19,272,161,111,30,19,131,92,2021-06-24,Eastbourne,Viking International,Outdoor,Grass,2.75,1.44,0
Kwon S.W.,68,108,53,55,12,6,41,49,Ivashka I.,113,159,78,81,19,18,59,63,2021-06-24,Eastbourne,Viking International,Outdoor,Grass,2.37,1.57,1
Seppi A.,141,758,363,395,74,85,289,310,Purcell M.,78,28,9,19,0,0,9,19,2021-06-24,Eastbourne,Viking International,Outdoor,Grass,1.44,2.75,0
Sonego L.,43,221,107,114,19,17,88,97,Bublik A.,25,219,110,109,39,30,71,79,2021-06-24,Eastbourne,Viking International,Outdoor,Grass,2.0,1.8,1
Querrey S.,287,678,369,309,48,39,321,270,Mannarino A.,27,567,264,303,60,73,204,230,2021-06-25,Mallorca,Mallorca Championships,Outdoor,Grass,1.57,2.37,1
Kwon S.W.,68,108,53,55,12,6,41,49,De Minaur A.,19,272,161,111,30,19,131,92,2021-06-25,Eastbourne,Viking International,Outdoor,Grass,4.33,1.22,0
Purcell M.,78,28,9,19,0,0,9,19,Sonego L.,43,221,107,114,19,17,88,97,2021-06-25,Eastbourne,Viking International,Outdoor,Grass,4.33,1.22,0
Carreno Busta P.,16,352,214,138,33,25,181,113,Medvedev D.,3,406,289,117,69,27,220,90,2021-06-25,Mallorca,Mallorca Championships,Outdoor,Grass,4.5,1.2,0
Medvedev D.,3,406,289,117,69,27,220,90,Querrey S.,287,678,369,309,48,39,321,270,2021-06-26,Mallorca,Mallorca Championships,Outdoor,Grass,1.28,3.75,1
Sonego L.,43,221,107,114,19,17,88,97,De Minaur A.,19,272,161,111,30,19,131,92,2021-06-26,Eastbourne,Viking International,Outdoor,Grass,2.75,1.44,0
Broady L.,125,47,18,29,5,3,13,26,Cecchinato M.,108,204,79,125,2,14,77,111,2021-06-28,London,Wimbledon,Outdoor,Grass,1.4,3.0,1
Pospisil V.,99,280,122,158,39,34,83,124,Carballes Baena R.,64,207,91,116,11,10,80,106,2021-06-28,London,Wimbledon,Outdoor,Grass,1.25,4.0,1
Murray A.,44,932,687,245,132,47,555,198,Basilashvili N.,118,301,138,163,26,34,112,129,2021-06-28,London,Wimbledon,Outdoor,Grass,1.9,1.9,1
Travaglia S.,1024,81,27,54,5,12,22,42,Martinez P.,135,118,50,68,7,6,43,62,2021-06-28,London,Wimbledon,Outdoor,Grass,1.28,3.75,0
Opelka R.,17,168,88,80,17,10,71,70,Koepfer D.,84,86,38,48,3,3,35,45,2021-06-28,London,Wimbledon,Outdoor,Grass,1.61,2.3,0
Khachanov K.,11,378,217,161,44,38,173,123,Mcdonald M.,60,190,87,103,11,15,76,88,2021-06-28,London,Wimbledon,Outdoor,Grass,1.61,2.3,1
Delbonis F.,131,340,152,188,19,23,133,165,Rublev A.,7,392,255,137,57,34,198,103,2021-06-28,London,Wimbledon,Outdoor,Grass,15.0,1.03,0
Vesely J.,528,288,130,158,6,19,124,139,Hanfmann Y.,50,99,50,49,5,4,45,45,2021-06-28,London,Wimbledon,Outdoor,Grass,1.53,2.5,1
Bautista Agut R.,25,379,234,145,31,29,203,116,Millman J.,140,256,113,143,21,22,92,121,2021-06-28,London,Wimbledon,Outdoor,Grass,1.22,4.33,1
Sinner J.,8,224,153,71,42,19,111,52,Fucsovics M.,67,249,121,128,26,24,95,104,2021-06-28,London,Wimbledon,Outdoor,Grass,1.5,2.62,0
Sousa J.,147,436,189,247,42,44,147,203,Seppi A.,141,758,363,395,74,85,289,310,2021-06-28,London,Wimbledon,Outdoor,Grass,2.75,1.44,0
Kudla D.,137,198,70,128,5,14,65,114,Davidovich Fokina A.,39,168,84,84,17,20,67,64,2021-06-28,London,Wimbledon,Outdoor,Grass,1.9,1.9,1
Anderson K.,652,598,347,251,48,38,299,213,Barrios M.,121,10,3,7,0,0,3,7,2021-06-28,London,Wimbledon,Outdoor,Grass,1.25,4.0,1
Bagnis F.,135,121,39,82,9,8,30,74,Kecmanovic M.,40,210,107,103,12,16,95,87,2021-06-28,London,Wimbledon,Outdoor,Grass,7.0,1.1,0
Tsitsipas S.,5,390,264,126,49,32,215,94,Tiafoe F.,10,303,158,145,24,23,134,122,2021-06-28,London,Wimbledon,Outdoor,Grass,1.14,5.5,0
Draper J.,55,51,29,22,2,3,27,19,Djokovic N.,2,1207,1012,195,146,42,866,153,2021-06-28,London,Wimbledon,Outdoor,Grass,26.0,1.01,0
Kohlschreiber P.,132,812,446,366,76,73,370,293,Shapovalov D.,29,298,166,132,30,27,136,105,2021-06-29,London,Wimbledon,Outdoor,Grass,4.33,1.22,0
Otte O.,233,78,33,45,6,14,27,31,Rinderknech A.,67,96,46,50,16,12,30,38,2021-06-29,London,Wimbledon,Outdoor,Grass,2.3,1.61,1
Djere L.,38,243,120,123,10,22,110,101,Cuevas P.,149,421,210,211,34,25,176,186,2021-06-29,London,Wimbledon,Outdoor,Grass,2.5,1.53,1
Kwon S.W.,68,108,53,55,12,6,41,49,Masur D.,222,6,1,5,0,1,1,4,2021-06-29,London,Wimbledon,Outdoor,Grass,1.28,3.75,1
Lu Y.,625,11,1,10,0,0,1,10,Polmans M.,165,19,5,14,0,3,5,11,2021-06-29,London,Wimbledon,Outdoor,Grass,3.2,1.36,0
Andujar P.,323,404,164,240,12,30,152,210,Herbert P.H.,157,202,89,113,31,38,58,75,2021-06-29,London,Wimbledon,Outdoor,Grass,4.5,1.2,1
Lajovic D.,66,378,163,215,21,36,142,179,Simon G.,188,869,491,378,135,94,356,284,2021-06-29,London,Wimbledon,Outdoor,Grass,2.37,1.57,1
Bolt A.,345,40,13,27,0,0,13,27,Krajinovic F.,93,240,115,125,38,34,77,91,2021-06-29,London,Wimbledon,Outdoor,Grass,1.57,2.37,1
Gombos N.,114,66,21,45,6,14,15,31,Sandgren T.,153,121,47,74,2,9,45,65,2021-06-29,London,Wimbledon,Outdoor,Grass,2.37,1.57,0
Clarke J.,156,13,2,11,0,0,2,11,Gerasimov E.,150,93,43,50,19,19,24,31,2021-06-29,London,Wimbledon,Outdoor,Grass,3.0,1.4,0
Berankis R.,212,249,104,145,36,31,68,114,Harris L.,186,129,59,70,7,8,52,62,2021-06-29,London,Wimbledon,Outdoor,Grass,2.5,1.53,0
Gasquet R.,48,948,581,367,133,82,448,285,Sugita Y.,131,129,47,82,6,12,41,70,2021-06-29,London,Wimbledon,Outdoor,Grass,1.22,4.33,1
Musetti L.,18,143,79,64,12,12,67,52,Hurkacz H.,17,238,137,101,27,24,110,77,2021-06-29,London,Wimbledon,Outdoor,Grass,2.75,1.44,0
Lopez F.,634,863,441,422,71,82,370,340,Evans D.,30,251,124,127,18,16,106,111,2021-06-29,London,Wimbledon,Outdoor,Grass,2.75,1.44,0
Fognini F.,128,742,383,359,39,48,344,311,Ramos-Vinolas A.,82,437,204,233,17,31,187,202,2021-06-29,London,Wimbledon,Outdoor,Grass,1.36,3.2,1
Zverev A.,19,500,346,154,60,31,286,123,Griekspoor T.,37,97,47,50,7,14,40,36,2021-06-29,London,Wimbledon,Outdoor,Grass,1.05,11.0,1
Korda S.,26,126,75,51,15,9,60,42,De Minaur A.,19,272,161,111,30,19,131,92,2021-06-29,London,Wimbledon,Outdoor,Grass,2.37,1.57,1
Federer R.,8,1143,981,162,167,29,814,133,Mannarino A.,27,567,264,303,60,73,204,230,2021-06-29,London,Wimbledon,Outdoor,Grass,1.14,5.5,1
Medvedev D.,3,406,289,117,69,27,220,90,Struff J.L.,21,369,170,199,43,42,127,157,2021-06-29,London,Wimbledon,Outdoor,Grass,1.14,5.5,1
Hoang A.,155,19,6,13,2,5,4,8,Zhang Zh.,53,44,20,24,1,2,19,22,2021-06-29,London,Wimbledon,Outdoor,Grass,1.8,2.0,1
Paire B.,149,527,237,290,39,56,198,234,Schwartzman D.,95,428,233,195,32,27,201,168,2021-06-29,London,Wimbledon,Outdoor,Grass,5.5,1.14,0
Evans D.,30,251,124,127,18,16,106,111,Lajovic D.,66,378,163,215,21,36,142,179,2021-06-30,London,Wimbledon,Outdoor,Grass,1.1,7.0,1
Kyrgios N.,25,303,195,108,11,7,184,101,Humbert U.,36,170,80,90,23,21,57,69,2021-06-30,London,Wimbledon,Outdoor,Grass,2.5,1.53,1
Bonzi B.,107,83,37,46,10,13,27,33,Trungelliti M.,240,33,13,20,2,2,11,18,2021-06-30,London,Wimbledon,Outdoor,Grass,1.25,4.0,1
Monfils G.,323,816,510,306,131,65,379,241,O Connell C.,74,65,26,39,0,0,26,39,2021-06-30,London,Wimbledon,Outdoor,Grass,1.9,1.9,1
Kukushkin M.,221,352,141,211,50,49,91,162,Bublik A.,25,219,110,109,39,30,71,79,2021-06-30,London,Wimbledon,Outdoor,Grass,4.33,1.22,0
Djokovic N.,2,1207,1012,195,146,42,866,153,Anderson K.,652,598,347,251,48,38,299,213,2021-06-30,London,Wimbledon,Outdoor,Grass,1.02,19.0,1
Kudla D.,137,198,70,128,5,14,65,114,Seppi A.,141,758,363,395,74,85,289,310,2021-06-30,London,Wimbledon,Outdoor,Grass,1.66,2.2,1
Fucsovics M.,67,249,121,128,26,24,95,104,Vesely J.,528,288,130,158,6,19,124,139,2021-06-30,London,Wimbledon,Outdoor,Grass,1.53,2.5,1
Tiafoe F.,10,303,158,145,24,23,134,122,Pospisil V.,99,280,122,158,39,34,83,124,2021-06-30,London,Wimbledon,Outdoor,Grass,1.8,2.0,1
Andujar P.,323,404,164,240,12,30,152,210,Shapovalov D.,29,298,166,132,30,27,136,105,2021-06-30,London,Wimbledon,Outdoor,Grass,9.0,1.07,0
Fognini F.,128,742,383,359,39,48,344,311,Djere L.,38,243,120,123,10,22,110,101,2021-06-30,London,Wimbledon,Outdoor,Grass,1.33,3.4,1
Koepfer D.,84,86,38,48,3,3,35,45,Kwon S.W.,68,108,53,55,12,6,41,49,2021-06-30,London,Wimbledon,Outdoor,Grass,1.57,2.37,1
Monteiro T.,121,171,69,102,9,11,60,91,Auger-Aliassime F.,12,268,163,105,48,22,115,83,2021-06-30,London,Wimbledon,Outdoor,Grass,8.0,1.08,0
Schwartzman D.,95,428,233,195,32,27,201,168,Broady L.,125,47,18,29,5,3,13,26,2021-06-30,London,Wimbledon,Outdoor,Grass,1.22,4.33,1
Hoang A.,155,19,6,13,2,5,4,8,Korda S.,26,126,75,51,15,9,60,42,2021-06-30,London,Wimbledon,Outdoor,Grass,8.0,1.08,0
Otte O.,233,78,33,45,6,14,27,31,Murray A.,44,932,687,245,132,47,555,198,2021-06-30,London,Wimbledon,Outdoor,Grass,3.4,1.33,0
Rublev A.,7,392,255,137,57,34,198,103,Harris L.,186,129,59,70,7,8,52,62,2021-06-30,London,Wimbledon,Outdoor,Grass,1.16,5.0,1
Khachanov K.,11,378,217,161,44,38,173,123,Gerasimov E.,150,93,43,50,19,19,24,31,2021-06-30,London,Wimbledon,Outdoor,Grass,1.2,4.5,1
Fritz T.,9,356,205,151,26,22,179,129,Nakashima B.,70,106,57,49,6,5,51,44,2021-06-30,London,Wimbledon,Outdoor,Grass,2.75,1.44,1
Johnson S.,197,395,196,199,16,23,180,176,Novak D.,166,58,15,43,6,16,9,27,2021-06-30,London,Wimbledon,Outdoor,Grass,1.8,2.0,1
Sousa P.,475,36,9,27,1,3,8,24,Sonego L.,43,221,107,114,19,17,88,97,2021-06-30,London,Wimbledon,Outdoor,Grass,15.0,1.03,0
Cilic M.,100,853,543,310,119,65,424,245,Caruso S.,146,63,19,44,5,9,14,35,2021-06-30,London,Wimbledon,Outdoor,Grass,1.06,10.0,1
Thompson J.,71,221,96,125,10,10,86,115,Ruud C.,4,275,176,99,19,16,157,83,2021-06-30,London,Wimbledon,Outdoor,Grass,2.62,1.5,1
Nishikori K.,439,617,408,209,70,33,338,176,Popyrin A.,90,140,59,81,9,13,50,68,2021-06-30,London,Wimbledon,Outdoor,Grass,1.4,3.0,1
Munar J.,104,178,75,103,7,12,68,91,Ivashka I.,113,159,78,81,19,18,59,63,2021-06-30,London,Wimbledon,Outdoor,Grass,3.2,1.36,0
Bedene A.,347,291,131,160,18,23,113,137,Moutet C.,80,118,50,68,5,11,45,57,2021-06-30,London,Wimbledon,Outdoor,Grass,1.8,2.0,1
Barrere G.,59,79,31,48,11,16,20,32,Van De Zandschulp B.,44,117,63,54,11,11,52,43,2021-06-30,London,Wimbledon,Outdoor,Grass,1.57,2.37,0
Karatsev A.,75,136,66,70,10,22,56,48,Chardy J.,542,591,289,302,44,48,245,254,2021-06-30,London,Wimbledon,Outdoor,Grass,1.66,2.2,0
Nishioka Y.,31,215,99,116,15,15,84,101,Isner J.,114,755,465,290,53,45,412,245,2021-06-30,London,Wimbledon,Outdoor,Grass,5.5,1.14,1
Alcaraz C.,1,164,130,34,10,5,120,29,Uchiyama Y.,314,33,9,24,1,3,8,21,2021-06-30,London,Wimbledon,Outdoor,Grass,1.44,2.75,1
Berrettini M.,38,217,142,75,14,11,128,64,Pella G.,199,260,118,142,14,16,104,126,2021-06-30,London,Wimbledon,Outdoor,Grass,1.02,17.0,1
Ruusuvuori E.,55,158,79,79,16,18,63,61,Giron M.,69,150,68,82,20,14,48,68,2021-06-30,London,Wimbledon,Outdoor,Grass,2.2,1.66,0
Dimitrov G.,20,651,389,262,79,50,310,212,Verdasco F.,244,962,537,425,79,79,458,346,2021-06-30,London,Wimbledon,Outdoor,Grass,1.25,4.0,1
Ymer M.,59,130,58,72,18,23,40,49,Tsonga J.W.,297,672,444,228,139,62,305,166,2021-06-30,London,Wimbledon,Outdoor,Grass,1.9,1.9,1
Garin C.,101,190,103,87,15,13,88,74,Zapata Miralles B.,54,80,32,48,1,6,31,42,2021-06-30,London,Wimbledon,Outdoor,Grass,1.53,2.5,1
Albot R.,97,215,86,129,26,26,60,103,Duckworth J.,123,143,55,88,10,9,45,79,2021-06-30,London,Wimbledon,Outdoor,Grass,2.37,1.57,0
Londero J.I.,142,83,34,49,3,5,31,44,Mager G.,67,59,24,35,3,7,21,28,2021-06-30,London,Wimbledon,Outdoor,Grass,2.62,1.5,0
Norrie C.,13,287,172,115,15,18,157,97,Pouille L.,675,259,134,125,35,26,99,99,2021-06-30,London,Wimbledon,Outdoor,Grass,1.22,4.33,1
Querrey S.,287,678,369,309,48,39,321,270,Carreno Busta P.,16,352,214,138,33,25,181,113,2021-06-30,London,Wimbledon,Outdoor,Grass,1.72,2.1,1
Galan D.E.,76,78,33,45,3,5,30,40,Coria F.,108,99,43,56,2,6,41,50,2021-06-30,London,Wimbledon,Outdoor,Grass,1.22,4.33,1
Auger-Aliassime F.,12,268,163,105,48,22,115,83,Ymer M.,59,130,58,72,18,23,40,49,2021-07-01,London,Wimbledon,Outdoor,Grass,1.08,8.0,1
Johnson S.,197,395,196,199,16,23,180,176,Fritz T.,9,356,205,151,26,22,179,129,2021-07-01,London,Wimbledon,Outdoor,Grass,2.3,1.61,0
Mager G.,67,59,24,35,3,7,21,28,Kyrgios N.,25,303,195,108,11,7,184,101,2021-07-01,London,Wimbledon,Outdoor,Grass,6.0,1.12,0
Gasquet R.,48,948,581,367,133,82,448,285,Federer R.,8,1143,981,162,167,29,814,133,2021-07-01,London,Wimbledon,Outdoor,Grass,4.5,1.2,0
Bonzi B.,107,83,37,46,10,13,27,33,Cilic M.,100,853,543,310,119,65,424,245,2021-07-01,London,Wimbledon,Outdoor,Grass,4.5,1.2,0
Giron M.,69,150,68,82,20,14,48,68,Hurkacz H.,17,238,137,101,27,24,110,77,2021-07-01,London,Wimbledon,Outdoor,Grass,3.0,1.4,0
Medvedev D.,3,406,289,117,69,27,220,90,Alcaraz C.,1,164,130,34,10,5,120,29,2021-07-01,London,Wimbledon,Outdoor,Grass,1.05,11.0,1
Dimitrov G.,20,651,389,262,79,50,310,212,Bublik A.,25,219,110,109,39,30,71,79,2021-07-01,London,Wimbledon,Outdoor,Grass,2.0,1.8,0
Galan D.E.,76,78,33,45,3,5,30,40,Sonego L.,43,221,107,114,19,17,88,97,2021-07-01,London,Wimbledon,Outdoor,Grass,7.0,1.1,0
Nishioka Y.,31,215,99,116,15,15,84,101,Bedene A.,347,291,131,160,18,23,113,137,2021-07-01,London,Wimbledon,Outdoor,Grass,2.75,1.44,0
Thompson J.,71,221,96,125,10,10,86,115,Nishikori K.,439,617,408,209,70,33,338,176,2021-07-01,London,Wimbledon,Outdoor,Grass,4.33,1.22,1
Norrie C.,13,287,172,115,15,18,157,97,Bolt A.,345,40,13,27,0,0,13,27,2021-07-01,London,Wimbledon,Outdoor,Grass,1.3,3.5,1
Monfils G.,323,816,510,306,131,65,379,241,Martinez P.,135,118,50,68,7,6,43,62,2021-07-01,London,Wimbledon,Outdoor,Grass,1.44,2.75,0
Berrettini M.,38,217,142,75,14,11,128,64,Van De Zandschulp B.,44,117,63,54,11,11,52,43,2021-07-01,London,Wimbledon,Outdoor,Grass,1.05,11.0,1
Kecmanovic M.,40,210,107,103,12,16,95,87,Bautista Agut R.,25,379,234,145,31,29,203,116,2021-07-01,London,Wimbledon,Outdoor,Grass,3.75,1.28,0
Querrey S.,287,678,369,309,48,39,321,270,Duckworth J.,123,143,55,88,10,9,45,79,2021-07-01,London,Wimbledon,Outdoor,Grass,1.28,3.75,0
Polmans M.,165,19,5,14,0,3,5,11,Garin C.,101,190,103,87,15,13,88,74,2021-07-01,London,Wimbledon,Outdoor,Grass,3.4,1.33,0
Sandgren T.,153,121,47,74,2,9,45,65,Zverev A.,19,500,346,154,60,31,286,123,2021-07-01,London,Wimbledon,Outdoor,Grass,8.0,1.08,0
Chardy J.,542,591,289,302,44,48,245,254,Ivashka I.,113,159,78,81,19,18,59,63,2021-07-01,London,Wimbledon,Outdoor,Grass,2.2,1.66,0
Djokovic N.,2,1207,1012,195,146,42,866,153,Kudla D.,137,198,70,128,5,14,65,114,2021-07-02,London,Wimbledon,Outdoor,Grass,1.02,19.0,1
Murray A.,44,932,687,245,132,47,555,198,Shapovalov D.,29,298,166,132,30,27,136,105,2021-07-02,London,Wimbledon,Outdoor,Grass,3.75,1.28,0
Evans D.,30,251,124,127,18,16,106,111,Korda S.,26,126,75,51,15,9,60,42,2021-07-02,London,Wimbledon,Outdoor,Grass,1.72,2.1,0
Bautista Agut R.,25,379,234,145,31,29,203,116,Koepfer D.,84,86,38,48,3,3,35,45,2021-07-02,London,Wimbledon,Outdoor,Grass,1.36,3.2,1
Garin C.,101,190,103,87,15,13,88,74,Martinez P.,135,118,50,68,7,6,43,62,2021-07-02,London,Wimbledon,Outdoor,Grass,1.4,3.0,1
Schwartzman D.,95,428,233,195,32,27,201,168,Fucsovics M.,67,249,121,128,26,24,95,104,2021-07-02,London,Wimbledon,Outdoor,Grass,1.9,1.9,0
Khachanov K.,11,378,217,161,44,38,173,123,Tiafoe F.,10,303,158,145,24,23,134,122,2021-07-02,London,Wimbledon,Outdoor,Grass,2.2,1.66,1
Rublev A.,7,392,255,137,57,34,198,103,Fognini F.,128,742,383,359,39,48,344,311,2021-07-02,London,Wimbledon,Outdoor,Grass,1.12,6.0,1
Berrettini M.,38,217,142,75,14,11,128,64,Bedene A.,347,291,131,160,18,23,113,137,2021-07-03,London,Wimbledon,Outdoor,Grass,1.16,5.0,1
Thompson J.,71,221,96,125,10,10,86,115,Ivashka I.,113,159,78,81,19,18,59,63,2021-07-03,London,Wimbledon,Outdoor,Grass,2.3,1.61,0
Sonego L.,43,221,107,114,19,17,88,97,Duckworth J.,123,143,55,88,10,9,45,79,2021-07-03,London,Wimbledon,Outdoor,Grass,1.4,3.0,1
Hurkacz H.,17,238,137,101,27,24,110,77,Bublik A.,25,219,110,109,39,30,71,79,2021-07-03,London,Wimbledon,Outdoor,Grass,1.66,2.2,1
Zverev A.,19,500,346,154,60,31,286,123,Fritz T.,9,356,205,151,26,22,179,129,2021-07-03,London,Wimbledon,Outdoor,Grass,1.08,8.0,1
Auger-Aliassime F.,12,268,163,105,48,22,115,83,Kyrgios N.,25,303,195,108,11,7,184,101,2021-07-03,London,Wimbledon,Outdoor,Grass,1.72,2.1,1
Norrie C.,13,287,172,115,15,18,157,97,Federer R.,8,1143,981,162,167,29,814,133,2021-07-03,London,Wimbledon,Outdoor,Grass,2.75,1.44,0
Medvedev D.,3,406,289,117,69,27,220,90,Cilic M.,100,853,543,310,119,65,424,245,2021-07-03,London,Wimbledon,Outdoor,Grass,1.16,5.0,1
Federer R.,8,1143,981,162,167,29,814,133,Sonego L.,43,221,107,114,19,17,88,97,2021-07-05,London,Wimbledon,Outdoor,Grass,1.3,3.5,1
Garin C.,101,190,103,87,15,13,88,74,Djokovic N.,2,1207,1012,195,146,42,866,153,2021-07-05,London,Wimbledon,Outdoor,Grass,21.0,1.01,0
Fucsovics M.,67,249,121,128,26,24,95,104,Rublev A.,7,392,255,137,57,34,198,103,2021-07-05,London,Wimbledon,Outdoor,Grass,5.5,1.14,1
Zverev A.,19,500,346,154,60,31,286,123,Auger-Aliassime F.,12,268,163,105,48,22,115,83,2021-07-05,London,Wimbledon,Outdoor,Grass,1.3,3.5,0
Khachanov K.,11,378,217,161,44,38,173,123,Korda S.,26,126,75,51,15,9,60,42,2021-07-05,London,Wimbledon,Outdoor,Grass,1.9,1.9,1
Bautista Agut R.,25,379,234,145,31,29,203,116,Shapovalov D.,29,298,166,132,30,27,136,105,2021-07-05,London,Wimbledon,Outdoor,Grass,2.2,1.66,0
Ivashka I.,113,159,78,81,19,18,59,63,Berrettini M.,38,217,142,75,14,11,128,64,2021-07-05,London,Wimbledon,Outdoor,Grass,6.0,1.12,0
Hurkacz H.,17,238,137,101,27,24,110,77,Medvedev D.,3,406,289,117,69,27,220,90,2021-07-06,London,Wimbledon,Outdoor,Grass,5.0,1.16,1
Khachanov K.,11,378,217,161,44,38,173,123,Shapovalov D.,29,298,166,132,30,27,136,105,2021-07-07,London,Wimbledon,Outdoor,Grass,3.5,1.3,0
Djokovic N.,2,1207,1012,195,146,42,866,153,Fucsovics M.,67,249,121,128,26,24,95,104,2021-07-07,London,Wimbledon,Outdoor,Grass,1.03,15.0,1
Hurkacz H.,17,238,137,101,27,24,110,77,Federer R.,8,1143,981,162,167,29,814,133,2021-07-07,London,Wimbledon,Outdoor,Grass,3.0,1.4,1
Auger-Aliassime F.,12,268,163,105,48,22,115,83,Berrettini M.,38,217,142,75,14,11,128,64,2021-07-07,London,Wimbledon,Outdoor,Grass,4.0,1.25,0
Shapovalov D.,29,298,166,132,30,27,136,105,Djokovic N.,2,1207,1012,195,146,42,866,153,2021-07-09,London,Wimbledon,Outdoor,Grass,8.0,1.08,0
Berrettini M.,38,217,142,75,14,11,128,64,Hurkacz H.,17,238,137,101,27,24,110,77,2021-07-09,London,Wimbledon,Outdoor,Grass,1.44,2.75,1
Djokovic N.,2,1207,1012,195,146,42,866,153,Berrettini M.,38,217,142,75,14,11,128,64,2021-07-11,London,Wimbledon,Outdoor,Grass,1.22,4.5,1
Seyboth Wild T.,117,28,12,16,7,3,5,13,Kuhn N.,259,12,3,9,1,1,2,8,2021-07-12,Hamburg,European Open,Outdoor,Clay,1.28,3.75,1
Sugita Y.,131,129,47,82,6,12,41,70,Rodionov J.,118,26,9,17,2,3,7,14,2021-07-12,Newport,Hall of Fame Championships,Outdoor,Grass,2.3,1.61,1
Marchenko I.,164,131,50,81,18,23,32,58,Anderson K.,652,598,347,251,48,38,299,213,2021-07-12,Newport,Hall of Fame Championships,Outdoor,Grass,3.4,1.33,0
Thompson J.,71,221,96,125,10,10,86,115,Stebe C.M.,231,76,28,48,4,7,24,41,2021-07-12,Newport,Hall of Fame Championships,Outdoor,Grass,1.25,4.0,1
Berankis R.,212,249,104,145,36,31,68,114,Paire B.,149,527,237,290,39,56,198,234,2021-07-12,Hamburg,European Open,Outdoor,Clay,1.66,2.2,0
Munar J.,104,178,75,103,7,12,68,91,Kohlschreiber P.,132,812,446,366,76,73,370,293,2021-07-12,Hamburg,European Open,Outdoor,Clay,1.72,2.1,0
Moutet C.,80,118,50,68,5,11,45,57,Baez S.,72,95,47,48,6,6,41,42,2021-07-12,Hamburg,European Open,Outdoor,Clay,1.9,1.9,0
Kudla D.,137,198,70,128,5,14,65,114,Johnson S.,197,395,196,199,16,23,180,176,2021-07-12,Newport,Hall of Fame Championships,Outdoor,Grass,1.66,2.2,1
Brooksby J.,39,79,46,33,6,5,40,28,Donskoy E.,149,162,50,112,14,33,36,79,2021-07-12,Newport,Hall of Fame Championships,Outdoor,Grass,1.57,2.37,1
Hanfmann Y.,50,99,50,49,5,4,45,45,Monteiro T.,121,171,69,102,9,11,60,91,2021-07-12,Bastad,Nordea Open,Outdoor,Clay,2.0,1.8,1
Gasquet R.,48,948,581,367,133,82,448,285,Cecchinato M.,108,204,79,125,2,14,77,111,2021-07-12,Bastad,Nordea Open,Outdoor,Clay,2.0,1.8,0
Ymer E.,186,81,24,57,3,11,21,46,Daniel T.,111,178,67,111,3,10,64,101,2021-07-12,Bastad,Nordea Open,Outdoor,Clay,1.72,2.1,1
Rune H.,6,131,83,48,28,9,55,39,Albot R.,97,215,86,129,26,26,60,103,2021-07-13,Bastad,Nordea Open,Outdoor,Clay,1.44,2.75,1
Cuevas P.,149,421,210,211,34,25,176,186,Gombos N.,114,66,21,45,6,14,15,31,2021-07-13,Bastad,Nordea Open,Outdoor,Clay,1.44,2.75,0
Martinez P.,135,118,50,68,7,6,43,62,Novak D.,166,58,15,43,6,16,9,27,2021-07-13,Bastad,Nordea Open,Outdoor,Clay,1.44,2.75,1
Rinderknech A.,67,96,46,50,16,12,30,38,Sousa P.,475,36,9,27,1,3,8,24,2021-07-13,Bastad,Nordea Open,Outdoor,Clay,1.25,4.0,1
Varillas J. P.,1345,20,9,11,2,1,7,10,Nagal S.,503,17,3,14,0,1,3,13,2021-07-13,Hamburg,European Open,Outdoor,Clay,1.57,2.37,1
Lopez F.,634,863,441,422,71,82,370,340,Taberner C.,181,37,13,24,4,6,9,18,2021-07-13,Hamburg,European Open,Outdoor,Clay,3.5,1.3,0
Krajinovic F.,93,240,115,125,38,34,77,91,Altmaier D.,51,79,28,51,1,5,27,46,2021-07-13,Hamburg,European Open,Outdoor,Clay,2.0,1.8,1
Caruso S.,146,63,19,44,5,9,14,35,Vesely J.,528,288,130,158,6,19,124,139,2021-07-13,Bastad,Nordea Open,Outdoor,Clay,1.9,1.9,0
Mager G.,67,59,24,35,3,7,21,28,Molcan A.,120,86,45,41,1,6,44,35,2021-07-13,Hamburg,European Open,Outdoor,Clay,2.3,1.61,0
Djere L.,38,243,120,123,10,22,110,101,Struff J.L.,21,369,170,199,43,42,127,157,2021-07-13,Hamburg,European Open,Outdoor,Clay,2.1,1.72,1
Koepfer D.,84,86,38,48,3,3,35,45,Marterer M.,144,91,31,60,2,8,29,52,2021-07-13,Hamburg,European Open,Outdoor,Clay,1.5,2.62,1
Pouille L.,675,259,134,125,35,26,99,99,Lajovic D.,66,378,163,215,21,36,142,179,2021-07-13,Hamburg,European Open,Outdoor,Clay,2.37,1.57,0
Delbonis F.,131,340,152,188,19,23,133,165,Zhang Zh.,53,44,20,24,1,2,19,22,2021-07-13,Hamburg,European Open,Outdoor,Clay,1.3,3.5,1
Bagnis F.,135,121,39,82,9,8,30,74,Carballes Baena R.,64,207,91,116,11,10,80,106,2021-07-13,Bastad,Nordea Open,Outdoor,Clay,1.8,2.0,0
Uchiyama Y.,314,33,9,24,1,3,8,21,Ofner S.,61,34,16,18,1,2,15,16,2021-07-13,Newport,Hall of Fame Championships,Outdoor,Grass,2.75,1.44,0
Schnur B.,233,19,4,15,4,4,0,11,Jung J.,276,32,10,22,5,4,5,18,2021-07-13,Newport,Hall of Fame Championships,Outdoor,Grass,1.8,2.0,0
Ruusuvuori E.,55,158,79,79,16,18,63,61,Ymer M.,59,130,58,72,18,23,40,49,2021-07-13,Bastad,Nordea Open,Outdoor,Clay,2.5,1.53,1
Musetti L.,18,143,79,64,12,12,67,52,Laaksonen H.,125,101,37,64,7,16,30,48,2021-07-13,Bastad,Nordea Open,Outdoor,Clay,1.4,3.0,0
Zapata Miralles B.,54,80,32,48,1,6,31,42,Karlovic I.,221,674,351,323,80,66,271,257,2021-07-13,Newport,Hall of Fame Championships,Outdoor,Grass,1.57,2.37,0
Coria F.,108,99,43,56,2,6,41,50,Cerundolo F.,21,104,58,46,3,7,55,39,2021-07-13,Bastad,Nordea Open,Outdoor,Clay,1.66,2.2,1
Gojowczyk P.,108,172,75,97,17,18,58,79,Krueger M.,228,24,7,17,0,1,7,16,2021-07-13,Newport,Hall of Fame Championships,Outdoor,Grass,1.57,2.37,1
Sock J.,166,324,177,147,38,24,139,123,Bolt A.,345,40,13,27,0,0,13,27,2021-07-13,Newport,Hall of Fame Championships,Outdoor,Grass,2.2,1.66,1
Sandgren T.,153,121,47,74,2,9,45,65,Sousa J.,147,436,189,247,42,44,147,203,2021-07-13,Newport,Hall of Fame Championships,Outdoor,Grass,1.53,2.5,1
Lorenzi P.,171,284,104,180,19,26,85,154,Cressy M.,96,96,42,54,10,11,32,43,2021-07-13,Newport,Hall of Fame Championships,Outdoor,Grass,4.33,1.22,0
Sugita Y.,131,129,47,82,6,12,41,70,Thompson J.,71,221,96,125,10,10,86,115,2021-07-14,Newport,Hall of Fame Championships,Outdoor,Grass,3.75,1.28,0
Brooksby J.,39,79,46,33,6,5,40,28,Kudla D.,137,198,70,128,5,14,65,114,2021-07-14,Newport,Hall of Fame Championships,Outdoor,Grass,2.5,1.53,1
Anderson K.,652,598,347,251,48,38,299,213,Ofner S.,61,34,16,18,1,2,15,16,2021-07-14,Newport,Hall of Fame Championships,Outdoor,Grass,1.44,2.75,1
Jung J.,276,32,10,22,5,4,5,18,Sandgren T.,153,121,47,74,2,9,45,65,2021-07-14,Newport,Hall of Fame Championships,Outdoor,Grass,2.75,1.44,1
Cressy M.,96,96,42,54,10,11,32,43,Querrey S.,287,678,369,309,48,39,321,270,2021-07-14,Newport,Hall of Fame Championships,Outdoor,Grass,3.0,1.4,1
Pospisil V.,99,280,122,158,39,34,83,124,Gojowczyk P.,108,172,75,97,17,18,58,79,2021-07-14,Newport,Hall of Fame Championships,Outdoor,Grass,1.44,2.75,0
Sock J.,166,324,177,147,38,24,139,123,Nishioka Y.,31,215,99,116,15,15,84,101,2021-07-14,Newport,Hall of Fame Championships,Outdoor,Grass,1.72,2.1,1
Bublik A.,25,219,110,109,39,30,71,79,Karlovic I.,221,674,351,323,80,66,271,257,2021-07-14,Newport,Hall of Fame Championships,Outdoor,Grass,1.3,3.5,1
Millman J.,140,256,113,143,21,22,92,121,Rinderknech A.,67,96,46,50,16,12,30,38,2021-07-14,Bastad,Nordea Open,Outdoor,Clay,2.75,1.44,0
Hanfmann Y.,50,99,50,49,5,4,45,45,Vesely J.,528,288,130,158,6,19,124,139,2021-07-14,Bastad,Nordea Open,Outdoor,Clay,1.53,2.5,1
Kohlschreiber P.,132,812,446,366,76,73,370,293,Krajinovic F.,93,240,115,125,38,34,77,91,2021-07-14,Hamburg,European Open,Outdoor,Clay,2.0,1.8,0
Djere L.,38,243,120,123,10,22,110,101,Seyboth Wild T.,117,28,12,16,7,3,5,13,2021-07-14,Hamburg,European Open,Outdoor,Clay,1.25,4.0,1
Cecchinato M.,108,204,79,125,2,14,77,111,Coria F.,108,99,43,56,2,6,41,50,2021-07-14,Bastad,Nordea Open,Outdoor,Clay,1.57,2.37,0
Martinez P.,135,118,50,68,7,6,43,62,Garin C.,101,190,103,87,15,13,88,74,2021-07-14,Bastad,Nordea Open,Outdoor,Clay,2.37,1.57,0
Tsitsipas S.,5,390,264,126,49,32,215,94,Koepfer D.,84,86,38,48,3,3,35,45,2021-07-14,Hamburg,European Open,Outdoor,Clay,1.12,6.0,1
Delbonis F.,131,340,152,188,19,23,133,165,Ramos-Vinolas A.,82,437,204,233,17,31,187,202,2021-07-15,Hamburg,European Open,Outdoor,Clay,1.61,2.3,1
Ruud C.,4,275,176,99,19,16,157,83,Rune H.,6,131,83,48,28,9,55,39,2021-07-15,Bastad,Nordea Open,Outdoor,Clay,1.12,6.0,1
Fognini F.,128,742,383,359,39,48,344,311,Carballes Baena R.,64,207,91,116,11,10,80,106,2021-07-15,Bastad,Nordea Open,Outdoor,Clay,1.5,2.62,0
Ruusuvuori E.,55,158,79,79,16,18,63,61,Gombos N.,114,66,21,45,6,14,15,31,2021-07-15,Bastad,Nordea Open,Outdoor,Clay,2.1,1.72,0
Molcan A.,120,86,45,41,1,6,44,35,Lajovic D.,66,378,163,215,21,36,142,179,2021-07-15,Hamburg,European Open,Outdoor,Clay,2.0,1.8,0
Ymer E.,186,81,24,57,3,11,21,46,Laaksonen H.,125,101,37,64,7,16,30,48,2021-07-15,Bastad,Nordea Open,Outdoor,Clay,2.2,1.66,0
Bublik A.,25,219,110,109,39,30,71,79,Jung J.,276,32,10,22,5,4,5,18,2021-07-15,Newport,Hall of Fame Championships,Outdoor,Grass,1.3,3.5,1
Anderson K.,652,598,347,251,48,38,299,213,Sock J.,166,324,177,147,38,24,139,123,2021-07-15,Newport,Hall of Fame Championships,Outdoor,Grass,1.53,2.5,1
Carreno Busta P.,16,352,214,138,33,25,181,113,Taberner C.,181,37,13,24,4,6,9,18,2021-07-15,Hamburg,European Open,Outdoor,Clay,1.28,3.75,1
Paire B.,149,527,237,290,39,56,198,234,Varillas J. P.,1345,20,9,11,2,1,7,10,2021-07-15,Hamburg,European Open,Outdoor,Clay,2.75,1.44,1
Baez S.,72,95,47,48,6,6,41,42,Basilashvili N.,118,301,138,163,26,34,112,129,2021-07-15,Hamburg,European Open,Outdoor,Clay,2.37,1.57,0
Brooksby J.,39,79,46,33,6,5,40,28,Gojowczyk P.,108,172,75,97,17,18,58,79,2021-07-16,Newport,Hall of Fame Championships,Outdoor,Grass,1.72,2.1,1
Thompson J.,71,221,96,125,10,10,86,115,Cressy M.,96,96,42,54,10,11,32,43,2021-07-16,Newport,Hall of Fame Championships,Outdoor,Grass,1.44,2.75,1
Hanfmann Y.,50,99,50,49,5,4,45,45,Rinderknech A.,67,96,46,50,16,12,30,38,2021-07-16,Bastad,Nordea Open,Outdoor,Clay,1.8,2.0,1
Garin C.,101,190,103,87,15,13,88,74,Coria F.,108,99,43,56,2,6,41,50,2021-07-16,Bastad,Nordea Open,Outdoor,Clay,1.33,3.4,0
Ruud C.,4,275,176,99,19,16,157,83,Laaksonen H.,125,101,37,64,7,16,30,48,2021-07-16,Bastad,Nordea Open,Outdoor,Clay,1.14,5.5,1
Carballes Baena R.,64,207,91,116,11,10,80,106,Gombos N.,114,66,21,45,6,14,15,31,2021-07-16,Bastad,Nordea Open,Outdoor,Clay,2.0,1.8,1
Basilashvili N.,118,301,138,163,26,34,112,129,Djere L.,38,243,120,123,10,22,110,101,2021-07-16,Hamburg,European Open,Outdoor,Clay,2.5,1.53,0
Krajinovic F.,93,240,115,125,38,34,77,91,Tsitsipas S.,5,390,264,126,49,32,215,94,2021-07-16,Hamburg,European Open,Outdoor,Clay,5.5,1.14,1
Lajovic D.,66,378,163,215,21,36,142,179,Carreno Busta P.,16,352,214,138,33,25,181,113,2021-07-16,Hamburg,European Open,Outdoor,Clay,3.5,1.3,0
Delbonis F.,131,340,152,188,19,23,133,165,Paire B.,149,527,237,290,39,56,198,234,2021-07-16,Hamburg,European Open,Outdoor,Clay,1.22,4.33,1
Brooksby J.,39,79,46,33,6,5,40,28,Thompson J.,71,221,96,125,10,10,86,115,2021-07-17,Newport,Hall of Fame Championships,Outdoor,Grass,2.0,1.8,1
Bublik A.,25,219,110,109,39,30,71,79,Anderson K.,652,598,347,251,48,38,299,213,2021-07-17,Newport,Hall of Fame Championships,Outdoor,Grass,1.8,2.0,0
Krajinovic F.,93,240,115,125,38,34,77,91,Djere L.,38,243,120,123,10,22,110,101,2021-07-17,Hamburg,European Open,Outdoor,Clay,1.66,2.2,1
Carreno Busta P.,16,352,214,138,33,25,181,113,Delbonis F.,131,340,152,188,19,23,133,165,2021-07-17,Hamburg,European Open,Outdoor,Clay,1.5,2.62,1
Ruud C.,4,275,176,99,19,16,157,83,Carballes Baena R.,64,207,91,116,11,10,80,106,2021-07-17,Bastad,Nordea Open,Outdoor,Clay,1.14,5.5,1
Coria F.,108,99,43,56,2,6,41,50,Hanfmann Y.,50,99,50,49,5,4,45,45,2021-07-17,Bastad,Nordea Open,Outdoor,Clay,2.0,1.8,1
Carreno Busta P.,16,352,214,138,33,25,181,113,Krajinovic F.,93,240,115,125,38,34,77,91,2021-07-18,Hamburg,European Open,Outdoor,Clay,1.66,2.2,1
Ruud C.,4,275,176,99,19,16,157,83,Coria F.,108,99,43,56,2,6,41,50,2021-07-18,Bastad,Nordea Open,Outdoor,Clay,1.14,5.5,1
Brooksby J.,39,79,46,33,6,5,40,28,Anderson K.,652,598,347,251,48,38,299,213,2021-07-18,Newport,Hall of Fame Championships,Outdoor,Grass,2.3,1.61,0
Travaglia S.,1024,81,27,54,5,12,22,42,Munar J.,104,178,75,103,7,12,68,91,2021-07-19,Umag,Croatia Open,Outdoor,Clay,2.62,1.5,1
Ymer M.,59,130,58,72,18,23,40,49,Couacaud E.,158,9,2,7,0,1,2,6,2021-07-19,Gstaad,Suisse Open Gstaad,Outdoor,Clay,1.4,3.0,1
Paire B.,149,527,237,290,39,56,198,234,Kovalik J.,172,68,24,44,5,8,19,36,2021-07-19,Gstaad,Suisse Open Gstaad,Outdoor,Clay,1.57,2.37,1
Lopez F.,634,863,441,422,71,82,370,340,Huesler M.A.,88,58,21,37,8,8,13,29,2021-07-19,Gstaad,Suisse Open Gstaad,Outdoor,Clay,2.0,1.8,1
Nikles J.,317,4,1,3,0,0,1,3,Kopriva V.,159,9,5,4,0,0,5,4,2021-07-19,Gstaad,Suisse Open Gstaad,Outdoor,Clay,3.2,1.36,0
Taberner C.,181,37,13,24,4,6,9,18,Serdarusic N.,702,9,1,8,0,3,1,5,2021-07-19,Umag,Croatia Open,Outdoor,Clay,1.22,4.33,1
Bergs Z.,175,15,4,11,1,5,3,6,Otte O.,233,78,33,45,6,14,27,31,2021-07-19,Gstaad,Suisse Open Gstaad,Outdoor,Clay,2.75,1.44,1
Rune H.,6,131,83,48,28,9,55,39,Albot R.,97,215,86,129,26,26,60,103,2021-07-19,Umag,Croatia Open,Outdoor,Clay,1.33,3.4,0
Polmans M.,165,19,5,14,0,3,5,11,Ehrat S.,408,3,0,3,0,0,0,3,2021-07-19,Gstaad,Suisse Open Gstaad,Outdoor,Clay,1.8,2.0,1
Delbonis F.,131,340,152,188,19,23,133,165,Riedi L.,135,5,1,4,1,1,0,3,2021-07-20,Gstaad,Suisse Open Gstaad,Outdoor,Clay,1.06,10.0,1
Cuevas P.,149,421,210,211,34,25,176,186,Zapata Miralles B.,54,80,32,48,1,6,31,42,2021-07-20,Umag,Croatia Open,Outdoor,Clay,1.72,2.1,0
Vesely J.,528,288,130,158,6,19,124,139,Giannessi A.,224,35,12,23,1,4,11,19,2021-07-20,Umag,Croatia Open,Outdoor,Clay,1.72,2.1,0
Altmaier D.,51,79,28,51,1,5,27,46,Moutet C.,80,118,50,68,5,11,45,57,2021-07-20,Umag,Croatia Open,Outdoor,Clay,1.72,2.1,1
Collarini A.,210,1,0,1,0,0,0,1,Ajdukovic D.,299,4,1,3,0,0,1,3,2021-07-20,Umag,Croatia Open,Outdoor,Clay,2.0,1.8,0
Horansky F.,185,8,1,7,0,2,1,5,Dzumhur D.,202,234,107,127,31,29,76,98,2021-07-20,Umag,Croatia Open,Outdoor,Clay,2.3,1.61,0
Martin A.,723,258,107,151,6,13,101,138,Olivo R.,179,55,23,32,4,4,19,28,2021-07-20,Umag,Croatia Open,Outdoor,Clay,1.72,2.1,1
Kokkinakis T.,86,124,55,69,0,4,55,65,Kudla D.,137,198,70,128,5,14,65,114,2021-07-20,Los Cabos,Mifel Open,Outdoor,Hard,1.5,2.62,0
Johnson S.,197,395,196,199,16,23,180,176,Lopez Villasenor G.,654,4,0,4,0,0,0,4,2021-07-20,Los Cabos,Mifel Open,Outdoor,Hard,1.11,6.5,1
Nakashima B.,70,106,57,49,6,5,51,44,Wolf J.J.,45,75,39,36,8,6,31,30,2021-07-20,Los Cabos,Mifel Open,Outdoor,Hard,1.2,4.5,1
Bolt A.,345,40,13,27,0,0,13,27,Seppi A.,141,758,363,395,74,85,289,310,2021-07-20,Los Cabos,Mifel Open,Outdoor,Hard,2.1,1.72,1
Rodionov J.,118,26,9,17,2,3,7,14,Ofner S.,61,34,16,18,1,2,15,16,2021-07-20,Los Cabos,Mifel Open,Outdoor,Hard,2.3,1.61,0
Djere L.,38,243,120,123,10,22,110,101,Seyboth Wild T.,117,28,12,16,7,3,5,13,2021-07-20,Gstaad,Suisse Open Gstaad,Outdoor,Clay,1.25,4.0,1
Bedene A.,347,291,131,160,18,23,113,137,Cecchinato M.,108,204,79,125,2,14,77,111,2021-07-20,Umag,Croatia Open,Outdoor,Clay,2.2,1.66,0
Novak D.,166,58,15,43,6,16,9,27,Zuk K.,172,3,0,3,0,2,0,1,2021-07-20,Gstaad,Suisse Open Gstaad,Outdoor,Clay,2.1,1.72,1
Donskoy E.,149,162,50,112,14,33,36,79,Jung J.,276,32,10,22,5,4,5,18,2021-07-20,Los Cabos,Mifel Open,Outdoor,Hard,2.75,1.44,1
Alcaraz C.,1,164,130,34,10,5,120,29,Pouille L.,675,259,134,125,35,26,99,99,2021-07-20,Umag,Croatia Open,Outdoor,Clay,1.22,4.33,1
Gaston H.,109,58,24,34,5,9,19,25,Cerundolo J.M.,106,29,12,17,2,3,10,14,2021-07-20,Gstaad,Suisse Open Gstaad,Outdoor,Clay,1.72,2.1,1
Griekspoor T.,37,97,47,50,7,14,40,36,Londero J.I.,142,83,34,49,3,5,31,44,2021-07-20,Gstaad,Suisse Open Gstaad,Outdoor,Clay,1.72,2.1,1
Stricker D.,106,20,10,10,2,2,8,8,Rinderknech A.,67,96,46,50,16,12,30,38,2021-07-20,Gstaad,Suisse Open Gstaad,Outdoor,Clay,2.0,1.8,0
Mager G.,67,59,24,35,3,7,21,28,Martinez P.,135,118,50,68,7,6,43,62,2021-07-20,Umag,Croatia Open,Outdoor,Clay,2.37,1.57,1
Bergs Z.,175,15,4,11,1,5,3,6,Djere L.,38,243,120,123,10,22,110,101,2021-07-21,Gstaad,Suisse Open Gstaad,Outdoor,Clay,4.0,1.25,0
Delbonis F.,131,340,152,188,19,23,133,165,Gaston H.,109,58,24,34,5,9,19,25,2021-07-21,Gstaad,Suisse Open Gstaad,Outdoor,Clay,1.28,3.75,0
Rinderknech A.,67,96,46,50,16,12,30,38,Bautista Agut R.,25,379,234,145,31,29,203,116,2021-07-21,Gstaad,Suisse Open Gstaad,Outdoor,Clay,2.75,1.44,1
Garin C.,101,190,103,87,15,13,88,74,Polmans M.,165,19,5,14,0,3,5,11,2021-07-21,Gstaad,Suisse Open Gstaad,Outdoor,Clay,1.16,5.0,1
Gomez E.,155,26,7,19,2,2,5,17,Mejia N.,301,1,0,1,0,0,0,1,2021-07-21,Los Cabos,Mifel Open,Outdoor,Hard,1.53,2.5,1
Thompson J.,71,221,96,125,10,10,86,115,Karlovic I.,221,674,351,323,80,66,271,257,2021-07-21,Los Cabos,Mifel Open,Outdoor,Hard,1.3,3.5,1
Giannessi A.,224,35,12,23,1,4,11,19,Gasquet R.,48,948,581,367,133,82,448,285,2021-07-21,Umag,Croatia Open,Outdoor,Clay,2.62,1.5,0
Sarkissian A.,478,6,2,4,0,0,2,4,Uchiyama Y.,314,33,9,24,1,3,8,21,2021-07-21,Los Cabos,Mifel Open,Outdoor,Hard,2.62,1.5,0
Marchenko I.,164,131,50,81,18,23,32,58,Gojowczyk P.,108,172,75,97,17,18,58,79,2021-07-21,Los Cabos,Mifel Open,Outdoor,Hard,2.2,1.66,1
Cecchinato M.,108,204,79,125,2,14,77,111,Dzumhur D.,202,234,107,127,31,29,76,98,2021-07-21,Umag,Croatia Open,Outdoor,Clay,1.36,3.2,0
Ramos-Vinolas A.,82,437,204,233,17,31,187,202,Ajdukovic D.,299,4,1,3,0,0,1,3,2021-07-21,Umag,Croatia Open,Outdoor,Clay,1.33,3.4,1
Travaglia S.,1024,81,27,54,5,12,22,42,Taberner C.,181,37,13,24,4,6,9,18,2021-07-21,Umag,Croatia Open,Outdoor,Clay,2.2,1.66,1
Mcdonald M.,60,190,87,103,11,15,76,88,Escobedo E.,377,57,20,37,2,2,18,35,2021-07-21,Los Cabos,Mifel Open,Outdoor,Hard,1.53,2.5,0
Ebden M.,432,203,75,128,13,18,62,110,Ymer E.,186,81,24,57,3,11,21,46,2021-07-21,Los Cabos,Mifel Open,Outdoor,Hard,1.61,2.3,0
Martin A.,723,258,107,151,6,13,101,138,Alcaraz C.,1,164,130,34,10,5,120,29,2021-07-22,Umag,Croatia Open,Outdoor,Clay,5.0,1.16,0
Zapata Miralles B.,54,80,32,48,1,6,31,42,Lajovic D.,66,378,163,215,21,36,142,179,2021-07-22,Umag,Croatia Open,Outdoor,Clay,2.2,1.66,0
Mager G.,67,59,24,35,3,7,21,28,Altmaier D.,51,79,28,51,1,5,27,46,2021-07-22,Umag,Croatia Open,Outdoor,Clay,1.72,2.1,0
Krajinovic F.,93,240,115,125,38,34,77,91,Albot R.,97,215,86,129,26,26,60,103,2021-07-22,Umag,Croatia Open,Outdoor,Clay,1.16,5.0,1
Kudla D.,137,198,70,128,5,14,65,114,Escobedo E.,377,57,20,37,2,2,18,35,2021-07-22,Los Cabos,Mifel Open,Outdoor,Hard,1.66,2.2,0
Ymer M.,59,130,58,72,18,23,40,49,Lopez F.,634,863,441,422,71,82,370,340,2021-07-22,Gstaad,Suisse Open Gstaad,Outdoor,Clay,1.61,2.3,1
Shapovalov D.,29,298,166,132,30,27,136,105,Kopriva V.,159,9,5,4,0,0,5,4,2021-07-22,Gstaad,Suisse Open Gstaad,Outdoor,Clay,1.16,5.0,0
Bolt A.,345,40,13,27,0,0,13,27,Gomez E.,155,26,7,19,2,2,5,17,2021-07-22,Los Cabos,Mifel Open,Outdoor,Hard,1.72,2.1,1
Thompson J.,71,221,96,125,10,10,86,115,Ofner S.,61,34,16,18,1,2,15,16,2021-07-22,Los Cabos,Mifel Open,Outdoor,Hard,1.61,2.3,1
Paire B.,149,527,237,290,39,56,198,234,Griekspoor T.,37,97,47,50,7,14,40,36,2021-07-22,Gstaad,Suisse Open Gstaad,Outdoor,Clay,1.9,1.9,1
Ymer E.,186,81,24,57,3,11,21,46,Norrie C.,13,287,172,115,15,18,157,97,2021-07-22,Los Cabos,Mifel Open,Outdoor,Hard,4.5,1.2,0
Johnson S.,197,395,196,199,16,23,180,176,Uchiyama Y.,314,33,9,24,1,3,8,21,2021-07-22,Los Cabos,Mifel Open,Outdoor,Hard,1.44,2.75,1
Isner J.,114,755,465,290,53,45,412,245,Donskoy E.,149,162,50,112,14,33,36,79,2021-07-22,Los Cabos,Mifel Open,Outdoor,Hard,1.16,5.0,1
Marchenko I.,164,131,50,81,18,23,32,58,Fritz T.,9,356,205,151,26,22,179,129,2021-07-22,Los Cabos,Mifel Open,Outdoor,Hard,4.5,1.2,0
Novak D.,166,58,15,43,6,16,9,27,Ruud C.,4,275,176,99,19,16,157,83,2021-07-22,Gstaad,Suisse Open Gstaad,Outdoor,Clay,8.0,1.08,0
Querrey S.,287,678,369,309,48,39,321,270,Nakashima B.,70,106,57,49,6,5,51,44,2021-07-22,Los Cabos,Mifel Open,Outdoor,Hard,2.37,1.57,0
Rinderknech A.,67,96,46,50,16,12,30,38,Djere L.,38,243,120,123,10,22,110,101,2021-07-23,Gstaad,Suisse Open Gstaad,Outdoor,Clay,2.2,1.66,0
Gasquet R.,48,948,581,367,133,82,448,285,Dzumhur D.,202,234,107,127,31,29,76,98,2021-07-23,Umag,Croatia Open,Outdoor,Clay,1.61,2.3,1
Altmaier D.,51,79,28,51,1,5,27,46,Lajovic D.,66,378,163,215,21,36,142,179,2021-07-23,Umag,Croatia Open,Outdoor,Clay,2.5,1.53,1
Travaglia S.,1024,81,27,54,5,12,22,42,Ramos-Vinolas A.,82,437,204,233,17,31,187,202,2021-07-23,Umag,Croatia Open,Outdoor,Clay,2.2,1.66,0
Krajinovic F.,93,240,115,125,38,34,77,91,Alcaraz C.,1,164,130,34,10,5,120,29,2021-07-23,Umag,Croatia Open,Outdoor,Clay,2.1,1.72,0
Gaston H.,109,58,24,34,5,9,19,25,Garin C.,101,190,103,87,15,13,88,74,2021-07-23,Gstaad,Suisse Open Gstaad,Outdoor,Clay,3.75,1.28,1
Ymer M.,59,130,58,72,18,23,40,49,Kopriva V.,159,9,5,4,0,0,5,4,2021-07-23,Gstaad,Suisse Open Gstaad,Outdoor,Clay,1.57,2.37,0
Bolt A.,345,40,13,27,0,0,13,27,Isner J.,114,755,465,290,53,45,412,245,2021-07-23,Los Cabos,Mifel Open,Outdoor,Hard,3.4,1.33,0
Fritz T.,9,356,205,151,26,22,179,129,Johnson S.,197,395,196,199,16,23,180,176,2021-07-23,Los Cabos,Mifel Open,Outdoor,Hard,1.44,2.75,1
Norrie C.,13,287,172,115,15,18,157,97,Escobedo E.,377,57,20,37,2,2,18,35,2021-07-23,Los Cabos,Mifel Open,Outdoor,Hard,1.25,4.0,1
Nakashima B.,70,106,57,49,6,5,51,44,Thompson J.,71,221,96,125,10,10,86,115,2021-07-23,Los Cabos,Mifel Open,Outdoor,Hard,1.53,2.5,1
Paire B.,149,527,237,290,39,56,198,234,Ruud C.,4,275,176,99,19,16,157,83,2021-07-23,Gstaad,Suisse Open Gstaad,Outdoor,Clay,4.5,1.2,0
Djere L.,38,243,120,123,10,22,110,101,Gaston H.,109,58,24,34,5,9,19,25,2021-07-24,Gstaad,Suisse Open Gstaad,Outdoor,Clay,1.4,3.0,0
Kopriva V.,159,9,5,4,0,0,5,4,Ruud C.,4,275,176,99,19,16,157,83,2021-07-24,Gstaad,Suisse Open Gstaad,Outdoor,Clay,6.5,1.11,0
Isner J.,114,755,465,290,53,45,412,245,Nakashima B.,70,106,57,49,6,5,51,44,2021-07-24,Los Cabos,Mifel Open,Outdoor,Hard,1.5,2.62,0
Norrie C.,13,287,172,115,15,18,157,97,Fritz T.,9,356,205,151,26,22,179,129,2021-07-24,Los Cabos,Mifel Open,Outdoor,Hard,1.53,2.5,1
Altmaier D.,51,79,28,51,1,5,27,46,Gasquet R.,48,948,581,367,133,82,448,285,2021-07-24,Umag,Croatia Open,Outdoor,Clay,2.1,1.72,0
Ramos-Vinolas A.,82,437,204,233,17,31,187,202,Alcaraz C.,1,164,130,34,10,5,120,29,2021-07-24,Umag,Croatia Open,Outdoor,Clay,2.75,1.44,0
Ruud C.,4,275,176,99,19,16,157,83,Gaston H.,109,58,24,34,5,9,19,25,2021-07-25,Gstaad,Suisse Open Gstaad,Outdoor,Clay,1.14,5.5,1
Norrie C.,13,287,172,115,15,18,157,97,Nakashima B.,70,106,57,49,6,5,51,44,2021-07-25,Los Cabos,Mifel Open,Outdoor,Hard,1.4,3.0,1
Gasquet R.,48,948,581,367,133,82,448,285,Alcaraz C.,1,164,130,34,10,5,120,29,2021-07-25,Umag,Croatia Open,Outdoor,Clay,4.0,1.25,0
Ymer M.,59,130,58,72,18,23,40,49,Cuevas P.,149,421,210,211,34,25,176,186,2021-07-26,Kitzbuhel,Generali Open,Outdoor,Clay,2.62,1.5,1
Pouille L.,675,259,134,125,35,26,99,99,Martinez P.,135,118,50,68,7,6,43,62,2021-07-26,Kitzbuhel,Generali Open,Outdoor,Clay,2.37,1.57,0
Vesely J.,528,288,130,158,6,19,124,139,Gulbis E.,191,453,221,232,55,51,166,181,2021-07-26,Kitzbuhel,Generali Open,Outdoor,Clay,1.53,2.5,1
Seppi A.,141,758,363,395,74,85,289,310,Fratangelo B.,695,62,22,40,0,1,22,39,2021-07-26,Atlanta,BB&T Atlanta Open,Outdoor,Hard,2.37,1.57,0
Popyrin A.,90,140,59,81,9,13,50,68,Johnson S.,197,395,196,199,16,23,180,176,2021-07-26,Atlanta,BB&T Atlanta Open,Outdoor,Hard,1.61,2.3,0
Harris L.,186,129,59,70,7,8,52,62,Thompson J.,71,221,96,125,10,10,86,115,2021-07-26,Atlanta,BB&T Atlanta Open,Outdoor,Hard,1.66,2.2,0
Seyboth Wild T.,117,28,12,16,7,3,5,13,Taberner C.,181,37,13,24,4,6,9,18,2021-07-26,Kitzbuhel,Generali Open,Outdoor,Clay,2.62,1.5,0
Kovalik J.,172,68,24,44,5,8,19,36,Munar J.,104,178,75,103,7,12,68,91,2021-07-26,Kitzbuhel,Generali Open,Outdoor,Clay,3.0,1.4,1
Novak D.,166,58,15,43,6,16,9,27,Mager G.,67,59,24,35,3,7,21,28,2021-07-27,Kitzbuhel,Generali Open,Outdoor,Clay,2.3,1.61,0
Altmaier D.,51,79,28,51,1,5,27,46,Djere L.,38,243,120,123,10,22,110,101,2021-07-27,Kitzbuhel,Generali Open,Outdoor,Clay,2.62,1.5,1
Cecchinato M.,108,204,79,125,2,14,77,111,Albot R.,97,215,86,129,26,26,60,103,2021-07-27,Kitzbuhel,Generali Open,Outdoor,Clay,1.44,2.75,1
Neumayer L.,980,1,0,1,0,0,0,1,Vilella Martinez M.,167,10,4,6,0,0,4,6,2021-07-27,Kitzbuhel,Generali Open,Outdoor,Clay,5.0,1.16,0
Rune H.,6,131,83,48,28,9,55,39,Travaglia S.,1024,81,27,54,5,12,22,42,2021-07-27,Kitzbuhel,Generali Open,Outdoor,Clay,2.1,1.72,1
Delbonis F.,131,340,152,188,19,23,133,165,Rinderknech A.,67,96,46,50,16,12,30,38,2021-07-27,Kitzbuhel,Generali Open,Outdoor,Clay,1.61,2.3,0
Alcaraz C.,1,164,130,34,10,5,120,29,Erler A.,337,2,1,1,0,0,1,1,2021-07-27,Kitzbuhel,Generali Open,Outdoor,Clay,1.05,11.0,0
Mcdonald M.,60,190,87,103,11,15,76,88,Ruusuvuori E.,55,158,79,79,16,18,63,61,2021-07-27,Atlanta,BB&T Atlanta Open,Outdoor,Hard,1.8,2.0,0
Gojowczyk P.,108,172,75,97,17,18,58,79,Querrey S.,287,678,369,309,48,39,321,270,2021-07-27,Atlanta,BB&T Atlanta Open,Outdoor,Hard,1.9,1.9,1
Kudla D.,137,198,70,128,5,14,65,114,O Connell C.,74,65,26,39,0,0,26,39,2021-07-27,Atlanta,BB&T Atlanta Open,Outdoor,Hard,2.0,1.8,0
Donskoy E.,149,162,50,112,14,33,36,79,Fritz T.,9,356,205,151,26,22,179,129,2021-07-27,Atlanta,BB&T Atlanta Open,Outdoor,Hard,4.5,1.2,0
Paire B.,149,527,237,290,39,56,198,234,Uchiyama Y.,314,33,9,24,1,3,8,21,2021-07-27,Atlanta,BB&T Atlanta Open,Outdoor,Hard,1.57,2.37,1
Isner J.,114,755,465,290,53,45,412,245,Wolf J.J.,45,75,39,36,8,6,31,30,2021-07-27,Atlanta,BB&T Atlanta Open,Outdoor,Hard,1.25,4.0,1
Fritz T.,9,356,205,151,26,22,179,129,Johnson S.,197,395,196,199,16,23,180,176,2021-07-28,Atlanta,BB&T Atlanta Open,Outdoor,Hard,1.44,2.75,1
Krajinovic F.,93,240,115,125,38,34,77,91,Taberner C.,181,37,13,24,4,6,9,18,2021-07-28,Kitzbuhel,Generali Open,Outdoor,Clay,1.36,3.2,1
Kovalik J.,172,68,24,44,5,8,19,36,Vesely J.,528,288,130,158,6,19,124,139,2021-07-28,Kitzbuhel,Generali Open,Outdoor,Clay,2.2,1.66,1
Rune H.,6,131,83,48,28,9,55,39,Rinderknech A.,67,96,46,50,16,12,30,38,2021-07-28,Kitzbuhel,Generali Open,Outdoor,Clay,2.62,1.5,0
Bautista Agut R.,25,379,234,145,31,29,203,116,Martinez P.,135,118,50,68,7,6,43,62,2021-07-28,Kitzbuhel,Generali Open,Outdoor,Clay,1.44,2.75,0
Nakashima B.,70,106,57,49,6,5,51,44,Bryde T.,1164,1,0,1,0,0,0,1,2021-07-28,Atlanta,BB&T Atlanta Open,Outdoor,Hard,1.04,13.0,1
Berankis R.,212,249,104,145,36,31,68,114,Sock J.,166,324,177,147,38,24,139,123,2021-07-28,Atlanta,BB&T Atlanta Open,Outdoor,Hard,2.37,1.57,0
Kyrgios N.,25,303,195,108,11,7,184,101,Anderson K.,652,598,347,251,48,38,299,213,2021-07-28,Atlanta,BB&T Atlanta Open,Outdoor,Hard,1.66,2.2,1
Mager G.,67,59,24,35,3,7,21,28,Ramos-Vinolas A.,82,437,204,233,17,31,187,202,2021-07-28,Kitzbuhel,Generali Open,Outdoor,Clay,2.1,1.72,1
Gojowczyk P.,108,172,75,97,17,18,58,79,Thompson J.,71,221,96,125,10,10,86,115,2021-07-28,Atlanta,BB&T Atlanta Open,Outdoor,Hard,2.2,1.66,0
Cecchinato M.,108,204,79,125,2,14,77,111,Altmaier D.,51,79,28,51,1,5,27,46,2021-07-28,Kitzbuhel,Generali Open,Outdoor,Clay,2.1,1.72,0
Erler A.,337,2,1,1,0,0,1,1,Ymer M.,59,130,58,72,18,23,40,49,2021-07-28,Kitzbuhel,Generali Open,Outdoor,Clay,3.2,1.36,0
Ruud C.,4,275,176,99,19,16,157,83,Vilella Martinez M.,167,10,4,6,0,0,4,6,2021-07-28,Kitzbuhel,Generali Open,Outdoor,Clay,1.11,6.5,1
Nakashima B.,70,106,57,49,6,5,51,44,Raonic M.,849,540,361,179,64,34,297,145,2021-07-29,Atlanta,BB&T Atlanta Open,Outdoor,Hard,2.75,1.44,1
Kovalik J.,172,68,24,44,5,8,19,36,Martinez P.,135,118,50,68,7,6,43,62,2021-07-29,Kitzbuhel,Generali Open,Outdoor,Clay,3.0,1.4,0
Altmaier D.,51,79,28,51,1,5,27,46,Mager G.,67,59,24,35,3,7,21,28,2021-07-29,Kitzbuhel,Generali Open,Outdoor,Clay,1.57,2.37,1
Krajinovic F.,93,240,115,125,38,34,77,91,Rinderknech A.,67,96,46,50,16,12,30,38,2021-07-29,Kitzbuhel,Generali Open,Outdoor,Clay,1.5,2.62,0
Ymer M.,59,130,58,72,18,23,40,49,Ruud C.,4,275,176,99,19,16,157,83,2021-07-29,Kitzbuhel,Generali Open,Outdoor,Clay,4.5,1.2,0
Paire B.,149,527,237,290,39,56,198,234,Ruusuvuori E.,55,158,79,79,16,18,63,61,2021-07-29,Atlanta,BB&T Atlanta Open,Outdoor,Hard,2.5,1.53,0
Fratangelo B.,695,62,22,40,0,1,22,39,Opelka R.,17,168,88,80,17,10,71,70,2021-07-29,Atlanta,BB&T Atlanta Open,Outdoor,Hard,2.2,1.66,0
Sinner J.,8,224,153,71,42,19,111,52,O Connell C.,74,65,26,39,0,0,26,39,2021-07-29,Atlanta,BB&T Atlanta Open,Outdoor,Hard,1.33,3.4,0
Altmaier D.,51,79,28,51,1,5,27,46,Martinez P.,135,118,50,68,7,6,43,62,2021-07-30,Kitzbuhel,Generali Open,Outdoor,Clay,2.1,1.72,0
Ruud C.,4,275,176,99,19,16,157,83,Rinderknech A.,67,96,46,50,16,12,30,38,2021-07-30,Kitzbuhel,Generali Open,Outdoor,Clay,1.57,2.37,1
Norrie C.,13,287,172,115,15,18,157,97,Ruusuvuori E.,55,158,79,79,16,18,63,61,2021-07-30,Atlanta,BB&T Atlanta Open,Outdoor,Hard,1.25,4.0,0
Opelka R.,17,168,88,80,17,10,71,70,Fritz T.,9,356,205,151,26,22,179,129,2021-07-30,Atlanta,BB&T Atlanta Open,Outdoor,Hard,2.3,1.61,0
Nakashima B.,70,106,57,49,6,5,51,44,Thompson J.,71,221,96,125,10,10,86,115,2021-07-30,Atlanta,BB&T Atlanta Open,Outdoor,Hard,1.66,2.2,1
Norrie C.,13,287,172,115,15,18,157,97,Kyrgios N.,25,303,195,108,11,7,184,101,2021-07-30,Atlanta,BB&T Atlanta Open,Outdoor,Hard,2.2,1.66,1
Isner J.,114,755,465,290,53,45,412,245,Sock J.,166,324,177,147,38,24,139,123,2021-07-30,Atlanta,BB&T Atlanta Open,Outdoor,Hard,1.4,3.0,1
Nakashima B.,70,106,57,49,6,5,51,44,Ruusuvuori E.,55,158,79,79,16,18,63,61,2021-07-31,Atlanta,BB&T Atlanta Open,Outdoor,Hard,2.1,1.72,1
O Connell C.,74,65,26,39,0,0,26,39,Isner J.,114,755,465,290,53,45,412,245,2021-07-31,Atlanta,BB&T Atlanta Open,Outdoor,Hard,2.62,1.5,0
Martinez P.,135,118,50,68,7,6,43,62,Ruud C.,4,275,176,99,19,16,157,83,2021-07-31,Kitzbuhel,Generali Open,Outdoor,Clay,3.4,1.33,0
Fritz T.,9,356,205,151,26,22,179,129,Isner J.,114,755,465,290,53,45,412,245,2021-08-01,Atlanta,BB&T Atlanta Open,Outdoor,Hard,1.8,2.0,0
Isner J.,114,755,465,290,53,45,412,245,Nakashima B.,70,106,57,49,6,5,51,44,2021-08-01,Atlanta,BB&T Atlanta Open,Outdoor,Hard,1.8,2.0,1
Ivashka I.,113,159,78,81,19,18,59,63,Gerasimov E.,150,93,43,50,19,19,24,31,2021-08-02,Washington,Citi Open,Outdoor,Hard,1.44,2.75,1
Marchenko I.,164,131,50,81,18,23,32,58,Giron M.,69,150,68,82,20,14,48,68,2021-08-02,Washington,Citi Open,Outdoor,Hard,3.0,1.4,0
Anderson K.,652,598,347,251,48,38,299,213,Brooksby J.,39,79,46,33,6,5,40,28,2021-08-02,Washington,Citi Open,Outdoor,Hard,1.61,2.3,0
Paul T.,14,204,111,93,19,13,92,80,Galan D.E.,76,78,33,45,3,5,30,40,2021-08-02,Washington,Citi Open,Outdoor,Hard,1.4,3.0,0
Krueger M.,228,24,7,17,0,1,7,16,Berankis R.,212,249,104,145,36,31,68,114,2021-08-02,Washington,Citi Open,Outdoor,Hard,2.2,1.66,0
Uchiyama Y.,314,33,9,24,1,3,8,21,Seppi A.,141,758,363,395,74,85,289,310,2021-08-02,Washington,Citi Open,Outdoor,Hard,2.3,1.61,0
Ramanathan R.,435,40,14,26,0,4,14,22,Johnson S.,197,395,196,199,16,23,180,176,2021-08-03,Washington,Citi Open,Outdoor,Hard,3.0,1.4,0
Auger-Aliassime F.,12,268,163,105,48,22,115,83,Seppi A.,141,758,363,395,74,85,289,310,2021-08-03,Washington,Citi Open,Outdoor,Hard,1.2,4.5,1
Norrie C.,13,287,172,115,15,18,157,97,Giron M.,69,150,68,82,20,14,48,68,2021-08-03,Washington,Citi Open,Outdoor,Hard,1.3,3.5,1
Pospisil V.,99,280,122,158,39,34,83,124,Korda S.,26,126,75,51,15,9,60,42,2021-08-03,Washington,Citi Open,Outdoor,Hard,2.75,1.44,0
Thompson J.,71,221,96,125,10,10,86,115,Ymer E.,186,81,24,57,3,11,21,46,2021-08-03,Washington,Citi Open,Outdoor,Hard,1.53,2.5,0
Duckworth J.,123,143,55,88,10,9,45,79,Sandgren T.,153,121,47,74,2,9,45,65,2021-08-03,Washington,Citi Open,Outdoor,Hard,1.72,2.1,0
Pospisil V.,99,280,122,158,39,34,83,124,Gomez E.,155,26,7,19,2,2,5,17,2021-08-03,Washington,Citi Open,Outdoor,Hard,1.53,2.5,1
Lopez F.,634,863,441,422,71,82,370,340,Kudla D.,137,198,70,128,5,14,65,114,2021-08-03,Washington,Citi Open,Outdoor,Hard,2.37,1.57,0
Gunneswaran P.,228,28,7,21,0,0,7,21,Ruusuvuori E.,55,158,79,79,16,18,63,61,2021-08-03,Washington,Citi Open,Outdoor,Hard,3.75,1.28,0
Nishioka Y.,31,215,99,116,15,15,84,101,Sock J.,166,324,177,147,38,24,139,123,2021-08-03,Washington,Citi Open,Outdoor,Hard,2.1,1.72,0
Querrey S.,287,678,369,309,48,39,321,270,Nishikori K.,439,617,408,209,70,33,338,176,2021-08-03,Washington,Citi Open,Outdoor,Hard,2.5,1.53,0
Popyrin A.,90,140,59,81,9,13,50,68,Nakashima B.,70,106,57,49,6,5,51,44,2021-08-03,Washington,Citi Open,Outdoor,Hard,2.0,1.8,0
Paire B.,149,527,237,290,39,56,198,234,Mcdonald M.,60,190,87,103,11,15,76,88,2021-08-04,Washington,Citi Open,Outdoor,Hard,2.75,1.44,0
Harris L.,186,129,59,70,7,8,52,62,Sandgren T.,153,121,47,74,2,9,45,65,2021-08-04,Washington,Citi Open,Outdoor,Hard,1.44,2.75,1
Bublik A.,25,219,110,109,39,30,71,79,Nishikori K.,439,617,408,209,70,33,338,176,2021-08-04,Washington,Citi Open,Outdoor,Hard,2.62,1.5,0
Ivashka I.,113,159,78,81,19,18,59,63,Dimitrov G.,20,651,389,262,79,50,310,212,2021-08-04,Washington,Citi Open,Outdoor,Hard,1.66,2.2,1
Sinner J.,8,224,153,71,42,19,111,52,Ruusuvuori E.,55,158,79,79,16,18,63,61,2021-08-04,Washington,Citi Open,Outdoor,Hard,1.57,2.37,1
Opelka R.,17,168,88,80,17,10,71,70,Galan D.E.,76,78,33,45,3,5,30,40,2021-08-04,Washington,Citi Open,Outdoor,Hard,1.33,3.4,1
Fritz T.,9,356,205,151,26,22,179,129,Kudla D.,137,198,70,128,5,14,65,114,2021-08-04,Washington,Citi Open,Outdoor,Hard,1.4,3.0,0
Millman J.,140,256,113,143,21,22,92,121,Ymer E.,186,81,24,57,3,11,21,46,2021-08-04,Washington,Citi Open,Outdoor,Hard,1.66,2.2,1
Evans D.,30,251,124,127,18,16,106,111,Nakashima B.,70,106,57,49,6,5,51,44,2021-08-04,Washington,Citi Open,Outdoor,Hard,2.1,1.72,0
Johnson S.,197,395,196,199,16,23,180,176,De Minaur A.,19,272,161,111,30,19,131,92,2021-08-04,Washington,Citi Open,Outdoor,Hard,3.0,1.4,1
Brooksby J.,39,79,46,33,6,5,40,28,Tiafoe F.,10,303,158,145,24,23,134,122,2021-08-04,Washington,Citi Open,Outdoor,Hard,2.0,1.8,1
Berankis R.,212,249,104,145,36,31,68,114,Kecmanovic M.,40,210,107,103,12,16,95,87,2021-08-04,Washington,Citi Open,Outdoor,Hard,2.37,1.57,1
Mcdonald M.,60,190,87,103,11,15,76,88,Kyrgios N.,25,303,195,108,11,7,184,101,2021-08-04,Washington,Citi Open,Outdoor,Hard,2.75,1.44,1
Brooksby J.,39,79,46,33,6,5,40,28,Auger-Aliassime F.,12,268,163,105,48,22,115,83,2021-08-05,Washington,Citi Open,Outdoor,Hard,2.37,1.57,1
Millman J.,140,256,113,143,21,22,92,121,Opelka R.,17,168,88,80,17,10,71,70,2021-08-05,Washington,Citi Open,Outdoor,Hard,2.3,1.61,1
Korda S.,26,126,75,51,15,9,60,42,Sinner J.,8,224,153,71,42,19,111,52,2021-08-05,Washington,Citi Open,Outdoor,Hard,2.1,1.72,0
Nishikori K.,439,617,408,209,70,33,338,176,Norrie C.,13,287,172,115,15,18,157,97,2021-08-05,Washington,Citi Open,Outdoor,Hard,2.0,1.8,1
Kudla D.,137,198,70,128,5,14,65,114,Nakashima B.,70,106,57,49,6,5,51,44,2021-08-05,Washington,Citi Open,Outdoor,Hard,3.0,1.4,1
Nadal R.,2,1223,1017,206,76,40,941,166,Sock J.,166,324,177,147,38,24,139,123,2021-08-05,Washington,Citi Open,Outdoor,Hard,1.1,7.0,1
Berankis R.,212,249,104,145,36,31,68,114,Johnson S.,197,395,196,199,16,23,180,176,2021-08-05,Washington,Citi Open,Outdoor,Hard,2.2,1.66,0
Harris L.,186,129,59,70,7,8,52,62,Nadal R.,2,1223,1017,206,76,40,941,166,2021-08-06,Washington,Citi Open,Outdoor,Hard,4.0,1.25,1
Ivashka I.,113,159,78,81,19,18,59,63,Mcdonald M.,60,190,87,103,11,15,76,88,2021-08-06,Washington,Citi Open,Outdoor,Hard,1.57,2.37,0
Brooksby J.,39,79,46,33,6,5,40,28,Millman J.,140,256,113,143,21,22,92,121,2021-08-06,Washington,Citi Open,Outdoor,Hard,1.4,3.0,1
Sinner J.,8,224,153,71,42,19,111,52,Johnson S.,197,395,196,199,16,23,180,176,2021-08-06,Washington,Citi Open,Outdoor,Hard,1.33,3.4,1
Nishikori K.,439,617,408,209,70,33,338,176,Harris L.,186,129,59,70,7,8,52,62,2021-08-07,Washington,Citi Open,Outdoor,Hard,1.57,2.37,1
Mcdonald M.,60,190,87,103,11,15,76,88,Kudla D.,137,198,70,128,5,14,65,114,2021-08-07,Washington,Citi Open,Outdoor,Hard,1.53,2.5,1
Brooksby J.,39,79,46,33,6,5,40,28,Sinner J.,8,224,153,71,42,19,111,52,2021-08-07,Washington,Citi Open,Outdoor,Hard,2.37,1.57,0
Mcdonald M.,60,190,87,103,11,15,76,88,Nishikori K.,439,617,408,209,70,33,338,176,2021-08-07,Washington,Citi Open,Outdoor,Hard,2.75,1.44,1
Sinner J.,8,224,153,71,42,19,111,52,Mcdonald M.,60,190,87,103,11,15,76,88,2021-08-08,Washington,Citi Open,Outdoor,Hard,1.25,4.0,1
Bublik A.,25,219,110,109,39,30,71,79,Evans D.,30,251,124,127,18,16,106,111,2021-08-09,Toronto,Canadian Open,Outdoor,Hard,1.8,2.0,1
Millman J.,140,256,113,143,21,22,92,121,Berankis R.,212,249,104,145,36,31,68,114,2021-08-09,Toronto,Canadian Open,Outdoor,Hard,1.9,1.9,1
Fritz T.,9,356,205,151,26,22,179,129,Duckworth J.,123,143,55,88,10,9,45,79,2021-08-09,Toronto,Canadian Open,Outdoor,Hard,1.36,3.2,0
Harris L.,186,129,59,70,7,8,52,62,Schnur B.,233,19,4,15,4,4,0,11,2021-08-09,Toronto,Canadian Open,Outdoor,Hard,1.28,3.75,1
Sonego L.,43,221,107,114,19,17,88,97,Humbert U.,36,170,80,90,23,21,57,69,2021-08-09,Toronto,Canadian Open,Outdoor,Hard,2.62,1.5,0
Fognini F.,128,742,383,359,39,48,344,311,Struff J.L.,21,369,170,199,43,42,127,157,2021-08-09,Toronto,Canadian Open,Outdoor,Hard,1.9,1.9,1
Cilic M.,100,853,543,310,119,65,424,245,Ramos-Vinolas A.,82,437,204,233,17,31,187,202,2021-08-09,Toronto,Canadian Open,Outdoor,Hard,1.33,3.4,1
Ruud C.,4,275,176,99,19,16,157,83,Cilic M.,100,853,543,310,119,65,424,245,2021-08-10,Toronto,Canadian Open,Outdoor,Hard,1.72,2.1,1
Bublik A.,25,219,110,109,39,30,71,79,Medvedev D.,3,406,289,117,69,27,220,90,2021-08-10,Toronto,Canadian Open,Outdoor,Hard,4.5,1.2,0
Mcdonald M.,60,190,87,103,11,15,76,88,Paire B.,149,527,237,290,39,56,198,234,2021-08-10,Toronto,Canadian Open,Outdoor,Hard,1.57,2.37,0
Nishioka Y.,31,215,99,116,15,15,84,101,Tiafoe F.,10,303,158,145,24,23,134,122,2021-08-10,Toronto,Canadian Open,Outdoor,Hard,2.5,1.53,0
Norrie C.,13,287,172,115,15,18,157,97,Khachanov K.,11,378,217,161,44,38,173,123,2021-08-10,Toronto,Canadian Open,Outdoor,Hard,2.0,1.8,0
Isner J.,114,755,465,290,53,45,412,245,Davidovich Fokina A.,39,168,84,84,17,20,67,64,2021-08-10,Toronto,Canadian Open,Outdoor,Hard,1.61,2.3,1
Nishikori K.,439,617,408,209,70,33,338,176,Kecmanovic M.,40,210,107,103,12,16,95,87,2021-08-10,Toronto,Canadian Open,Outdoor,Hard,1.4,3.0,1
Lajovic D.,66,378,163,215,21,36,142,179,Ruusuvuori E.,55,158,79,79,16,18,63,61,2021-08-10,Toronto,Canadian Open,Outdoor,Hard,3.4,1.33,1
Kyrgios N.,25,303,195,108,11,7,184,101,Opelka R.,17,168,88,80,17,10,71,70,2021-08-10,Toronto,Canadian Open,Outdoor,Hard,1.72,2.1,0
Pospisil V.,99,280,122,158,39,34,83,124,Paul T.,14,204,111,93,19,13,92,80,2021-08-10,Toronto,Canadian Open,Outdoor,Hard,1.8,2.0,0
Brooksby J.,39,79,46,33,6,5,40,28,Basilashvili N.,118,301,138,163,26,34,112,129,2021-08-10,Toronto,Canadian Open,Outdoor,Hard,1.44,2.75,0
Karatsev A.,75,136,66,70,10,22,56,48,Khachanov K.,11,378,217,161,44,38,173,123,2021-08-11,Toronto,Canadian Open,Outdoor,Hard,2.37,1.57,0
Nishikori K.,439,617,408,209,70,33,338,176,Hurkacz H.,17,238,137,101,27,24,110,77,2021-08-11,Toronto,Canadian Open,Outdoor,Hard,1.9,1.9,0
Paul T.,14,204,111,93,19,13,92,80,Bautista Agut R.,25,379,234,145,31,29,203,116,2021-08-11,Toronto,Canadian Open,Outdoor,Hard,2.75,1.44,0
Schwartzman D.,95,428,233,195,32,27,201,168,Paire B.,149,527,237,290,39,56,198,234,2021-08-11,Toronto,Canadian Open,Outdoor,Hard,1.36,3.2,1
De Minaur A.,19,272,161,111,30,19,131,92,Basilashvili N.,118,301,138,163,26,34,112,129,2021-08-11,Toronto,Canadian Open,Outdoor,Hard,1.53,2.5,0
Rublev A.,7,392,255,137,57,34,198,103,Fognini F.,128,742,383,359,39,48,344,311,2021-08-11,Toronto,Canadian Open,Outdoor,Hard,1.25,4.0,1
Tsitsipas S.,5,390,264,126,49,32,215,94,Humbert U.,36,170,80,90,23,21,57,69,2021-08-11,Toronto,Canadian Open,Outdoor,Hard,1.36,2.5,1
Harris L.,186,129,59,70,7,8,52,62,Lopez F.,634,863,441,422,71,82,370,340,2021-08-11,Toronto,Canadian Open,Outdoor,Hard,1.25,4.0,1
Garin C.,101,190,103,87,15,13,88,74,Isner J.,114,755,465,290,53,45,412,245,2021-08-11,Toronto,Canadian Open,Outdoor,Hard,2.75,1.44,0
Duckworth J.,123,143,55,88,10,9,45,79,Sinner J.,8,224,153,71,42,19,111,52,2021-08-11,Toronto,Canadian Open,Outdoor,Hard,4.5,1.2,1
Dimitrov G.,20,651,389,262,79,50,310,212,Opelka R.,17,168,88,80,17,10,71,70,2021-08-11,Toronto,Canadian Open,Outdoor,Hard,2.5,1.53,0
Lajovic D.,66,378,163,215,21,36,142,179,Auger-Aliassime F.,12,268,163,105,48,22,115,83,2021-08-11,Toronto,Canadian Open,Outdoor,Hard,4.0,1.25,1
Opelka R.,17,168,88,80,17,10,71,70,Harris L.,186,129,59,70,7,8,52,62,2021-08-12,Toronto,Canadian Open,Outdoor,Hard,1.9,1.9,1
Monfils G.,323,816,510,306,131,65,379,241,Tiafoe F.,10,303,158,145,24,23,134,122,2021-08-12,Toronto,Canadian Open,Outdoor,Hard,3.0,1.4,1
Bautista Agut R.,25,379,234,145,31,29,203,116,Schwartzman D.,95,428,233,195,32,27,201,168,2021-08-12,Toronto,Canadian Open,Outdoor,Hard,1.8,2.0,1
Isner J.,114,755,465,290,53,45,412,245,Rublev A.,7,392,255,137,57,34,198,103,2021-08-12,Toronto,Canadian Open,Outdoor,Hard,2.75,1.44,1
Khachanov K.,11,378,217,161,44,38,173,123,Tsitsipas S.,5,390,264,126,49,32,215,94,2021-08-12,Toronto,Canadian Open,Outdoor,Hard,2.5,1.36,0
Ruud C.,4,275,176,99,19,16,157,83,Lajovic D.,66,378,163,215,21,36,142,179,2021-08-12,Toronto,Canadian Open,Outdoor,Hard,1.36,3.2,1
Millman J.,140,256,113,143,21,22,92,121,Monfils G.,323,816,510,306,131,65,379,241,2021-08-12,Toronto,Canadian Open,Outdoor,Hard,1.61,2.3,0
Shapovalov D.,29,298,166,132,30,27,136,105,Tiafoe F.,10,303,158,145,24,23,134,122,2021-08-12,Toronto,Canadian Open,Outdoor,Hard,2.5,3.2,0
Duckworth J.,123,143,55,88,10,9,45,79,Medvedev D.,3,406,289,117,69,27,220,90,2021-08-13,Toronto,Canadian Open,Outdoor,Hard,8.0,1.08,0
Hurkacz H.,17,238,137,101,27,24,110,77,Basilashvili N.,118,301,138,163,26,34,112,129,2021-08-13,Toronto,Canadian Open,Outdoor,Hard,1.66,2.2,1
Ruud C.,4,275,176,99,19,16,157,83,Tsitsipas S.,5,390,264,126,49,32,215,94,2021-08-13,Toronto,Canadian Open,Outdoor,Hard,2.5,1.25,0
Opelka R.,17,168,88,80,17,10,71,70,Bautista Agut R.,25,379,234,145,31,29,203,116,2021-08-13,Toronto,Canadian Open,Outdoor,Hard,2.2,1.66,1
Tsitsipas S.,5,390,264,126,49,32,215,94,Opelka R.,17,168,88,80,17,10,71,70,2021-08-14,Toronto,Canadian Open,Outdoor,Hard,1.22,4.33,0
Monfils G.,323,816,510,306,131,65,379,241,Isner J.,114,755,465,290,53,45,412,245,2021-08-14,Toronto,Canadian Open,Outdoor,Hard,2.62,1.5,0
Hurkacz H.,17,238,137,101,27,24,110,77,Medvedev D.,3,406,289,117,69,27,220,90,2021-08-14,Toronto,Canadian Open,Outdoor,Hard,4.33,1.22,0
Isner J.,114,755,465,290,53,45,412,245,Medvedev D.,3,406,289,117,69,27,220,90,2021-08-15,Toronto,Canadian Open,Outdoor,Hard,3.5,1.3,0
Opelka R.,17,168,88,80,17,10,71,70,Medvedev D.,3,406,289,117,69,27,220,90,2021-08-15,Toronto,Canadian Open,Outdoor,Hard,5.0,1.16,0
Paire B.,149,527,237,290,39,56,198,234,Kecmanovic M.,40,210,107,103,12,16,95,87,2021-08-15,Cincinnati,Western & Southern Financial Group Masters,Outdoor,Hard,2.37,1.57,1
Evans D.,30,251,124,127,18,16,106,111,Schwartzman D.,95,428,233,195,32,27,201,168,2021-08-16,Cincinnati,Western & Southern Financial Group Masters,Outdoor,Hard,2.75,1.44,0
Harris L.,186,129,59,70,7,8,52,62,Nishioka Y.,31,215,99,116,15,15,84,101,2021-08-16,Cincinnati,Western & Southern Financial Group Masters,Outdoor,Hard,1.4,3.0,1
Fucsovics M.,67,249,121,128,26,24,95,104,Auger-Aliassime F.,12,268,163,105,48,22,115,83,2021-08-16,Cincinnati,Western & Southern Financial Group Masters,Outdoor,Hard,2.75,1.44,0
Ramos-Vinolas A.,82,437,204,233,17,31,187,202,Fritz T.,9,356,205,151,26,22,179,129,2021-08-16,Cincinnati,Western & Southern Financial Group Masters,Outdoor,Hard,3.2,1.36,1
Goffin D.,123,522,296,226,66,52,230,174,Pella G.,199,260,118,142,14,16,104,126,2021-08-16,Cincinnati,Western & Southern Financial Group Masters,Outdoor,Hard,1.3,3.5,0
Fognini F.,128,742,383,359,39,48,344,311,Basilashvili N.,118,301,138,163,26,34,112,129,2021-08-16,Cincinnati,Western & Southern Financial Group Masters,Outdoor,Hard,2.1,1.72,1
Delbonis F.,131,340,152,188,19,23,133,165,Sinner J.,8,224,153,71,42,19,111,52,2021-08-16,Cincinnati,Western & Southern Financial Group Masters,Outdoor,Hard,5.5,1.14,0
Struff J.L.,21,369,170,199,43,42,127,157,Koepfer D.,84,86,38,48,3,3,35,45,2021-08-16,Cincinnati,Western & Southern Financial Group Masters,Outdoor,Hard,1.66,2.2,0
Bublik A.,25,219,110,109,39,30,71,79,Giron M.,69,150,68,82,20,14,48,68,2021-08-17,Cincinnati,Western & Southern Financial Group Masters,Outdoor,Hard,1.57,2.37,1
Opelka R.,17,168,88,80,17,10,71,70,Moutet C.,80,118,50,68,5,11,45,57,2021-08-17,Cincinnati,Western & Southern Financial Group Masters,Outdoor,Hard,1.44,2.75,1
Sonego L.,43,221,107,114,19,17,88,97,Alcaraz C.,1,164,130,34,10,5,120,29,2021-08-17,Cincinnati,Western & Southern Financial Group Masters,Outdoor,Hard,2.2,1.66,1
Isner J.,114,755,465,290,53,45,412,245,Norrie C.,13,287,172,115,15,18,157,97,2021-08-17,Cincinnati,Western & Southern Financial Group Masters,Outdoor,Hard,1.9,1.9,1
Karatsev A.,75,136,66,70,10,22,56,48,Cilic M.,100,853,543,310,119,65,424,245,2021-08-17,Cincinnati,Western & Southern Financial Group Masters,Outdoor,Hard,1.8,2.0,0
Korda S.,26,126,75,51,15,9,60,42,Djere L.,38,243,120,123,10,22,110,101,2021-08-17,Cincinnati,Western & Southern Financial Group Masters,Outdoor,Hard,1.2,4.5,1
Nakashima B.,70,106,57,49,6,5,51,44,Mcdonald M.,60,190,87,103,11,15,76,88,2021-08-17,Cincinnati,Western & Southern Financial Group Masters,Outdoor,Hard,1.66,2.2,0
Hurkacz H.,17,238,137,101,27,24,110,77,Davidovich Fokina A.,39,168,84,84,17,20,67,64,2021-08-17,Cincinnati,Western & Southern Financial Group Masters,Outdoor,Hard,1.36,3.2,1
Khachanov K.,11,378,217,161,44,38,173,123,Anderson K.,652,598,347,251,48,38,299,213,2021-08-17,Cincinnati,Western & Southern Financial Group Masters,Outdoor,Hard,1.61,2.3,1
Gasquet R.,48,948,581,367,133,82,448,285,Murray A.,44,932,687,245,132,47,555,198,2021-08-17,Cincinnati,Western & Southern Financial Group Masters,Outdoor,Hard,1.72,2.1,0
Krajinovic F.,93,240,115,125,38,34,77,91,De Minaur A.,19,272,161,111,30,19,131,92,2021-08-17,Cincinnati,Western & Southern Financial Group Masters,Outdoor,Hard,2.2,1.66,0
Bautista Agut R.,25,379,234,145,31,29,203,116,Dimitrov G.,20,651,389,262,79,50,310,212,2021-08-17,Cincinnati,Western & Southern Financial Group Masters,Outdoor,Hard,1.5,2.62,0
Zverev A.,19,500,346,154,60,31,286,123,Harris L.,186,129,59,70,7,8,52,62,2021-08-18,Cincinnati,Western & Southern Financial Group Masters,Outdoor,Hard,1.3,3.5,1
Isner J.,114,755,465,290,53,45,412,245,Sinner J.,8,224,153,71,42,19,111,52,2021-08-18,Cincinnati,Western & Southern Financial Group Masters,Outdoor,Hard,2.2,1.66,1
Mcdonald M.,60,190,87,103,11,15,76,88,Medvedev D.,3,406,289,117,69,27,220,90,2021-08-18,Cincinnati,Western & Southern Financial Group Masters,Outdoor,Hard,5.0,1.16,0
Opelka R.,17,168,88,80,17,10,71,70,Ruud C.,4,275,176,99,19,16,157,83,2021-08-18,Cincinnati,Western & Southern Financial Group Masters,Outdoor,Hard,2.1,1.72,0
Cilic M.,100,853,543,310,119,65,424,245,Rublev A.,7,392,255,137,57,34,198,103,2021-08-18,Cincinnati,Western & Southern Financial Group Masters,Outdoor,Hard,3.5,1.3,0
Murray A.,44,932,687,245,132,47,555,198,Hurkacz H.,17,238,137,101,27,24,110,77,2021-08-18,Cincinnati,Western & Southern Financial Group Masters,Outdoor,Hard,3.4,1.33,0
Pella G.,199,260,118,142,14,16,104,126,Fognini F.,128,742,383,359,39,48,344,311,2021-08-18,Cincinnati,Western & Southern Financial Group Masters,Outdoor,Hard,3.5,1.3,1
Bublik A.,25,219,110,109,39,30,71,79,Dimitrov G.,20,651,389,262,79,50,310,212,2021-08-18,Cincinnati,Western & Southern Financial Group Masters,Outdoor,Hard,2.1,1.72,0
Carreno Busta P.,16,352,214,138,33,25,181,113,Koepfer D.,84,86,38,48,3,3,35,45,2021-08-18,Cincinnati,Western & Southern Financial Group Masters,Outdoor,Hard,1.3,3.5,1
Shapovalov D.,29,298,166,132,30,27,136,105,Paire B.,149,527,237,290,39,56,198,234,2021-08-18,Cincinnati,Western & Southern Financial Group Masters,Outdoor,Hard,1.28,3.75,0
Berrettini M.,38,217,142,75,14,11,128,64,Ramos-Vinolas A.,82,437,204,233,17,31,187,202,2021-08-18,Cincinnati,Western & Southern Financial Group Masters,Outdoor,Hard,1.14,5.5,1
Garin C.,101,190,103,87,15,13,88,74,Paul T.,14,204,111,93,19,13,92,80,2021-08-18,Cincinnati,Western & Southern Financial Group Masters,Outdoor,Hard,2.1,1.72,0
Tiafoe F.,10,303,158,145,24,23,134,122,Humbert U.,36,170,80,90,23,21,57,69,2021-08-18,Cincinnati,Western & Southern Financial Group Masters,Outdoor,Hard,2.5,1.53,1
Lajovic D.,66,378,163,215,21,36,142,179,Monfils G.,323,816,510,306,131,65,379,241,2021-08-18,Cincinnati,Western & Southern Financial Group Masters,Outdoor,Hard,2.3,1.61,0
Sonego L.,43,221,107,114,19,17,88,97,Paul T.,14,204,111,93,19,13,92,80,2021-08-18,Cincinnati,Western & Southern Financial Group Masters,Outdoor,Hard,1.72,2.1,1
Auger-Aliassime F.,12,268,163,105,48,22,115,83,Khachanov K.,11,378,217,161,44,38,173,123,2021-08-18,Cincinnati,Western & Southern Financial Group Masters,Outdoor,Hard,2.37,1.57,1
De Minaur A.,19,272,161,111,30,19,131,92,Monfils G.,323,816,510,306,131,65,379,241,2021-08-18,Cincinnati,Western & Southern Financial Group Masters,Outdoor,Hard,1.72,2.1,0
Carreno Busta P.,16,352,214,138,33,25,181,113,Hurkacz H.,17,238,137,101,27,24,110,77,2021-08-19,Cincinnati,Western & Southern Financial Group Masters,Outdoor,Hard,2.0,1.8,1
Zverev A.,19,500,346,154,60,31,286,123,Pella G.,199,260,118,142,14,16,104,126,2021-08-19,Cincinnati,Western & Southern Financial Group Masters,Outdoor,Hard,1.08,8.0,1
Rublev A.,7,392,255,137,57,34,198,103,Monfils G.,323,816,510,306,131,65,379,241,2021-08-19,Cincinnati,Western & Southern Financial Group Masters,Outdoor,Hard,1.3,3.5,1
Schwartzman D.,95,428,233,195,32,27,201,168,Ruud C.,4,275,176,99,19,16,157,83,2021-08-19,Cincinnati,Western & Southern Financial Group Masters,Outdoor,Hard,2.0,1.8,0
Medvedev D.,3,406,289,117,69,27,220,90,Dimitrov G.,20,651,389,262,79,50,310,212,2021-08-19,Cincinnati,Western & Southern Financial Group Masters,Outdoor,Hard,1.16,5.0,1
Korda S.,26,126,75,51,15,9,60,42,Tsitsipas S.,5,390,264,126,49,32,215,94,2021-08-19,Cincinnati,Western & Southern Financial Group Masters,Outdoor,Hard,3.5,1.3,0
Tiafoe F.,10,303,158,145,24,23,134,122,Schwartzman D.,95,428,233,195,32,27,201,168,2021-08-19,Cincinnati,Western & Southern Financial Group Masters,Outdoor,Hard,2.1,1.72,0
Isner J.,114,755,465,290,53,45,412,245,Paire B.,149,527,237,290,39,56,198,234,2021-08-19,Cincinnati,Western & Southern Financial Group Masters,Outdoor,Hard,1.36,3.2,0
Sonego L.,43,221,107,114,19,17,88,97,Tsitsipas S.,5,390,264,126,49,32,215,94,2021-08-20,Cincinnati,Western & Southern Financial Group Masters,Outdoor,Hard,5.0,1.16,0
Berrettini M.,38,217,142,75,14,11,128,64,Auger-Aliassime F.,12,268,163,105,48,22,115,83,2021-08-20,Cincinnati,Western & Southern Financial Group Masters,Outdoor,Hard,1.53,2.5,0
Paire B.,149,527,237,290,39,56,198,234,Rublev A.,7,392,255,137,57,34,198,103,2021-08-20,Cincinnati,Western & Southern Financial Group Masters,Outdoor,Hard,4.5,1.2,0
Medvedev D.,3,406,289,117,69,27,220,90,Carreno Busta P.,16,352,214,138,33,25,181,113,2021-08-20,Cincinnati,Western & Southern Financial Group Masters,Outdoor,Hard,1.28,3.75,1
Tsitsipas S.,5,390,264,126,49,32,215,94,Zverev A.,19,500,346,154,60,31,286,123,2021-08-21,Cincinnati,Western & Southern Financial Group Masters,Outdoor,Hard,2.2,1.66,0
Medvedev D.,3,406,289,117,69,27,220,90,Rublev A.,7,392,255,137,57,34,198,103,2021-08-21,Cincinnati,Western & Southern Financial Group Masters,Outdoor,Hard,1.22,4.33,0
Tsitsipas S.,5,390,264,126,49,32,215,94,Auger-Aliassime F.,12,268,163,105,48,22,115,83,2021-08-21,Cincinnati,Western & Southern Financial Group Masters,Outdoor,Hard,1.36,3.2,1
Zverev A.,19,500,346,154,60,31,286,123,Ruud C.,4,275,176,99,19,16,157,83,2021-08-21,Cincinnati,Western & Southern Financial Group Masters,Outdoor,Hard,1.25,4.0,1
Zverev A.,19,500,346,154,60,31,286,123,Rublev A.,7,392,255,137,57,34,198,103,2021-08-22,Cincinnati,Western & Southern Financial Group Masters,Outdoor,Hard,1.4,3.0,1
Sandgren T.,153,121,47,74,2,9,45,65,Cecchinato M.,108,204,79,125,2,14,77,111,2021-08-22,Winston-Salem,Winston-Salem Open at Wake Forest University,Outdoor,Hard,1.36,3.2,0
Gerasimov E.,150,93,43,50,19,19,24,31,Gombos N.,114,66,21,45,6,14,15,31,2021-08-22,Winston-Salem,Winston-Salem Open at Wake Forest University,Outdoor,Hard,1.53,2.5,1
Duckworth J.,123,143,55,88,10,9,45,79,Monteiro T.,121,171,69,102,9,11,60,91,2021-08-22,Winston-Salem,Winston-Salem Open at Wake Forest University,Outdoor,Hard,1.28,3.75,0
Seppi A.,141,758,363,395,74,85,289,310,Ivashka I.,113,159,78,81,19,18,59,63,2021-08-23,Winston-Salem,Winston-Salem Open at Wake Forest University,Outdoor,Hard,3.4,1.33,0
Lopez F.,634,863,441,422,71,82,370,340,Pouille L.,675,259,134,125,35,26,99,99,2021-08-23,Winston-Salem,Winston-Salem Open at Wake Forest University,Outdoor,Hard,2.2,1.66,0
Munar J.,104,178,75,103,7,12,68,91,Watanuki Y.,99,25,11,14,0,0,11,14,2021-08-23,Winston-Salem,Winston-Salem Open at Wake Forest University,Outdoor,Hard,1.36,3.2,0
Ruusuvuori E.,55,158,79,79,16,18,63,61,Kudla D.,137,198,70,128,5,14,65,114,2021-08-23,Winston-Salem,Winston-Salem Open at Wake Forest University,Outdoor,Hard,1.57,2.37,1
Thompson J.,71,221,96,125,10,10,86,115,Pella G.,199,260,118,142,14,16,104,126,2021-08-23,Winston-Salem,Winston-Salem Open at Wake Forest University,Outdoor,Hard,1.72,2.1,1
Mager G.,67,59,24,35,3,7,21,28,Wu T.L.,175,6,1,5,0,0,1,5,2021-08-23,Winston-Salem,Winston-Salem Open at Wake Forest University,Outdoor,Hard,1.66,2.2,1
Simon G.,188,869,491,378,135,94,356,284,Rinderknech A.,67,96,46,50,16,12,30,38,2021-08-23,Winston-Salem,Winston-Salem Open at Wake Forest University,Outdoor,Hard,3.4,1.33,1
Bagnis F.,135,121,39,82,9,8,30,74,Giron M.,69,150,68,82,20,14,48,68,2021-08-23,Winston-Salem,Winston-Salem Open at Wake Forest University,Outdoor,Hard,4.0,1.25,0
Rubin N.,306,29,8,21,0,2,8,19,Murray A.,44,932,687,245,132,47,555,198,2021-08-23,Winston-Salem,Winston-Salem Open at Wake Forest University,Outdoor,Hard,,,0
Ymer M.,59,130,58,72,18,23,40,49,Travaglia S.,1024,81,27,54,5,12,22,42,2021-08-23,Winston-Salem,Winston-Salem Open at Wake Forest University,Outdoor,Hard,1.72,2.1,1
Albot R.,97,215,86,129,26,26,60,103,Kwon S.W.,68,108,53,55,12,6,41,49,2021-08-23,Winston-Salem,Winston-Salem Open at Wake Forest University,Outdoor,Hard,3.2,1.36,0
Musetti L.,18,143,79,64,12,12,67,52,Coria F.,108,99,43,56,2,6,41,50,2021-08-23,Winston-Salem,Winston-Salem Open at Wake Forest University,Outdoor,Hard,1.33,3.4,0
Ramos-Vinolas A.,82,437,204,233,17,31,187,202,Ymer M.,59,130,58,72,18,23,40,49,2021-08-24,Winston-Salem,Winston-Salem Open at Wake Forest University,Outdoor,Hard,2.0,1.8,0
Fucsovics M.,67,249,121,128,26,24,95,104,Watanuki Y.,99,25,11,14,0,0,11,14,2021-08-24,Winston-Salem,Winston-Salem Open at Wake Forest University,Outdoor,Hard,1.25,4.0,1
Pouille L.,675,259,134,125,35,26,99,99,Evans D.,30,251,124,127,18,16,106,111,2021-08-24,Winston-Salem,Winston-Salem Open at Wake Forest University,Outdoor,Hard,3.0,1.4,0
Cilic M.,100,853,543,310,119,65,424,245,Ivashka I.,113,159,78,81,19,18,59,63,2021-08-24,Winston-Salem,Winston-Salem Open at Wake Forest University,Outdoor,Hard,1.72,2.1,0
Struff J.L.,21,369,170,199,43,42,127,157,Mager G.,67,59,24,35,3,7,21,28,2021-08-24,Winston-Salem,Winston-Salem Open at Wake Forest University,Outdoor,Hard,1.44,2.75,1
Bublik A.,25,219,110,109,39,30,71,79,Ruusuvuori E.,55,158,79,79,16,18,63,61,2021-08-24,Winston-Salem,Winston-Salem Open at Wake Forest University,Outdoor,Hard,2.0,1.8,0
Paire B.,149,527,237,290,39,56,198,234,Simon G.,188,869,491,378,135,94,356,284,2021-08-24,Winston-Salem,Winston-Salem Open at Wake Forest University,Outdoor,Hard,1.72,2.1,1
Kwon S.W.,68,108,53,55,12,6,41,49,Carreno Busta P.,16,352,214,138,33,25,181,113,2021-08-24,Winston-Salem,Winston-Salem Open at Wake Forest University,Outdoor,Hard,4.33,1.22,0
Gasquet R.,48,948,581,367,133,82,448,285,Gerasimov E.,150,93,43,50,19,19,24,31,2021-08-24,Winston-Salem,Winston-Salem Open at Wake Forest University,Outdoor,Hard,1.5,2.62,1
Koepfer D.,84,86,38,48,3,3,35,45,Cecchinato M.,108,204,79,125,2,14,77,111,2021-08-24,Winston-Salem,Winston-Salem Open at Wake Forest University,Outdoor,Hard,1.4,3.0,1
Johnson S.,197,395,196,199,16,23,180,176,Popyrin A.,90,140,59,81,9,13,50,68,2021-08-24,Winston-Salem,Winston-Salem Open at Wake Forest University,Outdoor,Hard,1.36,3.2,0
Coria F.,108,99,43,56,2,6,41,50,Herbert P.H.,157,202,89,113,31,38,58,75,2021-08-24,Winston-Salem,Winston-Salem Open at Wake Forest University,Outdoor,Hard,2.75,1.44,0
Ymer M.,59,130,58,72,18,23,40,49,Purcell M.,78,28,9,19,0,0,9,19,2021-08-25,Winston-Salem,Winston-Salem Open at Wake Forest University,Outdoor,Hard,1.44,2.75,1
Evans D.,30,251,124,127,18,16,106,111,Gasquet R.,48,948,581,367,133,82,448,285,2021-08-25,Winston-Salem,Winston-Salem Open at Wake Forest University,Outdoor,Hard,1.72,2.1,0
Ruusuvuori E.,55,158,79,79,16,18,63,61,Paire B.,149,527,237,290,39,56,198,234,2021-08-25,Winston-Salem,Winston-Salem Open at Wake Forest University,Outdoor,Hard,1.66,2.2,1
Struff J.L.,21,369,170,199,43,42,127,157,Ivashka I.,113,159,78,81,19,18,59,63,2021-08-25,Winston-Salem,Winston-Salem Open at Wake Forest University,Outdoor,Hard,2.0,1.8,0
Koepfer D.,84,86,38,48,3,3,35,45,Carreno Busta P.,16,352,214,138,33,25,181,113,2021-08-25,Winston-Salem,Winston-Salem Open at Wake Forest University,Outdoor,Hard,4.0,1.25,0
Tiafoe F.,10,303,158,145,24,23,134,122,Murray A.,44,932,687,245,132,47,555,198,2021-08-25,Winston-Salem,Winston-Salem Open at Wake Forest University,Outdoor,Hard,1.72,2.1,1
Popyrin A.,90,140,59,81,9,13,50,68,Alcaraz C.,1,164,130,34,10,5,120,29,2021-08-25,Winston-Salem,Winston-Salem Open at Wake Forest University,Outdoor,Hard,2.1,1.72,0
Delbonis F.,131,340,152,188,19,23,133,165,Giron M.,69,150,68,82,20,14,48,68,2021-08-25,Winston-Salem,Winston-Salem Open at Wake Forest University,Outdoor,Hard,3.2,1.36,0
Thompson J.,71,221,96,125,10,10,86,115,Purcell M.,78,28,9,19,0,0,9,19,2021-08-25,Winston-Salem,Winston-Salem Open at Wake Forest University,Outdoor,Hard,1.36,3.2,0
Monteiro T.,121,171,69,102,9,11,60,91,Nava E.,242,13,2,11,0,0,2,11,2021-08-25,Winston-Salem,Winston-Salem Open at Wake Forest University,Outdoor,Hard,1.12,6.0,1
Ruusuvuori E.,55,158,79,79,16,18,63,61,Gasquet R.,48,948,581,367,133,82,448,285,2021-08-26,Winston-Salem,Winston-Salem Open at Wake Forest University,Outdoor,Hard,1.57,2.37,1
Carreno Busta P.,16,352,214,138,33,25,181,113,Ivashka I.,113,159,78,81,19,18,59,63,2021-08-26,Winston-Salem,Winston-Salem Open at Wake Forest University,Outdoor,Hard,1.5,2.62,0
Herbert P.H.,157,202,89,113,31,38,58,75,Giron M.,69,150,68,82,20,14,48,68,2021-08-26,Winston-Salem,Winston-Salem Open at Wake Forest University,Outdoor,Hard,2.75,1.44,0
Monteiro T.,121,171,69,102,9,11,60,91,Tiafoe F.,10,303,158,145,24,23,134,122,2021-08-26,Winston-Salem,Winston-Salem Open at Wake Forest University,Outdoor,Hard,4.33,1.22,0
Fucsovics M.,67,249,121,128,26,24,95,104,Alcaraz C.,1,164,130,34,10,5,120,29,2021-08-26,Winston-Salem,Winston-Salem Open at Wake Forest University,Outdoor,Hard,2.0,1.8,0
Ymer M.,59,130,58,72,18,23,40,49,Tiafoe F.,10,303,158,145,24,23,134,122,2021-08-27,Winston-Salem,Winston-Salem Open at Wake Forest University,Outdoor,Hard,2.75,1.44,1
Alcaraz C.,1,164,130,34,10,5,120,29,Giron M.,69,150,68,82,20,14,48,68,2021-08-27,Winston-Salem,Winston-Salem Open at Wake Forest University,Outdoor,Hard,1.57,2.37,1
Ivashka I.,113,159,78,81,19,18,59,63,Ruusuvuori E.,55,158,79,79,16,18,63,61,2021-08-28,Winston-Salem,Winston-Salem Open at Wake Forest University,Outdoor,Hard,1.57,2.37,1
Alcaraz C.,1,164,130,34,10,5,120,29,Ymer M.,59,130,58,72,18,23,40,49,2021-08-28,Winston-Salem,Winston-Salem Open at Wake Forest University,Outdoor,Hard,1.44,2.75,0
Ivashka I.,113,159,78,81,19,18,59,63,Ymer M.,59,130,58,72,18,23,40,49,2021-08-28,Winston-Salem,Winston-Salem Open at Wake Forest University,Outdoor,Hard,1.44,2.75,1
Sugita Y.,131,129,47,82,6,12,41,70,Ruud C.,4,275,176,99,19,16,157,83,2021-08-30,New York,US Open,Outdoor,Hard,10.0,1.06,0
Herbert P.H.,157,202,89,113,31,38,58,75,Mannarino A.,27,567,264,303,60,73,204,230,2021-08-30,New York,US Open,Outdoor,Hard,1.44,2.75,0
Tsitsipas S.,5,390,264,126,49,32,215,94,Murray A.,44,932,687,245,132,47,555,198,2021-08-30,New York,US Open,Outdoor,Hard,1.07,9.0,1
Riffice S.,542,1,0,1,0,0,0,1,Dimitrov G.,20,651,389,262,79,50,310,212,2021-08-30,New York,US Open,Outdoor,Hard,11.0,1.05,0
Davidovich Fokina A.,39,168,84,84,17,20,67,64,Trungelliti M.,240,33,13,20,2,2,11,18,2021-08-30,New York,US Open,Outdoor,Hard,1.14,5.5,0
Molcan A.,120,86,45,41,1,6,44,35,Ilkel C.,382,17,1,16,0,4,1,12,2021-08-30,New York,US Open,Outdoor,Hard,1.3,3.5,1
Rinderknech A.,67,96,46,50,16,12,30,38,Kecmanovic M.,40,210,107,103,12,16,95,87,2021-08-30,New York,US Open,Outdoor,Hard,2.0,1.8,1
Majchrzak K.,121,50,19,31,3,4,16,27,Ruusuvuori E.,55,158,79,79,16,18,63,61,2021-08-30,New York,US Open,Outdoor,Hard,2.75,1.44,0
Hoang A.,155,19,6,13,2,5,4,8,Giron M.,69,150,68,82,20,14,48,68,2021-08-30,New York,US Open,Outdoor,Hard,4.33,1.22,0
Albot R.,97,215,86,129,26,26,60,103,Popyrin A.,90,140,59,81,9,13,50,68,2021-08-30,New York,US Open,Outdoor,Hard,4.33,1.22,0
Koepfer D.,84,86,38,48,3,3,35,45,Halys Q.,79,72,23,49,3,10,20,39,2021-08-30,New York,US Open,Outdoor,Hard,1.4,3.0,1
Alcaraz C.,1,164,130,34,10,5,120,29,Norrie C.,13,287,172,115,15,18,157,97,2021-08-30,New York,US Open,Outdoor,Hard,2.75,1.44,1
Van De Zandschulp B.,44,117,63,54,11,11,52,43,Taberner C.,181,37,13,24,4,6,9,18,2021-08-30,New York,US Open,Outdoor,Hard,1.36,3.2,1
Isner J.,114,755,465,290,53,45,412,245,Nakashima B.,70,106,57,49,6,5,51,44,2021-08-30,New York,US Open,Outdoor,Hard,1.53,2.5,0
Andujar P.,323,404,164,240,12,30,152,210,Kukushkin M.,221,352,141,211,50,49,91,162,2021-08-30,New York,US Open,Outdoor,Hard,2.62,1.5,1
Garin C.,101,190,103,87,15,13,88,74,Gombos N.,114,66,21,45,6,14,15,31,2021-08-30,New York,US Open,Outdoor,Hard,1.3,3.5,1
Paire B.,149,527,237,290,39,56,198,234,Lajovic D.,66,378,163,215,21,36,142,179,2021-08-30,New York,US Open,Outdoor,Hard,1.53,2.5,0
Bagnis F.,135,121,39,82,9,8,30,74,Daniel T.,111,178,67,111,3,10,64,101,2021-08-30,New York,US Open,Outdoor,Hard,2.37,1.57,1
Berankis R.,212,249,104,145,36,31,68,114,Schwartzman D.,95,428,233,195,32,27,201,168,2021-08-30,New York,US Open,Outdoor,Hard,5.5,1.14,0
Evans D.,30,251,124,127,18,16,106,111,Monteiro T.,121,171,69,102,9,11,60,91,2021-08-30,New York,US Open,Outdoor,Hard,1.28,3.75,1
Zapata Miralles B.,54,80,32,48,1,6,31,42,Lopez F.,634,863,441,422,71,82,370,340,2021-08-30,New York,US Open,Outdoor,Hard,1.66,2.2,1
Anderson K.,652,598,347,251,48,38,299,213,Vesely J.,528,288,130,158,6,19,124,139,2021-08-30,New York,US Open,Outdoor,Hard,1.3,3.5,1
Gojowczyk P.,108,172,75,97,17,18,58,79,Humbert U.,36,170,80,90,23,21,57,69,2021-08-30,New York,US Open,Outdoor,Hard,4.5,1.2,1
Auger-Aliassime F.,12,268,163,105,48,22,115,83,Donskoy E.,149,162,50,112,14,33,36,79,2021-08-30,New York,US Open,Outdoor,Hard,1.07,9.0,1
Cilic M.,100,853,543,310,119,65,424,245,Kohlschreiber P.,132,812,446,366,76,73,370,293,2021-08-30,New York,US Open,Outdoor,Hard,1.4,3.0,0
Karlovic I.,221,674,351,323,80,66,271,257,Rublev A.,7,392,255,137,57,34,198,103,2021-08-30,New York,US Open,Outdoor,Hard,11.0,1.05,0
Duckworth J.,123,143,55,88,10,9,45,79,Martinez P.,135,118,50,68,7,6,43,62,2021-08-30,New York,US Open,Outdoor,Hard,1.44,2.75,0
Millman J.,140,256,113,143,21,22,92,121,Laaksonen H.,125,101,37,64,7,16,30,48,2021-08-30,New York,US Open,Outdoor,Hard,1.53,2.5,0
Paul T.,14,204,111,93,19,13,92,80,Carballes Baena R.,64,207,91,116,11,10,80,106,2021-08-31,New York,US Open,Outdoor,Hard,1.16,5.0,0
Cressy M.,96,96,42,54,10,11,32,43,Carreno Busta P.,16,352,214,138,33,25,181,113,2021-08-31,New York,US Open,Outdoor,Hard,7.0,1.1,1
Sinner J.,8,224,153,71,42,19,111,52,Purcell M.,78,28,9,19,0,0,9,19,2021-08-31,New York,US Open,Outdoor,Hard,1.08,8.0,1
Shapovalov D.,29,298,166,132,30,27,136,105,Delbonis F.,131,340,152,188,19,23,133,165,2021-08-31,New York,US Open,Outdoor,Hard,1.1,7.0,1
Basilashvili N.,118,301,138,163,26,34,112,129,Korda S.,26,126,75,51,15,9,60,42,2021-08-31,New York,US Open,Outdoor,Hard,3.0,1.4,1
Thompson J.,71,221,96,125,10,10,86,115,Mager G.,67,59,24,35,3,7,21,28,2021-08-31,New York,US Open,Outdoor,Hard,1.33,3.4,1
Moutet C.,80,118,50,68,5,11,45,57,Travaglia S.,1024,81,27,54,5,12,22,42,2021-08-31,New York,US Open,Outdoor,Hard,1.61,2.3,1
Berrettini M.,38,217,142,75,14,11,128,64,Chardy J.,542,591,289,302,44,48,245,254,2021-08-31,New York,US Open,Outdoor,Hard,1.1,7.0,1
Struff J.L.,21,369,170,199,43,42,127,157,Griekspoor T.,37,97,47,50,7,14,40,36,2021-08-31,New York,US Open,Outdoor,Hard,1.3,3.5,0
Nishioka Y.,31,215,99,116,15,15,84,101,Sock J.,166,324,177,147,38,24,139,123,2021-08-31,New York,US Open,Outdoor,Hard,1.8,2.0,0
Marterer M.,144,91,31,60,2,8,29,52,Johnson S.,197,395,196,199,16,23,180,176,2021-08-31,New York,US Open,Outdoor,Hard,2.62,1.5,0
Sandgren T.,153,121,47,74,2,9,45,65,Ivashka I.,113,159,78,81,19,18,59,63,2021-08-31,New York,US Open,Outdoor,Hard,4.0,1.25,0
Fognini F.,128,742,383,359,39,48,344,311,Pospisil V.,99,280,122,158,39,34,83,124,2021-08-31,New York,US Open,Outdoor,Hard,1.57,2.37,0
Svajda Z.,233,8,2,6,0,1,2,5,Cecchinato M.,108,204,79,125,2,14,77,111,2021-08-31,New York,US Open,Outdoor,Hard,2.75,1.44,1
Ymer M.,59,130,58,72,18,23,40,49,Brooksby J.,39,79,46,33,6,5,40,28,2021-08-31,New York,US Open,Outdoor,Hard,3.0,1.4,0
Sonego L.,43,221,107,114,19,17,88,97,Otte O.,233,78,33,45,6,14,27,31,2021-08-31,New York,US Open,Outdoor,Hard,1.33,3.4,0
Coria F.,108,99,43,56,2,6,41,50,Monfils G.,323,816,510,306,131,65,379,241,2021-08-31,New York,US Open,Outdoor,Hard,6.0,1.12,0
Hanfmann Y.,50,99,50,49,5,4,45,45,Bublik A.,25,219,110,109,39,30,71,79,2021-08-31,New York,US Open,Outdoor,Hard,5.0,1.16,0
Seppi A.,141,758,363,395,74,85,289,310,Fucsovics M.,67,249,121,128,26,24,95,104,2021-08-31,New York,US Open,Outdoor,Hard,5.0,1.16,1
Eubanks C.,29,64,28,36,1,3,27,33,Tiafoe F.,10,303,158,145,24,23,134,122,2021-08-31,New York,US Open,Outdoor,Hard,4.5,1.2,0
Pella G.,199,260,118,142,14,16,104,126,Krajinovic F.,93,240,115,125,38,34,77,91,2021-08-31,New York,US Open,Outdoor,Hard,3.5,1.3,1
Bautista Agut R.,25,379,234,145,31,29,203,116,Kyrgios N.,25,303,195,108,11,7,184,101,2021-08-31,New York,US Open,Outdoor,Hard,1.57,2.37,1
Medvedev D.,3,406,289,117,69,27,220,90,Gasquet R.,48,948,581,367,133,82,448,285,2021-08-31,New York,US Open,Outdoor,Hard,1.04,13.0,1
Nava E.,242,13,2,11,0,0,2,11,Musetti L.,18,143,79,64,12,12,67,52,2021-08-31,New York,US Open,Outdoor,Hard,3.0,1.4,0
Mcdonald M.,60,190,87,103,11,15,76,88,Goffin D.,123,522,296,226,66,52,230,174,2021-08-31,New York,US Open,Outdoor,Hard,1.4,3.0,1
Opelka R.,17,168,88,80,17,10,71,70,Kwon S.W.,68,108,53,55,12,6,41,49,2021-08-31,New York,US Open,Outdoor,Hard,1.3,3.5,1
Djere L.,38,243,120,123,10,22,110,101,Kudla D.,137,198,70,128,5,14,65,114,2021-08-31,New York,US Open,Outdoor,Hard,2.5,1.53,0
Pouille L.,675,259,134,125,35,26,99,99,Ramos-Vinolas A.,82,437,204,233,17,31,187,202,2021-08-31,New York,US Open,Outdoor,Hard,2.3,1.61,0
Harris L.,186,129,59,70,7,8,52,62,Khachanov K.,11,378,217,161,44,38,173,123,2021-08-31,New York,US Open,Outdoor,Hard,2.75,1.44,1
Caruso S.,146,63,19,44,5,9,14,35,Nishikori K.,439,617,408,209,70,33,338,176,2021-08-31,New York,US Open,Outdoor,Hard,6.5,1.11,0
Cuevas P.,149,421,210,211,34,25,176,186,Escobedo E.,377,57,20,37,2,2,18,35,2021-08-31,New York,US Open,Outdoor,Hard,2.37,1.57,0
Zverev A.,19,500,346,154,60,31,286,123,Querrey S.,287,678,369,309,48,39,321,270,2021-08-31,New York,US Open,Outdoor,Hard,1.04,13.0,1
Gerasimov E.,150,93,43,50,19,19,24,31,Hurkacz H.,17,238,137,101,27,24,110,77,2021-08-31,New York,US Open,Outdoor,Hard,6.0,1.12,0
Munar J.,104,178,75,103,7,12,68,91,Karatsev A.,75,136,66,70,10,22,56,48,2021-08-31,New York,US Open,Outdoor,Hard,4.0,1.25,0
Garin C.,101,190,103,87,15,13,88,74,Laaksonen H.,125,101,37,64,7,16,30,48,2021-09-01,New York,US Open,Outdoor,Hard,1.57,2.37,0
Pella G.,199,260,118,142,14,16,104,126,Tiafoe F.,10,303,158,145,24,23,134,122,2021-09-01,New York,US Open,Outdoor,Hard,3.2,1.36,0
Ruusuvuori E.,55,158,79,79,16,18,63,61,Bautista Agut R.,25,379,234,145,31,29,203,116,2021-09-01,New York,US Open,Outdoor,Hard,2.62,1.5,0
Zapata Miralles B.,54,80,32,48,1,6,31,42,Auger-Aliassime F.,12,268,163,105,48,22,115,83,2021-09-01,New York,US Open,Outdoor,Hard,6.5,1.11,0
Bagnis F.,135,121,39,82,9,8,30,74,Trungelliti M.,240,33,13,20,2,2,11,18,2021-09-01,New York,US Open,Outdoor,Hard,1.72,2.1,1
Kohlschreiber P.,132,812,446,366,76,73,370,293,Andujar P.,323,404,164,240,12,30,152,210,2021-09-01,New York,US Open,Outdoor,Hard,1.3,3.5,0
Lajovic D.,66,378,163,215,21,36,142,179,Gojowczyk P.,108,172,75,97,17,18,58,79,2021-09-01,New York,US Open,Outdoor,Hard,1.66,2.2,0
Koepfer D.,84,86,38,48,3,3,35,45,Medvedev D.,3,406,289,117,69,27,220,90,2021-09-01,New York,US Open,Outdoor,Hard,17.0,1.02,0
Evans D.,30,251,124,127,18,16,106,111,Giron M.,69,150,68,82,20,14,48,68,2021-09-01,New York,US Open,Outdoor,Hard,1.8,2.0,1
Molcan A.,120,86,45,41,1,6,44,35,Nakashima B.,70,106,57,49,6,5,51,44,2021-09-01,New York,US Open,Outdoor,Hard,3.5,1.3,1
Alcaraz C.,1,164,130,34,10,5,120,29,Rinderknech A.,67,96,46,50,16,12,30,38,2021-09-01,New York,US Open,Outdoor,Hard,1.33,3.4,1
Dimitrov G.,20,651,389,262,79,50,310,212,Popyrin A.,90,140,59,81,9,13,50,68,2021-09-01,New York,US Open,Outdoor,Hard,1.5,2.62,0
Rublev A.,7,392,255,137,57,34,198,103,Martinez P.,135,118,50,68,7,6,43,62,2021-09-01,New York,US Open,Outdoor,Hard,1.04,13.0,1
Fritz T.,9,356,205,151,26,22,179,129,De Minaur A.,19,272,161,111,30,19,131,92,2021-09-01,New York,US Open,Outdoor,Hard,2.37,1.57,1
Rune H.,6,131,83,48,28,9,55,39,Djokovic N.,2,1207,1012,195,146,42,866,153,2021-09-01,New York,US Open,Outdoor,Hard,23.0,1.01,0
Ruud C.,4,275,176,99,19,16,157,83,Van De Zandschulp B.,44,117,63,54,11,11,52,43,2021-09-01,New York,US Open,Outdoor,Hard,1.08,8.0,0
Brooksby J.,39,79,46,33,6,5,40,28,Fritz T.,9,356,205,151,26,22,179,129,2021-09-02,New York,US Open,Outdoor,Hard,1.9,1.9,1
Bublik A.,25,219,110,109,39,30,71,79,Sock J.,166,324,177,147,38,24,139,123,2021-09-02,New York,US Open,Outdoor,Hard,1.72,2.1,0
Sinner J.,8,224,153,71,42,19,111,52,Svajda Z.,233,8,2,6,0,1,2,5,2021-09-02,New York,US Open,Outdoor,Hard,1.05,11.0,1
Mcdonald M.,60,190,87,103,11,15,76,88,Nishikori K.,439,617,408,209,70,33,338,176,2021-09-02,New York,US Open,Outdoor,Hard,2.37,1.57,0
Harris L.,186,129,59,70,7,8,52,62,Escobedo E.,377,57,20,37,2,2,18,35,2021-09-02,New York,US Open,Outdoor,Hard,1.25,4.0,1
Monfils G.,323,816,510,306,131,65,379,241,Johnson S.,197,395,196,199,16,23,180,176,2021-09-02,New York,US Open,Outdoor,Hard,1.36,3.2,1
Hurkacz H.,17,238,137,101,27,24,110,77,Seppi A.,141,758,363,395,74,85,289,310,2021-09-02,New York,US Open,Outdoor,Hard,1.11,6.5,0
Kudla D.,137,198,70,128,5,14,65,114,Otte O.,233,78,33,45,6,14,27,31,2021-09-02,New York,US Open,Outdoor,Hard,1.57,2.37,0
Pospisil V.,99,280,122,158,39,34,83,124,Ivashka I.,113,159,78,81,19,18,59,63,2021-09-02,New York,US Open,Outdoor,Hard,4.33,1.22,0
Moutet C.,80,118,50,68,5,11,45,57,Berrettini M.,38,217,142,75,14,11,128,64,2021-09-02,New York,US Open,Outdoor,Hard,6.0,1.12,0
Cressy M.,96,96,42,54,10,11,32,43,Basilashvili N.,118,301,138,163,26,34,112,129,2021-09-02,New York,US Open,Outdoor,Hard,2.75,1.44,0
Thompson J.,71,221,96,125,10,10,86,115,Karatsev A.,75,136,66,70,10,22,56,48,2021-09-02,New York,US Open,Outdoor,Hard,3.0,1.4,0
Musetti L.,18,143,79,64,12,12,67,52,Opelka R.,17,168,88,80,17,10,71,70,2021-09-02,New York,US Open,Outdoor,Hard,4.33,1.22,0
Tsitsipas S.,5,390,264,126,49,32,215,94,Mannarino A.,27,567,264,303,60,73,204,230,2021-09-02,New York,US Open,Outdoor,Hard,1.05,11.0,1
Anderson K.,652,598,347,251,48,38,299,213,Schwartzman D.,95,428,233,195,32,27,201,168,2021-09-02,New York,US Open,Outdoor,Hard,2.75,1.44,0
Zverev A.,19,500,346,154,60,31,286,123,Ramos-Vinolas A.,82,437,204,233,17,31,187,202,2021-09-02,New York,US Open,Outdoor,Hard,1.02,17.0,1
Van De Zandschulp B.,44,117,63,54,11,11,52,43,Bagnis F.,135,121,39,82,9,8,30,74,2021-09-03,New York,US Open,Outdoor,Hard,1.36,3.2,1
Molcan A.,120,86,45,41,1,6,44,35,Schwartzman D.,95,428,233,195,32,27,201,168,2021-09-03,New York,US Open,Outdoor,Hard,4.5,1.2,0
Alcaraz C.,1,164,130,34,10,5,120,29,Tsitsipas S.,5,390,264,126,49,32,215,94,2021-09-03,New York,US Open,Outdoor,Hard,4.5,1.2,1
Andujar P.,323,404,164,240,12,30,152,210,Medvedev D.,3,406,289,117,69,27,220,90,2021-09-03,New York,US Open,Outdoor,Hard,23.0,1.01,0
Shapovalov D.,29,298,166,132,30,27,136,105,Carballes Baena R.,64,207,91,116,11,10,80,106,2021-09-03,New York,US Open,Outdoor,Hard,1.08,8.0,1
Laaksonen H.,125,101,37,64,7,16,30,48,Gojowczyk P.,108,172,75,97,17,18,58,79,2021-09-03,New York,US Open,Outdoor,Hard,1.61,2.3,0
Griekspoor T.,37,97,47,50,7,14,40,36,Djokovic N.,2,1207,1012,195,146,42,866,153,2021-09-03,New York,US Open,Outdoor,Hard,26.0,1.01,0
Evans D.,30,251,124,127,18,16,106,111,Popyrin A.,90,140,59,81,9,13,50,68,2021-09-03,New York,US Open,Outdoor,Hard,1.72,2.1,1
Nishikori K.,439,617,408,209,70,33,338,176,Djokovic N.,2,1207,1012,195,146,42,866,153,2021-09-04,New York,US Open,Outdoor,Hard,15.0,1.03,0
Brooksby J.,39,79,46,33,6,5,40,28,Karatsev A.,75,136,66,70,10,22,56,48,2021-09-04,New York,US Open,Outdoor,Hard,1.72,2.1,1
Otte O.,233,78,33,45,6,14,27,31,Seppi A.,141,758,363,395,74,85,289,310,2021-09-04,New York,US Open,Outdoor,Hard,1.72,2.1,1
Monfils G.,323,816,510,306,131,65,379,241,Sinner J.,8,224,153,71,42,19,111,52,2021-09-04,New York,US Open,Outdoor,Hard,2.37,1.57,0
Rublev A.,7,392,255,137,57,34,198,103,Tiafoe F.,10,303,158,145,24,23,134,122,2021-09-04,New York,US Open,Outdoor,Hard,1.25,4.0,0
Berrettini M.,38,217,142,75,14,11,128,64,Ivashka I.,113,159,78,81,19,18,59,63,2021-09-04,New York,US Open,Outdoor,Hard,1.44,2.75,1
Auger-Aliassime F.,12,268,163,105,48,22,115,83,Bautista Agut R.,25,379,234,145,31,29,203,116,2021-09-04,New York,US Open,Outdoor,Hard,2.0,1.8,1
Harris L.,186,129,59,70,7,8,52,62,Shapovalov D.,29,298,166,132,30,27,136,105,2021-09-05,New York,US Open,Outdoor,Hard,2.5,1.53,1
Basilashvili N.,118,301,138,163,26,34,112,129,Opelka R.,17,168,88,80,17,10,71,70,2021-09-05,New York,US Open,Outdoor,Hard,2.5,1.53,0
Zverev A.,19,500,346,154,60,31,286,123,Sock J.,166,324,177,147,38,24,139,123,2021-09-05,New York,US Open,Outdoor,Hard,1.03,15.0,1
Schwartzman D.,95,428,233,195,32,27,201,168,Van De Zandschulp B.,44,117,63,54,11,11,52,43,2021-09-05,New York,US Open,Outdoor,Hard,1.25,4.0,0
Medvedev D.,3,406,289,117,69,27,220,90,Evans D.,30,251,124,127,18,16,106,111,2021-09-05,New York,US Open,Outdoor,Hard,1.03,15.0,1
Alcaraz C.,1,164,130,34,10,5,120,29,Gojowczyk P.,108,172,75,97,17,18,58,79,2021-09-05,New York,US Open,Outdoor,Hard,1.22,4.33,1
Otte O.,233,78,33,45,6,14,27,31,Berrettini M.,38,217,142,75,14,11,128,64,2021-09-06,New York,US Open,Outdoor,Hard,6.5,1.11,0
Opelka R.,17,168,88,80,17,10,71,70,Harris L.,186,129,59,70,7,8,52,62,2021-09-06,New York,US Open,Outdoor,Hard,2.0,1.8,0
Auger-Aliassime F.,12,268,163,105,48,22,115,83,Tiafoe F.,10,303,158,145,24,23,134,122,2021-09-06,New York,US Open,Outdoor,Hard,1.57,2.37,1
Sinner J.,8,224,153,71,42,19,111,52,Zverev A.,19,500,346,154,60,31,286,123,2021-09-06,New York,US Open,Outdoor,Hard,5.0,1.16,0
Brooksby J.,39,79,46,33,6,5,40,28,Djokovic N.,2,1207,1012,195,146,42,866,153,2021-09-07,New York,US Open,Outdoor,Hard,15.0,1.03,0
Medvedev D.,3,406,289,117,69,27,220,90,Van De Zandschulp B.,44,117,63,54,11,11,52,43,2021-09-07,New York,US Open,Outdoor,Hard,1.02,19.0,1
Alcaraz C.,1,164,130,34,10,5,120,29,Auger-Aliassime F.,12,268,163,105,48,22,115,83,2021-09-08,New York,US Open,Outdoor,Hard,2.75,1.44,0
Zverev A.,19,500,346,154,60,31,286,123,Harris L.,186,129,59,70,7,8,52,62,2021-09-08,New York,US Open,Outdoor,Hard,1.12,6.0,1
Berrettini M.,38,217,142,75,14,11,128,64,Djokovic N.,2,1207,1012,195,146,42,866,153,2021-09-09,New York,US Open,Outdoor,Hard,7.0,1.1,0
Auger-Aliassime F.,12,268,163,105,48,22,115,83,Medvedev D.,3,406,289,117,69,27,220,90,2021-09-10,New York,US Open,Outdoor,Hard,5.0,1.16,0
Djokovic N.,2,1207,1012,195,146,42,866,153,Zverev A.,19,500,346,154,60,31,286,123,2021-09-11,New York,US Open,Outdoor,Hard,1.4,3.0,1
Medvedev D.,3,406,289,117,69,27,220,90,Djokovic N.,2,1207,1012,195,146,42,866,153,2021-09-12,New York,US Open,Outdoor,Hard,3.0,1.4,1
Djere L.,38,243,120,123,10,22,110,101,Galan D.E.,76,78,33,45,3,5,30,40,2021-09-20,Nur-Sultan,Astana Open,Indoor,Hard,1.61,2.3,1
Kecmanovic M.,40,210,107,103,12,16,95,87,Verdasco F.,244,962,537,425,79,79,458,346,2021-09-20,Nur-Sultan,Astana Open,Indoor,Hard,1.4,3.0,1
Barrere G.,59,79,31,48,11,16,20,32,Pospisil V.,99,280,122,158,39,34,83,124,2021-09-20,Metz,Open de Moselle,Indoor,Hard,2.3,1.61,0
Skatov T.,147,5,1,4,1,2,0,2,Seppi A.,141,758,363,395,74,85,289,310,2021-09-20,Nur-Sultan,Astana Open,Indoor,Hard,3.5,1.3,1
Sonego L.,43,221,107,114,19,17,88,97,Fucsovics M.,67,249,121,128,26,24,95,104,2021-09-20,Metz,Open de Moselle,Indoor,Hard,2.1,1.72,1
Mager G.,67,59,24,35,3,7,21,28,Basilashvili N.,118,301,138,163,26,34,112,129,2021-09-20,Metz,Open de Moselle,Indoor,Hard,3.2,1.36,0
Vesely J.,528,288,130,158,6,19,124,139,Munar J.,104,178,75,103,7,12,68,91,2021-09-20,Nur-Sultan,Astana Open,Indoor,Hard,1.53,2.5,0
Ivashka I.,113,159,78,81,19,18,59,63,Ymer E.,186,81,24,57,3,11,21,46,2021-09-21,Nur-Sultan,Astana Open,Indoor,Hard,1.2,4.5,1
Musetti L.,18,143,79,64,12,12,67,52,Polmans M.,165,19,5,14,0,3,5,11,2021-09-21,Nur-Sultan,Astana Open,Indoor,Hard,1.36,3.2,1
Millman J.,140,256,113,143,21,22,92,121,Popko D.,188,2,0,2,0,2,0,0,2021-09-21,Nur-Sultan,Astana Open,Indoor,Hard,1.44,2.75,1
Paire B.,149,527,237,290,39,56,198,234,Gerasimov E.,150,93,43,50,19,19,24,31,2021-09-21,Nur-Sultan,Astana Open,Indoor,Hard,2.0,1.8,0
Struff J.L.,21,369,170,199,43,42,127,157,Ymer M.,59,130,58,72,18,23,40,49,2021-09-21,Metz,Open de Moselle,Indoor,Hard,1.66,2.2,0
Murray A.,44,932,687,245,132,47,555,198,Humbert U.,36,170,80,90,23,21,57,69,2021-09-21,Metz,Open de Moselle,Indoor,Hard,2.3,1.61,1
Davidovich Fokina A.,39,168,84,84,17,20,67,64,Simon G.,188,869,491,378,135,94,356,284,2021-09-21,Metz,Open de Moselle,Indoor,Hard,1.33,3.4,1
Zapata Miralles B.,54,80,32,48,1,6,31,42,Rune H.,6,131,83,48,28,9,55,39,2021-09-21,Metz,Open de Moselle,Indoor,Hard,2.37,1.57,0
Muller A.,81,22,9,13,0,1,9,12,Khachanov K.,11,378,217,161,44,38,173,123,2021-09-21,Metz,Open de Moselle,Indoor,Hard,5.0,1.16,0
Cecchinato M.,108,204,79,125,2,14,77,111,Kohlschreiber P.,132,812,446,366,76,73,370,293,2021-09-21,Metz,Open de Moselle,Indoor,Hard,3.5,1.3,0
Giron M.,69,150,68,82,20,14,48,68,Rinderknech A.,67,96,46,50,16,12,30,38,2021-09-21,Metz,Open de Moselle,Indoor,Hard,2.37,1.57,1
Duckworth J.,123,143,55,88,10,9,45,79,Kukushkin M.,221,352,141,211,50,49,91,162,2021-09-22,Nur-Sultan,Astana Open,Indoor,Hard,1.4,3.0,1
Ruusuvuori E.,55,158,79,79,16,18,63,61,Bonzi B.,107,83,37,46,10,13,27,33,2021-09-22,Nur-Sultan,Astana Open,Indoor,Hard,1.66,2.2,1
Kwon S.W.,68,108,53,55,12,6,41,49,Donskoy E.,149,162,50,112,14,33,36,79,2021-09-22,Nur-Sultan,Astana Open,Indoor,Hard,1.61,2.3,1
Musetti L.,18,143,79,64,12,12,67,52,Djere L.,38,243,120,123,10,22,110,101,2021-09-22,Nur-Sultan,Astana Open,Indoor,Hard,1.72,2.1,0
Ivashka I.,113,159,78,81,19,18,59,63,Skatov T.,147,5,1,4,1,2,0,2,2021-09-22,Nur-Sultan,Astana Open,Indoor,Hard,1.08,8.0,1
Taberner C.,181,37,13,24,4,6,9,18,Berankis R.,212,249,104,145,36,31,68,114,2021-09-22,Nur-Sultan,Astana Open,Indoor,Hard,2.37,1.57,1
Gojowczyk P.,108,172,75,97,17,18,58,79,Hoang A.,155,19,6,13,2,5,4,8,2021-09-22,Metz,Open de Moselle,Indoor,Hard,1.44,2.75,1
Munar J.,104,178,75,103,7,12,68,91,Millman J.,140,256,113,143,21,22,92,121,2021-09-22,Nur-Sultan,Astana Open,Indoor,Hard,2.1,1.72,0
Pouille L.,675,259,134,125,35,26,99,99,Schnur B.,233,19,4,15,4,4,0,11,2021-09-22,Metz,Open de Moselle,Indoor,Hard,1.36,3.2,1
Rune H.,6,131,83,48,28,9,55,39,Sonego L.,43,221,107,114,19,17,88,97,2021-09-22,Metz,Open de Moselle,Indoor,Hard,2.5,1.53,1
Pospisil V.,99,280,122,158,39,34,83,124,Murray A.,44,932,687,245,132,47,555,198,2021-09-22,Metz,Open de Moselle,Indoor,Hard,2.3,1.61,0
Carreno Busta P.,16,352,214,138,33,25,181,113,Ymer M.,59,130,58,72,18,23,40,49,2021-09-22,Metz,Open de Moselle,Indoor,Hard,1.44,2.75,1
Krajinovic F.,93,240,115,125,38,34,77,91,Duckworth J.,123,143,55,88,10,9,45,79,2021-09-23,Nur-Sultan,Astana Open,Indoor,Hard,1.66,2.2,0
De Minaur A.,19,272,161,111,30,19,131,92,Giron M.,69,150,68,82,20,14,48,68,2021-09-23,Metz,Open de Moselle,Indoor,Hard,1.57,2.37,0
Khachanov K.,11,378,217,161,44,38,173,123,Gojowczyk P.,108,172,75,97,17,18,58,79,2021-09-23,Metz,Open de Moselle,Indoor,Hard,1.36,3.2,0
Hurkacz H.,17,238,137,101,27,24,110,77,Pouille L.,675,259,134,125,35,26,99,99,2021-09-23,Metz,Open de Moselle,Indoor,Hard,1.36,3.2,1
Monfils G.,323,816,510,306,131,65,379,241,Kohlschreiber P.,132,812,446,366,76,73,370,293,2021-09-23,Metz,Open de Moselle,Indoor,Hard,1.36,3.2,1
Basilashvili N.,118,301,138,163,26,34,112,129,Davidovich Fokina A.,39,168,84,84,17,20,67,64,2021-09-23,Metz,Open de Moselle,Indoor,Hard,1.61,2.3,1
Bublik A.,25,219,110,109,39,30,71,79,Kecmanovic M.,40,210,107,103,12,16,95,87,2021-09-23,Nur-Sultan,Astana Open,Indoor,Hard,1.66,2.2,1
Karatsev A.,75,136,66,70,10,22,56,48,Ruusuvuori E.,55,158,79,79,16,18,63,61,2021-09-23,Nur-Sultan,Astana Open,Indoor,Hard,1.9,1.9,0
Gerasimov E.,150,93,43,50,19,19,24,31,Taberner C.,181,37,13,24,4,6,9,18,2021-09-23,Nur-Sultan,Astana Open,Indoor,Hard,1.61,2.3,0
Lajovic D.,66,378,163,215,21,36,142,179,Kwon S.W.,68,108,53,55,12,6,41,49,2021-09-23,Nur-Sultan,Astana Open,Indoor,Hard,2.62,1.5,0
Kwon S.W.,68,108,53,55,12,6,41,49,Djere L.,38,243,120,123,10,22,110,101,2021-09-24,Nur-Sultan,Astana Open,Indoor,Hard,1.44,2.75,1
Duckworth J.,123,143,55,88,10,9,45,79,Millman J.,140,256,113,143,21,22,92,121,2021-09-24,Nur-Sultan,Astana Open,Indoor,Hard,1.72,2.1,1
Ruusuvuori E.,55,158,79,79,16,18,63,61,Ivashka I.,113,159,78,81,19,18,59,63,2021-09-24,Nur-Sultan,Astana Open,Indoor,Hard,2.75,1.44,0
Bublik A.,25,219,110,109,39,30,71,79,Taberner C.,181,37,13,24,4,6,9,18,2021-09-24,Nur-Sultan,Astana Open,Indoor,Hard,1.28,3.75,1
Carreno Busta P.,16,352,214,138,33,25,181,113,Rune H.,6,131,83,48,28,9,55,39,2021-09-24,Metz,Open de Moselle,Indoor,Hard,1.5,2.62,1
Monfils G.,323,816,510,306,131,65,379,241,Basilashvili N.,118,301,138,163,26,34,112,129,2021-09-24,Metz,Open de Moselle,Indoor,Hard,1.5,2.62,1
Murray A.,44,932,687,245,132,47,555,198,Hurkacz H.,17,238,137,101,27,24,110,77,2021-09-24,Metz,Open de Moselle,Indoor,Hard,2.2,1.66,0
Gojowczyk P.,108,172,75,97,17,18,58,79,Giron M.,69,150,68,82,20,14,48,68,2021-09-24,Metz,Open de Moselle,Indoor,Hard,1.8,2.0,1
Carreno Busta P.,16,352,214,138,33,25,181,113,Monfils G.,323,816,510,306,131,65,379,241,2021-09-25,Metz,Open de Moselle,Indoor,Hard,1.8,2.0,1
Gojowczyk P.,108,172,75,97,17,18,58,79,Hurkacz H.,17,238,137,101,27,24,110,77,2021-09-25,Metz,Open de Moselle,Indoor,Hard,3.2,1.36,0
Kwon S.W.,68,108,53,55,12,6,41,49,Bublik A.,25,219,110,109,39,30,71,79,2021-09-25,Nur-Sultan,Astana Open,Indoor,Hard,2.75,1.44,1
Ivashka I.,113,159,78,81,19,18,59,63,Duckworth J.,123,143,55,88,10,9,45,79,2021-09-25,Nur-Sultan,Astana Open,Indoor,Hard,1.3,3.5,0
Kwon S.W.,68,108,53,55,12,6,41,49,Duckworth J.,123,143,55,88,10,9,45,79,2021-09-26,Nur-Sultan,Astana Open,Indoor,Hard,2.0,1.8,1
Hurkacz H.,17,238,137,101,27,24,110,77,Carreno Busta P.,16,352,214,138,33,25,181,113,2021-09-26,Metz,Open de Moselle,Indoor,Hard,1.9,1.9,1
Delbonis F.,131,340,152,188,19,23,133,165,Karatsev A.,75,136,66,70,10,22,56,48,2021-09-27,San Diego,San Diego Open,Outdoor,Hard,4.0,1.25,0
Kecmanovic M.,40,210,107,103,12,16,95,87,Andreev A.,319,8,2,6,2,6,0,0,2021-09-27,Sofia,Sofia Open,Indoor,Hard,1.12,6.0,1
Mannarino A.,27,567,264,303,60,73,204,230,Mager G.,67,59,24,35,3,7,21,28,2021-09-27,Sofia,Sofia Open,Indoor,Hard,1.5,2.62,0
Davidovich Fokina A.,39,168,84,84,17,20,67,64,Paire B.,149,527,237,290,39,56,198,234,2021-09-27,Sofia,Sofia Open,Indoor,Hard,1.44,2.75,0
Musetti L.,18,143,79,64,12,12,67,52,Kuzmanov D.,207,12,4,8,2,8,2,0,2021-09-28,Sofia,Sofia Open,Indoor,Hard,1.28,3.75,0
Millman J.,140,256,113,143,21,22,92,121,Ymer M.,59,130,58,72,18,23,40,49,2021-09-28,Sofia,Sofia Open,Indoor,Hard,2.3,1.61,1
Giron M.,69,150,68,82,20,14,48,68,Munar J.,104,178,75,103,7,12,68,91,2021-09-28,Sofia,Sofia Open,Indoor,Hard,1.4,3.0,1
Djere L.,38,243,120,123,10,22,110,101,Martinez P.,135,118,50,68,7,6,43,62,2021-09-28,Sofia,Sofia Open,Indoor,Hard,2.3,1.61,1
Gerasimov E.,150,93,43,50,19,19,24,31,Pospisil V.,99,280,122,158,39,34,83,124,2021-09-28,Sofia,Sofia Open,Indoor,Hard,2.1,1.72,1
Paul T.,14,204,111,93,19,13,92,80,Korda S.,26,126,75,51,15,9,60,42,2021-09-28,San Diego,San Diego Open,Outdoor,Hard,2.5,1.53,0
Fucsovics M.,67,249,121,128,26,24,95,104,Dimitrov G.,20,651,389,262,79,50,310,212,2021-09-28,San Diego,San Diego Open,Outdoor,Hard,1.8,2.0,0
Norrie C.,13,287,172,115,15,18,157,97,Koepfer D.,84,86,38,48,3,3,35,45,2021-09-28,San Diego,San Diego Open,Outdoor,Hard,1.53,2.5,1
Basilashvili N.,118,301,138,163,26,34,112,129,Sonego L.,43,221,107,114,19,17,88,97,2021-09-28,San Diego,San Diego Open,Outdoor,Hard,2.0,1.8,0
Caruso S.,146,63,19,44,5,9,14,35,Fritz T.,9,356,205,151,26,22,179,129,2021-09-28,San Diego,San Diego Open,Outdoor,Hard,5.5,1.14,0
Fognini F.,128,742,383,359,39,48,344,311,Nakashima B.,70,106,57,49,6,5,51,44,2021-09-28,San Diego,San Diego Open,Outdoor,Hard,2.5,1.53,0
Duckworth J.,123,143,55,88,10,9,45,79,Ruusuvuori E.,55,158,79,79,16,18,63,61,2021-09-29,Sofia,Sofia Open,Indoor,Hard,2.5,1.53,1
Ivashka I.,113,159,78,81,19,18,59,63,Andujar P.,323,404,164,240,12,30,152,210,2021-09-29,Sofia,Sofia Open,Indoor,Hard,1.14,5.5,1
Seppi A.,141,758,363,395,74,85,289,310,Marchenko I.,164,131,50,81,18,23,32,58,2021-09-29,Sofia,Sofia Open,Indoor,Hard,1.72,2.1,0
Majchrzak K.,121,50,19,31,3,4,16,27,Kuzmanov D.,207,12,4,8,2,8,2,0,2021-09-29,Sofia,Sofia Open,Indoor,Hard,1.3,3.5,1
Kecmanovic M.,40,210,107,103,12,16,95,87,Mager G.,67,59,24,35,3,7,21,28,2021-09-29,Sofia,Sofia Open,Indoor,Hard,1.44,2.75,0
Eubanks C.,29,64,28,36,1,3,27,33,Harris L.,186,129,59,70,7,8,52,62,2021-09-29,San Diego,San Diego Open,Outdoor,Hard,4.33,1.22,0
Kudla D.,137,198,70,128,5,14,65,114,Murray A.,44,932,687,245,132,47,555,198,2021-09-29,San Diego,San Diego Open,Outdoor,Hard,3.2,1.36,0
Gaio F.,174,18,3,15,0,1,3,14,Schwartzman D.,95,428,233,195,32,27,201,168,2021-09-29,San Diego,San Diego Open,Outdoor,Hard,5.0,1.16,0
Anderson K.,652,598,347,251,48,38,299,213,Evans D.,30,251,124,127,18,16,106,111,2021-09-29,San Diego,San Diego Open,Outdoor,Hard,1.9,1.9,0
Hurkacz H.,17,238,137,101,27,24,110,77,Bolt A.,345,40,13,27,0,0,13,27,2021-09-29,San Diego,San Diego Open,Outdoor,Hard,1.22,4.33,1
Lazarov A.,301,6,1,5,1,4,0,1,Krajinovic F.,93,240,115,125,38,34,77,91,2021-09-29,Sofia,Sofia Open,Indoor,Hard,8.0,1.08,0
Gerasimov E.,150,93,43,50,19,19,24,31,Sinner J.,8,224,153,71,42,19,111,52,2021-09-30,Sofia,Sofia Open,Indoor,Hard,4.5,1.2,0
Nakashima B.,70,106,57,49,6,5,51,44,Rublev A.,7,392,255,137,57,34,198,103,2021-09-30,San Diego,San Diego Open,Outdoor,Hard,3.5,1.3,0
Schwartzman D.,95,428,233,195,32,27,201,168,Harris L.,186,129,59,70,7,8,52,62,2021-09-30,San Diego,San Diego Open,Outdoor,Hard,1.9,1.9,1
Karatsev A.,75,136,66,70,10,22,56,48,Hurkacz H.,17,238,137,101,27,24,110,77,2021-09-30,San Diego,San Diego Open,Outdoor,Hard,2.75,1.44,1
Fritz T.,9,356,205,151,26,22,179,129,Shapovalov D.,29,298,166,132,30,27,136,105,2021-09-30,San Diego,San Diego Open,Outdoor,Hard,2.3,1.61,0
Korda S.,26,126,75,51,15,9,60,42,Sonego L.,43,221,107,114,19,17,88,97,2021-09-30,San Diego,San Diego Open,Outdoor,Hard,1.61,2.3,0
Millman J.,140,256,113,143,21,22,92,121,Marchenko I.,164,131,50,81,18,23,32,58,2021-09-30,Sofia,Sofia Open,Indoor,Hard,1.57,2.37,1
Giron M.,69,150,68,82,20,14,48,68,De Minaur A.,19,272,161,111,30,19,131,92,2021-09-30,Sofia,Sofia Open,Indoor,Hard,2.37,1.57,1
Duckworth J.,123,143,55,88,10,9,45,79,Paire B.,149,527,237,290,39,56,198,234,2021-09-30,Sofia,Sofia Open,Indoor,Hard,1.8,2.0,1
Krajinovic F.,93,240,115,125,38,34,77,91,Djere L.,38,243,120,123,10,22,110,101,2021-09-30,Sofia,Sofia Open,Indoor,Hard,1.5,2.62,1
Ivashka I.,113,159,78,81,19,18,59,63,Monfils G.,323,816,510,306,131,65,379,241,2021-09-30,Sofia,Sofia Open,Indoor,Hard,1.72,2.1,0
Evans D.,30,251,124,127,18,16,106,111,Norrie C.,13,287,172,115,15,18,157,97,2021-09-30,San Diego,San Diego Open,Outdoor,Hard,2.37,1.57,0
Mager G.,67,59,24,35,3,7,21,28,Monfils G.,323,816,510,306,131,65,379,241,2021-10-01,Sofia,Sofia Open,Indoor,Hard,3.4,1.33,0
Giron M.,69,150,68,82,20,14,48,68,Millman J.,140,256,113,143,21,22,92,121,2021-10-01,Sofia,Sofia Open,Indoor,Hard,1.57,2.37,1
Shapovalov D.,29,298,166,132,30,27,136,105,Norrie C.,13,287,172,115,15,18,157,97,2021-10-01,San Diego,San Diego Open,Outdoor,Hard,1.8,2.0,0
Rublev A.,7,392,255,137,57,34,198,103,Schwartzman D.,95,428,233,195,32,27,201,168,2021-10-01,San Diego,San Diego Open,Outdoor,Hard,1.3,3.5,1
Duckworth J.,123,143,55,88,10,9,45,79,Sinner J.,8,224,153,71,42,19,111,52,2021-10-01,Sofia,Sofia Open,Indoor,Hard,3.5,1.3,0
Dimitrov G.,20,651,389,262,79,50,310,212,Holmgren A.,901,1,0,1,0,0,0,1,2021-10-01,San Diego,San Diego Open,Outdoor,Hard,1.1,7.0,1
Ruud C.,4,275,176,99,19,16,157,83,Murray A.,44,932,687,245,132,47,555,198,2021-10-01,San Diego,San Diego Open,Outdoor,Hard,1.72,2.1,1
Majchrzak K.,121,50,19,31,3,4,16,27,Krajinovic F.,93,240,115,125,38,34,77,91,2021-10-01,Sofia,Sofia Open,Indoor,Hard,2.62,1.5,0
Sinner J.,8,224,153,71,42,19,111,52,Krajinovic F.,93,240,115,125,38,34,77,91,2021-10-02,Sofia,Sofia Open,Indoor,Hard,1.4,3.0,1
Norrie C.,13,287,172,115,15,18,157,97,Rublev A.,7,392,255,137,57,34,198,103,2021-10-02,San Diego,San Diego Open,Outdoor,Hard,3.4,1.33,1
Dimitrov G.,20,651,389,262,79,50,310,212,Karatsev A.,75,136,66,70,10,22,56,48,2021-10-02,San Diego,San Diego Open,Outdoor,Hard,2.2,1.66,1
Sonego L.,43,221,107,114,19,17,88,97,Ruud C.,4,275,176,99,19,16,157,83,2021-10-02,San Diego,San Diego Open,Outdoor,Hard,2.5,1.53,0
Giron M.,69,150,68,82,20,14,48,68,Monfils G.,323,816,510,306,131,65,379,241,2021-10-02,Sofia,Sofia Open,Indoor,Hard,2.75,1.44,0
Monfils G.,323,816,510,306,131,65,379,241,Sinner J.,8,224,153,71,42,19,111,52,2021-10-03,Sofia,Sofia Open,Indoor,Hard,2.37,1.57,0
Dimitrov G.,20,651,389,262,79,50,310,212,Ruud C.,4,275,176,99,19,16,157,83,2021-10-03,San Diego,San Diego Open,Outdoor,Hard,2.75,1.44,0
Ruud C.,4,275,176,99,19,16,157,83,Norrie C.,13,287,172,115,15,18,157,97,2021-10-04,San Diego,San Diego Open,Outdoor,Hard,1.9,1.9,1
Sousa J.,147,436,189,247,42,44,147,203,Nishikori K.,439,617,408,209,70,33,338,176,2021-10-07,Indian Wells,BNP Paribas Open,Outdoor,Hard,5.5,1.14,0
Cressy M.,96,96,42,54,10,11,32,43,Djere L.,38,243,120,123,10,22,110,101,2021-10-07,Indian Wells,BNP Paribas Open,Outdoor,Hard,1.9,1.9,1
Giron M.,69,150,68,82,20,14,48,68,Van De Zandschulp B.,44,117,63,54,11,11,52,43,2021-10-07,Indian Wells,BNP Paribas Open,Outdoor,Hard,2.0,1.8,1
Pella G.,199,260,118,142,14,16,104,126,Kwon S.W.,68,108,53,55,12,6,41,49,2021-10-07,Indian Wells,BNP Paribas Open,Outdoor,Hard,2.62,1.5,1
Mcdonald M.,60,190,87,103,11,15,76,88,Duckworth J.,123,143,55,88,10,9,45,79,2021-10-07,Indian Wells,BNP Paribas Open,Outdoor,Hard,1.9,1.9,1
Sandgren T.,153,121,47,74,2,9,45,65,Monteiro T.,121,171,69,102,9,11,60,91,2021-10-07,Indian Wells,BNP Paribas Open,Outdoor,Hard,1.8,2.0,1
Kohlschreiber P.,132,812,446,366,76,73,370,293,Daniel T.,111,178,67,111,3,10,64,101,2021-10-07,Indian Wells,BNP Paribas Open,Outdoor,Hard,1.36,3.2,0
Taberner C.,181,37,13,24,4,6,9,18,Munar J.,104,178,75,103,7,12,68,91,2021-10-07,Indian Wells,BNP Paribas Open,Outdoor,Hard,2.2,1.66,1
Querrey S.,287,678,369,309,48,39,321,270,Altmaier D.,51,79,28,51,1,5,27,46,2021-10-07,Indian Wells,BNP Paribas Open,Outdoor,Hard,1.66,2.2,0
Popyrin A.,90,140,59,81,9,13,50,68,Kecmanovic M.,40,210,107,103,12,16,95,87,2021-10-07,Indian Wells,BNP Paribas Open,Outdoor,Hard,1.8,2.0,1
Paul T.,14,204,111,93,19,13,92,80,Lopez F.,634,863,441,422,71,82,370,340,2021-10-07,Indian Wells,BNP Paribas Open,Outdoor,Hard,1.25,4.0,1
Escobedo E.,377,57,20,37,2,2,18,35,Rune H.,6,131,83,48,28,9,55,39,2021-10-08,Indian Wells,BNP Paribas Open,Outdoor,Hard,2.75,1.44,1
Gomez E.,155,26,7,19,2,2,5,17,Bagnis F.,135,121,39,82,9,8,30,74,2021-10-08,Indian Wells,BNP Paribas Open,Outdoor,Hard,1.61,2.3,1
Brooksby J.,39,79,46,33,6,5,40,28,Ilkel C.,382,17,1,16,0,4,1,12,2021-10-08,Indian Wells,BNP Paribas Open,Outdoor,Hard,1.14,5.5,1
Ramos-Vinolas A.,82,437,204,233,17,31,187,202,Musetti L.,18,143,79,64,12,12,67,52,2021-10-08,Indian Wells,BNP Paribas Open,Outdoor,Hard,2.0,1.8,1
Struff J.L.,21,369,170,199,43,42,127,157,Galan D.E.,76,78,33,45,3,5,30,40,2021-10-08,Indian Wells,BNP Paribas Open,Outdoor,Hard,1.4,3.0,1
Anderson K.,652,598,347,251,48,38,299,213,Thompson J.,71,221,96,125,10,10,86,115,2021-10-08,Indian Wells,BNP Paribas Open,Outdoor,Hard,1.57,2.37,1
Kudla D.,137,198,70,128,5,14,65,114,Tabilo A.,122,44,21,23,5,4,16,19,2021-10-08,Indian Wells,BNP Paribas Open,Outdoor,Hard,1.61,2.3,0
Wolf J.J.,45,75,39,36,8,6,31,30,Pospisil V.,99,280,122,158,39,34,83,124,2021-10-08,Indian Wells,BNP Paribas Open,Outdoor,Hard,2.1,1.72,0
Ruusuvuori E.,55,158,79,79,16,18,63,61,Koepfer D.,84,86,38,48,3,3,35,45,2021-10-08,Indian Wells,BNP Paribas Open,Outdoor,Hard,1.44,2.75,1
Davidovich Fokina A.,39,168,84,84,17,20,67,64,Johnson S.,197,395,196,199,16,23,180,176,2021-10-08,Indian Wells,BNP Paribas Open,Outdoor,Hard,1.66,2.2,1
Paire B.,149,527,237,290,39,56,198,234,Tiafoe F.,10,303,158,145,24,23,134,122,2021-10-08,Indian Wells,BNP Paribas Open,Outdoor,Hard,3.4,1.33,0
Olivo R.,179,55,23,32,4,4,19,28,Carballes Baena R.,64,207,91,116,11,10,80,106,2021-10-08,Indian Wells,BNP Paribas Open,Outdoor,Hard,3.2,1.36,0
Caruso S.,146,63,19,44,5,9,14,35,Svajda Z.,233,8,2,6,0,1,2,5,2021-10-08,Indian Wells,BNP Paribas Open,Outdoor,Hard,1.8,2.0,1
Nishioka Y.,31,215,99,116,15,15,84,101,Delbonis F.,131,340,152,188,19,23,133,165,2021-10-08,Indian Wells,BNP Paribas Open,Outdoor,Hard,1.61,2.3,1
Evans D.,30,251,124,127,18,16,106,111,Nishikori K.,439,617,408,209,70,33,338,176,2021-10-09,Indian Wells,BNP Paribas Open,Outdoor,Hard,2.2,1.66,1
Pospisil V.,99,280,122,158,39,34,83,124,Shapovalov D.,29,298,166,132,30,27,136,105,2021-10-09,Indian Wells,BNP Paribas Open,Outdoor,Hard,3.4,1.33,0
Sandgren T.,153,121,47,74,2,9,45,65,Norrie C.,13,287,172,115,15,18,157,97,2021-10-09,Indian Wells,BNP Paribas Open,Outdoor,Hard,5.0,1.16,0
Ruud C.,4,275,176,99,19,16,157,83,Carballes Baena R.,64,207,91,116,11,10,80,106,2021-10-09,Indian Wells,BNP Paribas Open,Outdoor,Hard,1.08,8.0,1
Tiafoe F.,10,303,158,145,24,23,134,122,Korda S.,26,126,75,51,15,9,60,42,2021-10-09,Indian Wells,BNP Paribas Open,Outdoor,Hard,2.1,1.72,1
Pella G.,199,260,118,142,14,16,104,126,Bautista Agut R.,25,379,234,145,31,29,203,116,2021-10-09,Indian Wells,BNP Paribas Open,Outdoor,Hard,4.0,1.25,0
Dimitrov G.,20,651,389,262,79,50,310,212,Altmaier D.,51,79,28,51,1,5,27,46,2021-10-09,Indian Wells,BNP Paribas Open,Outdoor,Hard,1.33,3.4,1
Cressy M.,96,96,42,54,10,11,32,43,Schwartzman D.,95,428,233,195,32,27,201,168,2021-10-09,Indian Wells,BNP Paribas Open,Outdoor,Hard,3.5,1.3,0
Murray A.,44,932,687,245,132,47,555,198,Mannarino A.,27,567,264,303,60,73,204,230,2021-10-09,Indian Wells,BNP Paribas Open,Outdoor,Hard,1.2,4.5,1
Opelka R.,17,168,88,80,17,10,71,70,Daniel T.,111,178,67,111,3,10,64,101,2021-10-09,Indian Wells,BNP Paribas Open,Outdoor,Hard,1.28,3.75,1
Eubanks C.,29,64,28,36,1,3,27,33,Gerasimov E.,150,93,43,50,19,19,24,31,2021-10-09,Indian Wells,BNP Paribas Open,Outdoor,Hard,1.8,2.0,1
Fucsovics M.,67,249,121,128,26,24,95,104,Mager G.,67,59,24,35,3,7,21,28,2021-10-09,Indian Wells,BNP Paribas Open,Outdoor,Hard,1.36,3.2,0
Millman J.,140,256,113,143,21,22,92,121,Sock J.,166,324,177,147,38,24,139,123,2021-10-09,Indian Wells,BNP Paribas Open,Outdoor,Hard,1.8,2.0,1
Martinez P.,135,118,50,68,7,6,43,62,Marcora R.,208,7,3,4,1,1,2,3,2021-10-09,Indian Wells,BNP Paribas Open,Outdoor,Hard,1.28,3.75,1
Coria F.,108,99,43,56,2,6,41,50,Nakashima B.,70,106,57,49,6,5,51,44,2021-10-09,Indian Wells,BNP Paribas Open,Outdoor,Hard,5.5,1.14,0
Andujar P.,323,404,164,240,12,30,152,210,Vukic A.,62,36,15,21,2,1,13,20,2021-10-09,Indian Wells,BNP Paribas Open,Outdoor,Hard,2.3,1.61,0
Hurkacz H.,17,238,137,101,27,24,110,77,Popyrin A.,90,140,59,81,9,13,50,68,2021-10-09,Indian Wells,BNP Paribas Open,Outdoor,Hard,1.36,3.2,1
Fritz T.,9,356,205,151,26,22,179,129,Nakashima B.,70,106,57,49,6,5,51,44,2021-10-10,Indian Wells,BNP Paribas Open,Outdoor,Hard,2.3,1.61,1
Alcaraz C.,1,164,130,34,10,5,120,29,Murray A.,44,932,687,245,132,47,555,198,2021-10-10,Indian Wells,BNP Paribas Open,Outdoor,Hard,1.8,2.0,0
Garin C.,101,190,103,87,15,13,88,74,Escobedo E.,377,57,20,37,2,2,18,35,2021-10-10,Indian Wells,BNP Paribas Open,Outdoor,Hard,1.8,2.0,1
Brooksby J.,39,79,46,33,6,5,40,28,Zverev A.,19,500,346,154,60,31,286,123,2021-10-10,Indian Wells,BNP Paribas Open,Outdoor,Hard,4.5,1.2,0
Carreno Busta P.,16,352,214,138,33,25,181,113,Gomez E.,155,26,7,19,2,2,5,17,2021-10-10,Indian Wells,BNP Paribas Open,Outdoor,Hard,1.12,6.0,1
Fognini F.,128,742,383,359,39,48,344,311,Struff J.L.,21,369,170,199,43,42,127,157,2021-10-10,Indian Wells,BNP Paribas Open,Outdoor,Hard,1.8,2.0,1
De Minaur A.,19,272,161,111,30,19,131,92,Vukic A.,62,36,15,21,2,1,13,20,2021-10-10,Indian Wells,BNP Paribas Open,Outdoor,Hard,1.44,2.75,1
Auger-Aliassime F.,12,268,163,105,48,22,115,83,Ramos-Vinolas A.,82,437,204,233,17,31,187,202,2021-10-10,Indian Wells,BNP Paribas Open,Outdoor,Hard,1.2,4.5,0
Anderson K.,652,598,347,251,48,38,299,213,Sonego L.,43,221,107,114,19,17,88,97,2021-10-10,Indian Wells,BNP Paribas Open,Outdoor,Hard,2.0,1.8,1
Berrettini M.,38,217,142,75,14,11,128,64,Tabilo A.,122,44,21,23,5,4,16,19,2021-10-10,Indian Wells,BNP Paribas Open,Outdoor,Hard,1.1,7.0,1
Monfils G.,323,816,510,306,131,65,379,241,Mager G.,67,59,24,35,3,7,21,28,2021-10-10,Indian Wells,BNP Paribas Open,Outdoor,Hard,1.22,4.33,1
Taberner C.,181,37,13,24,4,6,9,18,Rublev A.,7,392,255,137,57,34,198,103,2021-10-10,Indian Wells,BNP Paribas Open,Outdoor,Hard,9.0,1.07,0
Giron M.,69,150,68,82,20,14,48,68,Krajinovic F.,93,240,115,125,38,34,77,91,2021-10-10,Indian Wells,BNP Paribas Open,Outdoor,Hard,1.9,1.9,0
Davidovich Fokina A.,39,168,84,84,17,20,67,64,Harris L.,186,129,59,70,7,8,52,62,2021-10-10,Indian Wells,BNP Paribas Open,Outdoor,Hard,2.75,1.44,0
Karatsev A.,75,136,66,70,10,22,56,48,Caruso S.,146,63,19,44,5,9,14,35,2021-10-10,Indian Wells,BNP Paribas Open,Outdoor,Hard,1.28,3.75,1
Paul T.,14,204,111,93,19,13,92,80,Lajovic D.,66,378,163,215,21,36,142,179,2021-10-10,Indian Wells,BNP Paribas Open,Outdoor,Hard,1.57,2.37,1
Mcdonald M.,60,190,87,103,11,15,76,88,Medvedev D.,3,406,289,117,69,27,220,90,2021-10-10,Indian Wells,BNP Paribas Open,Outdoor,Hard,10.0,1.06,0
Sinner J.,8,224,153,71,42,19,111,52,Millman J.,140,256,113,143,21,22,92,121,2021-10-10,Indian Wells,BNP Paribas Open,Outdoor,Hard,1.2,4.5,1
Ruud C.,4,275,176,99,19,16,157,83,Harris L.,186,129,59,70,7,8,52,62,2021-10-11,Indian Wells,BNP Paribas Open,Outdoor,Hard,1.36,3.2,1
Karatsev A.,75,136,66,70,10,22,56,48,Shapovalov D.,29,298,166,132,30,27,136,105,2021-10-11,Indian Wells,BNP Paribas Open,Outdoor,Hard,2.2,1.66,1
Opelka R.,17,168,88,80,17,10,71,70,Dimitrov G.,20,651,389,262,79,50,310,212,2021-10-11,Indian Wells,BNP Paribas Open,Outdoor,Hard,1.8,2.0,0
Evans D.,30,251,124,127,18,16,106,111,Schwartzman D.,95,428,233,195,32,27,201,168,2021-10-11,Indian Wells,BNP Paribas Open,Outdoor,Hard,2.37,1.57,0
Tsitsipas S.,5,390,264,126,49,32,215,94,Martinez P.,135,118,50,68,7,6,43,62,2021-10-11,Indian Wells,BNP Paribas Open,Outdoor,Hard,1.08,8.0,1
Eubanks C.,29,64,28,36,1,3,27,33,Basilashvili N.,118,301,138,163,26,34,112,129,2021-10-11,Indian Wells,BNP Paribas Open,Outdoor,Hard,2.37,1.57,0
Isner J.,114,755,465,290,53,45,412,245,Nishioka Y.,31,215,99,116,15,15,84,101,2021-10-11,Indian Wells,BNP Paribas Open,Outdoor,Hard,1.3,3.5,1
Ruusuvuori E.,55,158,79,79,16,18,63,61,Khachanov K.,11,378,217,161,44,38,173,123,2021-10-11,Indian Wells,BNP Paribas Open,Outdoor,Hard,2.3,1.61,0
Tiafoe F.,10,303,158,145,24,23,134,122,Hurkacz H.,17,238,137,101,27,24,110,77,2021-10-12,Indian Wells,BNP Paribas Open,Outdoor,Hard,2.5,1.53,0
Paul T.,14,204,111,93,19,13,92,80,Rublev A.,7,392,255,137,57,34,198,103,2021-10-12,Indian Wells,BNP Paribas Open,Outdoor,Hard,4.5,1.2,1
Norrie C.,13,287,172,115,15,18,157,97,Bautista Agut R.,25,379,234,145,31,29,203,116,2021-10-12,Indian Wells,BNP Paribas Open,Outdoor,Hard,1.8,2.0,1
Medvedev D.,3,406,289,117,69,27,220,90,Krajinovic F.,93,240,115,125,38,34,77,91,2021-10-12,Indian Wells,BNP Paribas Open,Outdoor,Hard,1.08,8.0,1
Sinner J.,8,224,153,71,42,19,111,52,Isner J.,114,755,465,290,53,45,412,245,2021-10-12,Indian Wells,BNP Paribas Open,Outdoor,Hard,1.5,2.62,1
Fritz T.,9,356,205,151,26,22,179,129,Berrettini M.,38,217,142,75,14,11,128,64,2021-10-12,Indian Wells,BNP Paribas Open,Outdoor,Hard,3.0,1.4,1
Khachanov K.,11,378,217,161,44,38,173,123,Carreno Busta P.,16,352,214,138,33,25,181,113,2021-10-12,Indian Wells,BNP Paribas Open,Outdoor,Hard,2.1,1.72,1
Ramos-Vinolas A.,82,437,204,233,17,31,187,202,Basilashvili N.,118,301,138,163,26,34,112,129,2021-10-12,Indian Wells,BNP Paribas Open,Outdoor,Hard,2.2,1.66,0
Zverev A.,19,500,346,154,60,31,286,123,Murray A.,44,932,687,245,132,47,555,198,2021-10-12,Indian Wells,BNP Paribas Open,Outdoor,Hard,1.16,5.0,1
Basilashvili N.,118,301,138,163,26,34,112,129,Khachanov K.,11,378,217,161,44,38,173,123,2021-10-13,Indian Wells,BNP Paribas Open,Outdoor,Hard,3.4,1.33,1
Dimitrov G.,20,651,389,262,79,50,310,212,Medvedev D.,3,406,289,117,69,27,220,90,2021-10-13,Indian Wells,BNP Paribas Open,Outdoor,Hard,6.0,1.12,1
Paul T.,14,204,111,93,19,13,92,80,Norrie C.,13,287,172,115,15,18,157,97,2021-10-13,Indian Wells,BNP Paribas Open,Outdoor,Hard,2.62,1.5,0
Hurkacz H.,17,238,137,101,27,24,110,77,Karatsev A.,75,136,66,70,10,22,56,48,2021-10-13,Indian Wells,BNP Paribas Open,Outdoor,Hard,1.57,2.37,1
Fritz T.,9,356,205,151,26,22,179,129,Sinner J.,8,224,153,71,42,19,111,52,2021-10-13,Indian Wells,BNP Paribas Open,Outdoor,Hard,2.75,1.44,1
Garin C.,101,190,103,87,15,13,88,74,De Minaur A.,19,272,161,111,30,19,131,92,2021-10-13,Indian Wells,BNP Paribas Open,Outdoor,Hard,2.2,1.66,0
Tsitsipas S.,5,390,264,126,49,32,215,94,Fognini F.,128,742,383,359,39,48,344,311,2021-10-13,Indian Wells,BNP Paribas Open,Outdoor,Hard,1.14,5.5,1
Monfils G.,323,816,510,306,131,65,379,241,Anderson K.,652,598,347,251,48,38,299,213,2021-10-13,Indian Wells,BNP Paribas Open,Outdoor,Hard,1.4,3.0,1
Schwartzman D.,95,428,233,195,32,27,201,168,Ruud C.,4,275,176,99,19,16,157,83,2021-10-13,Indian Wells,BNP Paribas Open,Outdoor,Hard,3.0,1.4,1
Tsitsipas S.,5,390,264,126,49,32,215,94,De Minaur A.,19,272,161,111,30,19,131,92,2021-10-14,Indian Wells,BNP Paribas Open,Outdoor,Hard,1.2,4.5,1
Zverev A.,19,500,346,154,60,31,286,123,Monfils G.,323,816,510,306,131,65,379,241,2021-10-14,Indian Wells,BNP Paribas Open,Outdoor,Hard,1.2,4.5,1
Schwartzman D.,95,428,233,195,32,27,201,168,Norrie C.,13,287,172,115,15,18,157,97,2021-10-14,Indian Wells,BNP Paribas Open,Outdoor,Hard,1.72,2.1,0
Dimitrov G.,20,651,389,262,79,50,310,212,Hurkacz H.,17,238,137,101,27,24,110,77,2021-10-14,Indian Wells,BNP Paribas Open,Outdoor,Hard,2.37,1.57,1
Tsitsipas S.,5,390,264,126,49,32,215,94,Basilashvili N.,118,301,138,163,26,34,112,129,2021-10-15,Indian Wells,BNP Paribas Open,Outdoor,Hard,1.28,3.75,0
Fritz T.,9,356,205,151,26,22,179,129,Zverev A.,19,500,346,154,60,31,286,123,2021-10-15,Indian Wells,BNP Paribas Open,Outdoor,Hard,5.0,1.16,1
Norrie C.,13,287,172,115,15,18,157,97,Dimitrov G.,20,651,389,262,79,50,310,212,2021-10-16,Indian Wells,BNP Paribas Open,Outdoor,Hard,1.9,1.9,1
Basilashvili N.,118,301,138,163,26,34,112,129,Fritz T.,9,356,205,151,26,22,179,129,2021-10-16,Indian Wells,BNP Paribas Open,Outdoor,Hard,2.3,1.61,1
Gojo B.,115,14,3,11,0,1,3,10,Duckworth J.,123,143,55,88,10,9,45,79,2021-10-18,Moscow,Kremlin Cup,Indoor,Hard,3.2,1.36,0
Popyrin A.,90,140,59,81,9,13,50,68,Van De Zandschulp B.,44,117,63,54,11,11,52,43,2021-10-18,Antwerp,European Open,Indoor,Hard,2.1,1.72,0
Norrie C.,13,287,172,115,15,18,157,97,Basilashvili N.,118,301,138,163,26,34,112,129,2021-10-18,Indian Wells,BNP Paribas Open,Outdoor,Hard,1.57,2.37,1
Delbonis F.,131,340,152,188,19,23,133,165,Rinderknech A.,67,96,46,50,16,12,30,38,2021-10-18,Antwerp,European Open,Indoor,Hard,3.4,1.33,0
Cilic M.,100,853,543,310,119,65,424,245,Dzumhur D.,202,234,107,127,31,29,76,98,2021-10-18,Moscow,Kremlin Cup,Indoor,Hard,1.44,2.75,1
Lajovic D.,66,378,163,215,21,36,142,179,Gasquet R.,48,948,581,367,133,82,448,285,2021-10-18,Antwerp,European Open,Indoor,Hard,2.5,1.53,1
Bonzi B.,107,83,37,46,10,13,27,33,Millman J.,140,256,113,143,21,22,92,121,2021-10-18,Moscow,Kremlin Cup,Indoor,Hard,1.8,2.0,0
Simon G.,188,869,491,378,135,94,356,284,Djere L.,38,243,120,123,10,22,110,101,2021-10-19,Moscow,Kremlin Cup,Indoor,Hard,2.62,1.5,1
Kecmanovic M.,40,210,107,103,12,16,95,87,Gerasimov E.,150,93,43,50,19,19,24,31,2021-10-19,Moscow,Kremlin Cup,Indoor,Hard,1.8,2.0,0
Marchenko I.,164,131,50,81,18,23,32,58,Bublik A.,25,219,110,109,39,30,71,79,2021-10-19,Moscow,Kremlin Cup,Indoor,Hard,2.75,1.44,1
Martinez P.,135,118,50,68,7,6,43,62,Pella G.,199,260,118,142,14,16,104,126,2021-10-19,Moscow,Kremlin Cup,Indoor,Hard,1.66,2.2,1
Donskoy E.,149,162,50,112,14,33,36,79,Berankis R.,212,249,104,145,36,31,68,114,2021-10-19,Moscow,Kremlin Cup,Indoor,Hard,,,0
Mannarino A.,27,567,264,303,60,73,204,230,Safiullin R.,92,42,20,22,7,7,13,15,2021-10-19,Moscow,Kremlin Cup,Indoor,Hard,1.9,1.9,1
Ymer M.,59,130,58,72,18,23,40,49,Paul T.,14,204,111,93,19,13,92,80,2021-10-19,Moscow,Kremlin Cup,Indoor,Hard,2.37,1.57,0
Murray A.,44,932,687,245,132,47,555,198,Tiafoe F.,10,303,158,145,24,23,134,122,2021-10-19,Antwerp,European Open,Indoor,Hard,1.72,2.1,1
Thompson J.,71,221,96,125,10,10,86,115,Davidovich Fokina A.,39,168,84,84,17,20,67,64,2021-10-19,Antwerp,European Open,Indoor,Hard,2.2,1.66,0
Paire B.,149,527,237,290,39,56,198,234,Laaksonen H.,125,101,37,64,7,16,30,48,2021-10-19,Antwerp,European Open,Indoor,Hard,2.3,1.61,0
De Minaur A.,19,272,161,111,30,19,131,92,Nakashima B.,70,106,57,49,6,5,51,44,2021-10-19,Antwerp,European Open,Indoor,Hard,1.72,2.1,0
Brooksby J.,39,79,46,33,6,5,40,28,Opelka R.,17,168,88,80,17,10,71,70,2021-10-19,Antwerp,European Open,Indoor,Hard,1.72,2.1,1
Musetti L.,18,143,79,64,12,12,67,52,Mager G.,67,59,24,35,3,7,21,28,2021-10-19,Antwerp,European Open,Indoor,Hard,2.0,1.8,1
Ramos-Vinolas A.,82,437,204,233,17,31,187,202,Struff J.L.,21,369,170,199,43,42,127,157,2021-10-19,Antwerp,European Open,Indoor,Hard,2.37,1.57,0
Fucsovics M.,67,249,121,128,26,24,95,104,Novak D.,166,58,15,43,6,16,9,27,2021-10-19,Antwerp,European Open,Indoor,Hard,1.57,2.37,1
Harris L.,186,129,59,70,7,8,52,62,Bergs Z.,175,15,4,11,1,5,3,6,2021-10-19,Antwerp,European Open,Indoor,Hard,1.22,4.33,1
Duckworth J.,123,143,55,88,10,9,45,79,Khachanov K.,11,378,217,161,44,38,173,123,2021-10-20,Moscow,Kremlin Cup,Indoor,Hard,4.0,1.25,0
Cilic M.,100,853,543,310,119,65,424,245,Paul T.,14,204,111,93,19,13,92,80,2021-10-20,Moscow,Kremlin Cup,Indoor,Hard,1.9,1.9,1
Millman J.,140,256,113,143,21,22,92,121,Marchenko I.,164,131,50,81,18,23,32,58,2021-10-20,Moscow,Kremlin Cup,Indoor,Hard,1.66,2.2,1
Mcdonald M.,60,190,87,103,11,15,76,88,Nishioka Y.,31,215,99,116,15,15,84,101,2021-10-20,Moscow,Kremlin Cup,Indoor,Hard,1.5,2.62,1
Coria F.,108,99,43,56,2,6,41,50,Kachmazov A.,638,2,0,2,0,2,0,0,2021-10-20,Moscow,Kremlin Cup,Indoor,Hard,1.53,2.5,1
Van De Zandschulp B.,44,117,63,54,11,11,52,43,Brooksby J.,39,79,46,33,6,5,40,28,2021-10-20,Antwerp,European Open,Indoor,Hard,2.75,1.44,0
Lajovic D.,66,378,163,215,21,36,142,179,Rinderknech A.,67,96,46,50,16,12,30,38,2021-10-20,Antwerp,European Open,Indoor,Hard,2.37,1.57,0
Musetti L.,18,143,79,64,12,12,67,52,Sinner J.,8,224,153,71,42,19,111,52,2021-10-20,Antwerp,European Open,Indoor,Hard,5.0,1.16,0
Davidovich Fokina A.,39,168,84,84,17,20,67,64,Garin C.,101,190,103,87,15,13,88,74,2021-10-20,Antwerp,European Open,Indoor,Hard,1.5,2.62,1
Bautista Agut R.,25,379,234,145,31,29,203,116,Fucsovics M.,67,249,121,128,26,24,95,104,2021-10-21,Antwerp,European Open,Indoor,Hard,1.57,2.37,0
Mcdonald M.,60,190,87,103,11,15,76,88,Simon G.,188,869,491,378,135,94,356,284,2021-10-21,Moscow,Kremlin Cup,Indoor,Hard,1.25,4.0,0
Gerasimov E.,150,93,43,50,19,19,24,31,Karatsev A.,75,136,66,70,10,22,56,48,2021-10-21,Moscow,Kremlin Cup,Indoor,Hard,3.0,1.4,0
Mannarino A.,27,567,264,303,60,73,204,230,Rublev A.,7,392,255,137,57,34,198,103,2021-10-21,Moscow,Kremlin Cup,Indoor,Hard,8.0,1.08,1
Berankis R.,212,249,104,145,36,31,68,114,Coria F.,108,99,43,56,2,6,41,50,2021-10-21,Moscow,Kremlin Cup,Indoor,Hard,1.22,4.33,1
Martinez P.,135,118,50,68,7,6,43,62,Krajinovic F.,93,240,115,125,38,34,77,91,2021-10-21,Moscow,Kremlin Cup,Indoor,Hard,3.0,1.4,1
Laaksonen H.,125,101,37,64,7,16,30,48,Nakashima B.,70,106,57,49,6,5,51,44,2021-10-21,Antwerp,European Open,Indoor,Hard,2.5,1.53,0
Murray A.,44,932,687,245,132,47,555,198,Schwartzman D.,95,428,233,195,32,27,201,168,2021-10-21,Antwerp,European Open,Indoor,Hard,1.72,2.1,0
Harris L.,186,129,59,70,7,8,52,62,Struff J.L.,21,369,170,199,43,42,127,157,2021-10-21,Antwerp,European Open,Indoor,Hard,1.4,3.0,1
Martinez P.,135,118,50,68,7,6,43,62,Cilic M.,100,853,543,310,119,65,424,245,2021-10-22,Moscow,Kremlin Cup,Indoor,Hard,2.62,1.5,0
Khachanov K.,11,378,217,161,44,38,173,123,Millman J.,140,256,113,143,21,22,92,121,2021-10-22,Moscow,Kremlin Cup,Indoor,Hard,1.3,3.5,1
Harris L.,186,129,59,70,7,8,52,62,Fucsovics M.,67,249,121,128,26,24,95,104,2021-10-22,Antwerp,European Open,Indoor,Hard,1.57,2.37,1
Rinderknech A.,67,96,46,50,16,12,30,38,Sinner J.,8,224,153,71,42,19,111,52,2021-10-22,Antwerp,European Open,Indoor,Hard,4.33,1.22,0
Nakashima B.,70,106,57,49,6,5,51,44,Schwartzman D.,95,428,233,195,32,27,201,168,2021-10-22,Antwerp,European Open,Indoor,Hard,2.2,1.66,0
Brooksby J.,39,79,46,33,6,5,40,28,Davidovich Fokina A.,39,168,84,84,17,20,67,64,2021-10-22,Antwerp,European Open,Indoor,Hard,1.33,3.4,1
Berankis R.,212,249,104,145,36,31,68,114,Mannarino A.,27,567,264,303,60,73,204,230,2021-10-22,Moscow,Kremlin Cup,Indoor,Hard,2.2,1.66,1
Karatsev A.,75,136,66,70,10,22,56,48,Simon G.,188,869,491,378,135,94,356,284,2021-10-22,Moscow,Kremlin Cup,Indoor,Hard,1.22,4.33,1
Cilic M.,100,853,543,310,119,65,424,245,Berankis R.,212,249,104,145,36,31,68,114,2021-10-23,Moscow,Kremlin Cup,Indoor,Hard,1.44,2.75,1
Khachanov K.,11,378,217,161,44,38,173,123,Karatsev A.,75,136,66,70,10,22,56,48,2021-10-23,Moscow,Kremlin Cup,Indoor,Hard,1.8,2.0,0
Schwartzman D.,95,428,233,195,32,27,201,168,Brooksby J.,39,79,46,33,6,5,40,28,2021-10-23,Antwerp,European Open,Indoor,Hard,2.2,1.66,1
Harris L.,186,129,59,70,7,8,52,62,Sinner J.,8,224,153,71,42,19,111,52,2021-10-23,Antwerp,European Open,Indoor,Hard,2.62,1.5,0
Sinner J.,8,224,153,71,42,19,111,52,Schwartzman D.,95,428,233,195,32,27,201,168,2021-10-24,Antwerp,European Open,Indoor,Hard,1.44,2.75,1
Cilic M.,100,853,543,310,119,65,424,245,Karatsev A.,75,136,66,70,10,22,56,48,2021-10-24,Moscow,Kremlin Cup,Indoor,Hard,2.2,1.66,0
Struff J.L.,21,369,170,199,43,42,127,157,Duckworth J.,123,143,55,88,10,9,45,79,2021-10-25,St. Petersburg,St. Petersburg Open,Indoor,Hard,2.0,1.8,1
Serdarusic N.,702,9,1,8,0,3,1,5,Korda S.,26,126,75,51,15,9,60,42,2021-10-25,St. Petersburg,St. Petersburg Open,Indoor,Hard,5.5,1.14,0
Bublik A.,25,219,110,109,39,30,71,79,Tiurnev E.,304,1,0,1,0,1,0,0,2021-10-25,St. Petersburg,St. Petersburg Open,Indoor,Hard,1.16,5.0,1
Evans D.,30,251,124,127,18,16,106,111,Alcaraz C.,1,164,130,34,10,5,120,29,2021-10-25,Vienna,Vienna Open,Indoor,Hard,2.2,1.66,0
Carreno Busta P.,16,352,214,138,33,25,181,113,Basilashvili N.,118,301,138,163,26,34,112,129,2021-10-25,Vienna,Vienna Open,Indoor,Hard,1.53,2.5,0
Anderson K.,652,598,347,251,48,38,299,213,De Minaur A.,19,272,161,111,30,19,131,92,2021-10-25,Vienna,Vienna Open,Indoor,Hard,1.8,2.0,0
Murray A.,44,932,687,245,132,47,555,198,Hurkacz H.,17,238,137,101,27,24,110,77,2021-10-25,Vienna,Vienna Open,Indoor,Hard,2.5,1.53,1
Berrettini M.,38,217,142,75,14,11,128,64,Popyrin A.,90,140,59,81,9,13,50,68,2021-10-25,Vienna,Vienna Open,Indoor,Hard,1.28,3.75,1
Tsitsipas S.,5,390,264,126,49,32,215,94,Dimitrov G.,20,651,389,262,79,50,310,212,2021-10-26,Vienna,Vienna Open,Indoor,Hard,1.4,3.0,1
Ruud C.,4,275,176,99,19,16,157,83,Harris L.,186,129,59,70,7,8,52,62,2021-10-26,Vienna,Vienna Open,Indoor,Hard,1.72,2.1,1
Norrie C.,13,287,172,115,15,18,157,97,Fucsovics M.,67,249,121,128,26,24,95,104,2021-10-26,Vienna,Vienna Open,Indoor,Hard,1.5,2.62,1
Lajovic D.,66,378,163,215,21,36,142,179,Tiafoe F.,10,303,158,145,24,23,134,122,2021-10-26,Vienna,Vienna Open,Indoor,Hard,3.0,1.4,0
Auger-Aliassime F.,12,268,163,105,48,22,115,83,Berankis R.,212,249,104,145,36,31,68,114,2021-10-26,Vienna,Vienna Open,Indoor,Hard,1.3,3.5,1
Krajinovic F.,93,240,115,125,38,34,77,91,Zverev A.,19,500,346,154,60,31,286,123,2021-10-26,Vienna,Vienna Open,Indoor,Hard,5.5,1.14,0
Mager G.,67,59,24,35,3,7,21,28,Novak D.,166,58,15,43,6,16,9,27,2021-10-26,Vienna,Vienna Open,Indoor,Hard,2.3,1.61,0
Millman J.,140,256,113,143,21,22,92,121,Oliel Y.,383,2,0,2,0,2,0,0,2021-10-26,St. Petersburg,St. Petersburg Open,Indoor,Hard,1.12,6.0,1
Martinez P.,135,118,50,68,7,6,43,62,Paul T.,14,204,111,93,19,13,92,80,2021-10-26,St. Petersburg,St. Petersburg Open,Indoor,Hard,2.62,1.5,0
Fritz T.,9,356,205,151,26,22,179,129,Ruusuvuori E.,55,158,79,79,16,18,63,61,2021-10-26,St. Petersburg,St. Petersburg Open,Indoor,Hard,1.8,2.0,1
Djere L.,38,243,120,123,10,22,110,101,Ivashka I.,113,159,78,81,19,18,59,63,2021-10-26,St. Petersburg,St. Petersburg Open,Indoor,Hard,4.0,1.25,0
Delbonis F.,131,340,152,188,19,23,133,165,Andujar P.,323,404,164,240,12,30,152,210,2021-10-26,St. Petersburg,St. Petersburg Open,Indoor,Hard,1.72,2.1,0
Van De Zandschulp B.,44,117,63,54,11,11,52,43,Nishioka Y.,31,215,99,116,15,15,84,101,2021-10-26,St. Petersburg,St. Petersburg Open,Indoor,Hard,1.57,2.37,1
Gerasimov E.,150,93,43,50,19,19,24,31,Mcdonald M.,60,190,87,103,11,15,76,88,2021-10-26,St. Petersburg,St. Petersburg Open,Indoor,Hard,2.37,1.57,0
Cilic M.,100,853,543,310,119,65,424,245,Ramos-Vinolas A.,82,437,204,233,17,31,187,202,2021-10-27,St. Petersburg,St. Petersburg Open,Indoor,Hard,1.3,3.5,1
Mannarino A.,27,567,264,303,60,73,204,230,Khachanov K.,11,378,217,161,44,38,173,123,2021-10-27,St. Petersburg,St. Petersburg Open,Indoor,Hard,3.75,1.28,0
Shapovalov D.,29,298,166,132,30,27,136,105,Andujar P.,323,404,164,240,12,30,152,210,2021-10-27,St. Petersburg,St. Petersburg Open,Indoor,Hard,1.08,8.0,1
Struff J.L.,21,369,170,199,43,42,127,157,Bublik A.,25,219,110,109,39,30,71,79,2021-10-27,St. Petersburg,St. Petersburg Open,Indoor,Hard,1.8,2.0,1
Koepfer D.,84,86,38,48,3,3,35,45,Sonego L.,43,221,107,114,19,17,88,97,2021-10-27,Vienna,Vienna Open,Indoor,Hard,2.75,1.44,0
Schwartzman D.,95,428,233,195,32,27,201,168,Fognini F.,128,742,383,359,39,48,344,311,2021-10-27,Vienna,Vienna Open,Indoor,Hard,1.33,3.4,1
Murray A.,44,932,687,245,132,47,555,198,Alcaraz C.,1,164,130,34,10,5,120,29,2021-10-27,Vienna,Vienna Open,Indoor,Hard,1.61,2.3,0
Berrettini M.,38,217,142,75,14,11,128,64,Basilashvili N.,118,301,138,163,26,34,112,129,2021-10-27,Vienna,Vienna Open,Indoor,Hard,1.44,2.75,1
Ivashka I.,113,159,78,81,19,18,59,63,Rublev A.,7,392,255,137,57,34,198,103,2021-10-27,St. Petersburg,St. Petersburg Open,Indoor,Hard,3.4,1.33,0
Opelka R.,17,168,88,80,17,10,71,70,Sinner J.,8,224,153,71,42,19,111,52,2021-10-27,Vienna,Vienna Open,Indoor,Hard,3.75,1.28,0
Monfils G.,323,816,510,306,131,65,379,241,Musetti L.,18,143,79,64,12,12,67,52,2021-10-27,Vienna,Vienna Open,Indoor,Hard,1.25,4.0,1
Zverev A.,19,500,346,154,60,31,286,123,De Minaur A.,19,272,161,111,30,19,131,92,2021-10-28,Vienna,Vienna Open,Indoor,Hard,1.16,5.0,1
Tsitsipas S.,5,390,264,126,49,32,215,94,Tiafoe F.,10,303,158,145,24,23,134,122,2021-10-28,Vienna,Vienna Open,Indoor,Hard,1.25,4.0,0
Monfils G.,323,816,510,306,131,65,379,241,Schwartzman D.,95,428,233,195,32,27,201,168,2021-10-28,Vienna,Vienna Open,Indoor,Hard,2.0,1.8,0
Sinner J.,8,224,153,71,42,19,111,52,Novak D.,166,58,15,43,6,16,9,27,2021-10-28,Vienna,Vienna Open,Indoor,Hard,1.08,8.0,1
Auger-Aliassime F.,12,268,163,105,48,22,115,83,Norrie C.,13,287,172,115,15,18,157,97,2021-10-28,Vienna,Vienna Open,Indoor,Hard,2.2,1.66,1
Ruud C.,4,275,176,99,19,16,157,83,Sonego L.,43,221,107,114,19,17,88,97,2021-10-28,Vienna,Vienna Open,Indoor,Hard,1.36,3.2,1
Bautista Agut R.,25,379,234,145,31,29,203,116,Mcdonald M.,60,190,87,103,11,15,76,88,2021-10-28,St. Petersburg,St. Petersburg Open,Indoor,Hard,1.57,2.37,1
Millman J.,140,256,113,143,21,22,92,121,Karatsev A.,75,136,66,70,10,22,56,48,2021-10-28,St. Petersburg,St. Petersburg Open,Indoor,Hard,4.0,1.25,1
Khachanov K.,11,378,217,161,44,38,173,123,Cilic M.,100,853,543,310,119,65,424,245,2021-10-28,St. Petersburg,St. Petersburg Open,Indoor,Hard,1.57,2.37,0
Paul T.,14,204,111,93,19,13,92,80,Fritz T.,9,356,205,151,26,22,179,129,2021-10-28,St. Petersburg,St. Petersburg Open,Indoor,Hard,2.5,1.53,0
Van De Zandschulp B.,44,117,63,54,11,11,52,43,Korda S.,26,126,75,51,15,9,60,42,2021-10-28,St. Petersburg,St. Petersburg Open,Indoor,Hard,2.0,1.8,1
Sinner J.,8,224,153,71,42,19,111,52,Ruud C.,4,275,176,99,19,16,157,83,2021-10-29,Vienna,Vienna Open,Indoor,Hard,1.4,3.0,1
Rublev A.,7,392,255,137,57,34,198,103,Van De Zandschulp B.,44,117,63,54,11,11,52,43,2021-10-29,St. Petersburg,St. Petersburg Open,Indoor,Hard,1.25,4.0,0
Bautista Agut R.,25,379,234,145,31,29,203,116,Cilic M.,100,853,543,310,119,65,424,245,2021-10-29,St. Petersburg,St. Petersburg Open,Indoor,Hard,1.8,2.0,0
Shapovalov D.,29,298,166,132,30,27,136,105,Struff J.L.,21,369,170,199,43,42,127,157,2021-10-29,St. Petersburg,St. Petersburg Open,Indoor,Hard,1.5,2.62,0
Fritz T.,9,356,205,151,26,22,179,129,Millman J.,140,256,113,143,21,22,92,121,2021-10-29,St. Petersburg,St. Petersburg Open,Indoor,Hard,1.36,3.2,1
Tiafoe F.,10,303,158,145,24,23,134,122,Schwartzman D.,95,428,233,195,32,27,201,168,2021-10-29,Vienna,Vienna Open,Indoor,Hard,2.2,1.66,1
Auger-Aliassime F.,12,268,163,105,48,22,115,83,Zverev A.,19,500,346,154,60,31,286,123,2021-10-29,Vienna,Vienna Open,Indoor,Hard,4.0,1.25,0
Berrettini M.,38,217,142,75,14,11,128,64,Alcaraz C.,1,164,130,34,10,5,120,29,2021-10-29,Vienna,Vienna Open,Indoor,Hard,1.44,2.75,0
Van De Zandschulp B.,44,117,63,54,11,11,52,43,Cilic M.,100,853,543,310,119,65,424,245,2021-10-30,St. Petersburg,St. Petersburg Open,Indoor,Hard,1.9,1.9,0
Zverev A.,19,500,346,154,60,31,286,123,Alcaraz C.,1,164,130,34,10,5,120,29,2021-10-30,Vienna,Vienna Open,Indoor,Hard,1.28,3.75,1
Struff J.L.,21,369,170,199,43,42,127,157,Fritz T.,9,356,205,151,26,22,179,129,2021-10-30,St. Petersburg,St. Petersburg Open,Indoor,Hard,2.75,1.44,0
Tiafoe F.,10,303,158,145,24,23,134,122,Sinner J.,8,224,153,71,42,19,111,52,2021-10-30,Vienna,Vienna Open,Indoor,Hard,4.0,1.25,1
Tiafoe F.,10,303,158,145,24,23,134,122,Zverev A.,19,500,346,154,60,31,286,123,2021-10-31,Vienna,Vienna Open,Indoor,Hard,4.5,1.2,0
Cilic M.,100,853,543,310,119,65,424,245,Fritz T.,9,356,205,151,26,22,179,129,2021-10-31,St. Petersburg,St. Petersburg Open,Indoor,Hard,2.0,1.8,1
Ivashka I.,113,159,78,81,19,18,59,63,Ramos-Vinolas A.,82,437,204,233,17,31,187,202,2021-11-01,Paris,BNP Paribas Masters,Indoor,Hard,1.25,4.0,1
Carreno Busta P.,16,352,214,138,33,25,181,113,Paire B.,149,527,237,290,39,56,198,234,2021-11-01,Paris,BNP Paribas Masters,Indoor,Hard,1.25,4.0,1
Musetti L.,18,143,79,64,12,12,67,52,Djere L.,38,243,120,123,10,22,110,101,2021-11-01,Paris,BNP Paribas Masters,Indoor,Hard,1.61,2.3,1
Gaston H.,109,58,24,34,5,9,19,25,Rinderknech A.,67,96,46,50,16,12,30,38,2021-11-01,Paris,BNP Paribas Masters,Indoor,Hard,2.3,1.61,1
Mannarino A.,27,567,264,303,60,73,204,230,Basilashvili N.,118,301,138,163,26,34,112,129,2021-11-01,Paris,BNP Paribas Masters,Indoor,Hard,2.75,1.44,1
Murray A.,44,932,687,245,132,47,555,198,Koepfer D.,84,86,38,48,3,3,35,45,2021-11-01,Paris,BNP Paribas Masters,Indoor,Hard,1.25,4.0,0
Norrie C.,13,287,172,115,15,18,157,97,Delbonis F.,131,340,152,188,19,23,133,165,2021-11-01,Paris,BNP Paribas Masters,Indoor,Hard,1.08,8.0,1
Korda S.,26,126,75,51,15,9,60,42,Karatsev A.,75,136,66,70,10,22,56,48,2021-11-01,Paris,BNP Paribas Masters,Indoor,Hard,2.37,1.57,1
Fucsovics M.,67,249,121,128,26,24,95,104,Fognini F.,128,742,383,359,39,48,344,311,2021-11-01,Paris,BNP Paribas Masters,Indoor,Hard,1.57,2.37,1
Lajovic D.,66,378,163,215,21,36,142,179,Mcdonald M.,60,190,87,103,11,15,76,88,2021-11-01,Paris,BNP Paribas Masters,Indoor,Hard,2.75,1.44,1
Evans D.,30,251,124,127,18,16,106,111,Bublik A.,25,219,110,109,39,30,71,79,2021-11-01,Paris,BNP Paribas Masters,Indoor,Hard,1.66,2.2,0
Gasquet R.,48,948,581,367,133,82,448,285,Dimitrov G.,20,651,389,262,79,50,310,212,2021-11-02,Paris,BNP Paribas Masters,Indoor,Hard,3.75,1.28,0
Ruud C.,4,275,176,99,19,16,157,83,Bublik A.,25,219,110,109,39,30,71,79,2021-11-02,Paris,BNP Paribas Masters,Indoor,Hard,1.3,3.5,1
Fucsovics M.,67,249,121,128,26,24,95,104,Djokovic N.,2,1207,1012,195,146,42,866,153,2021-11-02,Paris,BNP Paribas Masters,Indoor,Hard,8.0,1.08,0
Tiafoe F.,10,303,158,145,24,23,134,122,Giron M.,69,150,68,82,20,14,48,68,2021-11-02,Paris,BNP Paribas Masters,Indoor,Hard,1.5,2.62,0
Davidovich Fokina A.,39,168,84,84,17,20,67,64,Cilic M.,100,853,543,310,119,65,424,245,2021-11-02,Paris,BNP Paribas Masters,Indoor,Hard,2.5,1.53,0
Monfils G.,323,816,510,306,131,65,379,241,Kecmanovic M.,40,210,107,103,12,16,95,87,2021-11-02,Paris,BNP Paribas Masters,Indoor,Hard,1.33,3.4,1
De Minaur A.,19,272,161,111,30,19,131,92,Popyrin A.,90,140,59,81,9,13,50,68,2021-11-02,Paris,BNP Paribas Masters,Indoor,Hard,,,0
Herbert P.H.,157,202,89,113,31,38,58,75,Alcaraz C.,1,164,130,34,10,5,120,29,2021-11-02,Paris,BNP Paribas Masters,Indoor,Hard,4.0,1.25,0
Sonego L.,43,221,107,114,19,17,88,97,Fritz T.,9,356,205,151,26,22,179,129,2021-11-02,Paris,BNP Paribas Masters,Indoor,Hard,2.3,1.61,0
Khachanov K.,11,378,217,161,44,38,173,123,Ymer M.,59,130,58,72,18,23,40,49,2021-11-02,Paris,BNP Paribas Masters,Indoor,Hard,1.28,3.75,1
Krajinovic F.,93,240,115,125,38,34,77,91,Opelka R.,17,168,88,80,17,10,71,70,2021-11-02,Paris,BNP Paribas Masters,Indoor,Hard,1.9,1.9,0
Bautista Agut R.,25,379,234,145,31,29,203,116,Duckworth J.,123,143,55,88,10,9,45,79,2021-11-02,Paris,BNP Paribas Masters,Indoor,Hard,1.3,3.5,0
Paul T.,14,204,111,93,19,13,92,80,Struff J.L.,21,369,170,199,43,42,127,157,2021-11-02,Paris,BNP Paribas Masters,Indoor,Hard,1.72,2.1,1
Mager G.,67,59,24,35,3,7,21,28,Auger-Aliassime F.,12,268,163,105,48,22,115,83,2021-11-02,Paris,BNP Paribas Masters,Indoor,Hard,5.5,1.14,0
Schwartzman D.,95,428,233,195,32,27,201,168,Millman J.,140,256,113,143,21,22,92,121,2021-11-02,Paris,BNP Paribas Masters,Indoor,Hard,1.28,3.75,1
Popyrin A.,90,140,59,81,9,13,50,68,Tsitsipas S.,5,390,264,126,49,32,215,94,2021-11-03,Paris,BNP Paribas Masters,Indoor,Hard,,,1
Medvedev D.,3,406,289,117,69,27,220,90,Ivashka I.,113,159,78,81,19,18,59,63,2021-11-03,Paris,BNP Paribas Masters,Indoor,Hard,1.12,6.0,1
Korda S.,26,126,75,51,15,9,60,42,Cilic M.,100,853,543,310,119,65,424,245,2021-11-03,Paris,BNP Paribas Masters,Indoor,Hard,,,1
Zverev A.,19,500,346,154,60,31,286,123,Lajovic D.,66,378,163,215,21,36,142,179,2021-11-03,Paris,BNP Paribas Masters,Indoor,Hard,1.08,8.0,1
Giron M.,69,150,68,82,20,14,48,68,Schwartzman D.,95,428,233,195,32,27,201,168,2021-11-03,Paris,BNP Paribas Masters,Indoor,Hard,,,1
Sinner J.,8,224,153,71,42,19,111,52,Alcaraz C.,1,164,130,34,10,5,120,29,2021-11-03,Paris,BNP Paribas Masters,Indoor,Hard,,,0
Monfils G.,323,816,510,306,131,65,379,241,Mannarino A.,27,567,264,303,60,73,204,230,2021-11-03,Paris,BNP Paribas Masters,Indoor,Hard,,,1
Dimitrov G.,20,651,389,262,79,50,310,212,Khachanov K.,11,378,217,161,44,38,173,123,2021-11-03,Paris,BNP Paribas Masters,Indoor,Hard,,,1
Hurkacz H.,17,238,137,101,27,24,110,77,Paul T.,14,204,111,93,19,13,92,80,2021-11-03,Paris,BNP Paribas Masters,Indoor,Hard,,,1
Norrie C.,13,287,172,115,15,18,157,97,Opelka R.,17,168,88,80,17,10,71,70,2021-11-03,Paris,BNP Paribas Masters,Indoor,Hard,,,1
Fritz T.,9,356,205,151,26,22,179,129,Rublev A.,7,392,255,137,57,34,198,103,2021-11-03,Paris,BNP Paribas Masters,Indoor,Hard,,,1
Carreno Busta P.,16,352,214,138,33,25,181,113,Gaston H.,109,58,24,34,5,9,19,25,2021-11-03,Paris,BNP Paribas Masters,Indoor,Hard,1.25,4.0,0
Auger-Aliassime F.,12,268,163,105,48,22,115,83,Koepfer D.,84,86,38,48,3,3,35,45,2021-11-03,Paris,BNP Paribas Masters,Indoor,Hard,,,0
Musetti L.,18,143,79,64,12,12,67,52,Duckworth J.,123,143,55,88,10,9,45,79,2021-11-03,Paris,BNP Paribas Masters,Indoor,Hard,,,0
Alcaraz C.,1,164,130,34,10,5,120,29,Gaston H.,109,58,24,34,5,9,19,25,2021-11-04,Paris,BNP Paribas Masters,Indoor,Hard,1.16,5.0,0
Korda S.,26,126,75,51,15,9,60,42,Medvedev D.,3,406,289,117,69,27,220,90,2021-11-04,Paris,BNP Paribas Masters,Indoor,Hard,5.0,1.16,0
Ruud C.,4,275,176,99,19,16,157,83,Giron M.,69,150,68,82,20,14,48,68,2021-11-04,Paris,BNP Paribas Masters,Indoor,Hard,1.33,3.4,1
Dimitrov G.,20,651,389,262,79,50,310,212,Zverev A.,19,500,346,154,60,31,286,123,2021-11-04,Paris,BNP Paribas Masters,Indoor,Hard,3.4,1.33,0
Fritz T.,9,356,205,151,26,22,179,129,Norrie C.,13,287,172,115,15,18,157,97,2021-11-04,Paris,BNP Paribas Masters,Indoor,Hard,2.5,1.53,1
Duckworth J.,123,143,55,88,10,9,45,79,Popyrin A.,90,140,59,81,9,13,50,68,2021-11-04,Paris,BNP Paribas Masters,Indoor,Hard,2.37,1.57,1
Hurkacz H.,17,238,137,101,27,24,110,77,Koepfer D.,84,86,38,48,3,3,35,45,2021-11-04,Paris,BNP Paribas Masters,Indoor,Hard,1.22,4.33,1
Monfils G.,323,816,510,306,131,65,379,241,Djokovic N.,2,1207,1012,195,146,42,866,153,2021-11-04,Paris,BNP Paribas Masters,Indoor,Hard,5.5,1.14,0
Duckworth J.,123,143,55,88,10,9,45,79,Hurkacz H.,17,238,137,101,27,24,110,77,2021-11-05,Paris,BNP Paribas Masters,Indoor,Hard,3.2,1.36,0
Djokovic N.,2,1207,1012,195,146,42,866,153,Fritz T.,9,356,205,151,26,22,179,129,2021-11-05,Paris,BNP Paribas Masters,Indoor,Hard,1.22,4.33,1
Medvedev D.,3,406,289,117,69,27,220,90,Gaston H.,109,58,24,34,5,9,19,25,2021-11-05,Paris,BNP Paribas Masters,Indoor,Hard,1.1,7.0,1
Zverev A.,19,500,346,154,60,31,286,123,Ruud C.,4,275,176,99,19,16,157,83,2021-11-05,Paris,BNP Paribas Masters,Indoor,Hard,1.4,3.0,1
Medvedev D.,3,406,289,117,69,27,220,90,Zverev A.,19,500,346,154,60,31,286,123,2021-11-06,Paris,BNP Paribas Masters,Indoor,Hard,1.72,2.1,1
Hurkacz H.,17,238,137,101,27,24,110,77,Djokovic N.,2,1207,1012,195,146,42,866,153,2021-11-06,Paris,BNP Paribas Masters,Indoor,Hard,5.0,1.16,0
Djokovic N.,2,1207,1012,195,146,42,866,153,Medvedev D.,3,406,289,117,69,27,220,90,2021-11-07,Paris,BNP Paribas Masters,Indoor,Hard,2.0,1.8,1
Borg L.,437,4,1,3,0,2,1,1,Paul T.,14,204,111,93,19,13,92,80,2021-11-07,Stockholm,Stockholm Open,Indoor,Hard,29.0,1.0,0
Mannarino A.,27,567,264,303,60,73,204,230,Fucsovics M.,67,249,121,128,26,24,95,104,2021-11-07,Stockholm,Stockholm Open,Indoor,Hard,2.62,1.5,0
Mcdonald M.,60,190,87,103,11,15,76,88,Davidovich Fokina A.,39,168,84,84,17,20,67,64,2021-11-07,Stockholm,Stockholm Open,Indoor,Hard,1.9,1.9,0
Istomin D.,267,440,194,246,44,51,150,195,Krajinovic F.,93,240,115,125,38,34,77,91,2021-11-08,Stockholm,Stockholm Open,Indoor,Hard,5.0,1.16,0
Ymer E.,186,81,24,57,3,11,21,46,Tiafoe F.,10,303,158,145,24,23,134,122,2021-11-08,Stockholm,Stockholm Open,Indoor,Hard,4.33,1.22,0
Gojowczyk P.,108,172,75,97,17,18,58,79,Kovalik J.,172,68,24,44,5,8,19,36,2021-11-08,Stockholm,Stockholm Open,Indoor,Hard,,,0
Kotov P.,89,25,10,15,1,4,9,11,Vavassori A.,128,12,5,7,1,1,4,6,2021-11-08,Stockholm,Stockholm Open,Indoor,Hard,1.61,2.3,0
Durasovic V.,345,2,0,2,0,1,0,1,Murray A.,44,932,687,245,132,47,555,198,2021-11-09,Stockholm,Stockholm Open,Indoor,Hard,8.0,1.08,0
Martinez P.,135,118,50,68,7,6,43,62,Ruusuvuori E.,55,158,79,79,16,18,63,61,2021-11-09,Stockholm,Stockholm Open,Indoor,Hard,3.0,1.4,1
Fritz T.,9,356,205,151,26,22,179,129,Gerasimov E.,150,93,43,50,19,19,24,31,2021-11-09,Stockholm,Stockholm Open,Indoor,Hard,1.16,5.0,1
Van De Zandschulp B.,44,117,63,54,11,11,52,43,Serdarusic N.,702,9,1,8,0,3,1,5,2021-11-09,Stockholm,Stockholm Open,Indoor,Hard,1.16,5.0,1
Rinderknech A.,67,96,46,50,16,12,30,38,Bublik A.,25,219,110,109,39,30,71,79,2021-11-09,Stockholm,Stockholm Open,Indoor,Hard,1.66,2.2,1
Evans D.,30,251,124,127,18,16,106,111,Davidovich Fokina A.,39,168,84,84,17,20,67,64,2021-11-10,Stockholm,Stockholm Open,Indoor,Hard,1.9,1.9,1
Martinez P.,135,118,50,68,7,6,43,62,Tiafoe F.,10,303,158,145,24,23,134,122,2021-11-10,Stockholm,Stockholm Open,Indoor,Hard,3.5,1.3,0
Shapovalov D.,29,298,166,132,30,27,136,105,Vavassori A.,128,12,5,7,1,1,4,6,2021-11-10,Stockholm,Stockholm Open,Indoor,Hard,1.11,6.5,1
Rinderknech A.,67,96,46,50,16,12,30,38,Kovalik J.,172,68,24,44,5,8,19,36,2021-11-10,Stockholm,Stockholm Open,Indoor,Hard,1.16,5.0,1
Fucsovics M.,67,249,121,128,26,24,95,104,Van De Zandschulp B.,44,117,63,54,11,11,52,43,2021-11-10,Stockholm,Stockholm Open,Indoor,Hard,1.53,2.5,0
Paul T.,14,204,111,93,19,13,92,80,Fritz T.,9,356,205,151,26,22,179,129,2021-11-10,Stockholm,Stockholm Open,Indoor,Hard,3.0,1.4,1
Sinner J.,8,224,153,71,42,19,111,52,Murray A.,44,932,687,245,132,47,555,198,2021-11-10,Stockholm,Stockholm Open,Indoor,Hard,1.36,3.2,0
Auger-Aliassime F.,12,268,163,105,48,22,115,83,Krajinovic F.,93,240,115,125,38,34,77,91,2021-11-10,Stockholm,Stockholm Open,Indoor,Hard,1.5,2.62,1
Shapovalov D.,29,298,166,132,30,27,136,105,Rinderknech A.,67,96,46,50,16,12,30,38,2021-11-11,Stockholm,Stockholm Open,Indoor,Hard,1.4,3.0,1
Murray A.,44,932,687,245,132,47,555,198,Paul T.,14,204,111,93,19,13,92,80,2021-11-11,Stockholm,Stockholm Open,Indoor,Hard,1.53,2.5,0
Van De Zandschulp B.,44,117,63,54,11,11,52,43,Auger-Aliassime F.,12,268,163,105,48,22,115,83,2021-11-11,Stockholm,Stockholm Open,Indoor,Hard,2.75,1.44,0
Tiafoe F.,10,303,158,145,24,23,134,122,Evans D.,30,251,124,127,18,16,106,111,2021-11-11,Stockholm,Stockholm Open,Indoor,Hard,1.66,2.2,1
Paul T.,14,204,111,93,19,13,92,80,Tiafoe F.,10,303,158,145,24,23,134,122,2021-11-12,Stockholm,Stockholm Open,Indoor,Hard,2.2,1.66,1
Shapovalov D.,29,298,166,132,30,27,136,105,Auger-Aliassime F.,12,268,163,105,48,22,115,83,2021-11-12,Stockholm,Stockholm Open,Indoor,Hard,2.3,1.61,1
Shapovalov D.,29,298,166,132,30,27,136,105,Paul T.,14,204,111,93,19,13,92,80,2021-11-13,Stockholm,Stockholm Open,Indoor,Hard,1.61,2.3,0
Hurkacz H.,17,238,137,101,27,24,110,77,Medvedev D.,3,406,289,117,69,27,220,90,2021-11-14,Turin,Masters Cup,Indoor,Hard,4.5,1.2,0
Berrettini M.,38,217,142,75,14,11,128,64,Zverev A.,19,500,346,154,60,31,286,123,2021-11-14,Turin,Masters Cup,Indoor,Hard,3.2,1.36,1
Djokovic N.,2,1207,1012,195,146,42,866,153,Ruud C.,4,275,176,99,19,16,157,83,2021-11-15,Turin,Masters Cup,Indoor,Hard,1.11,6.5,1
Tsitsipas S.,5,390,264,126,49,32,215,94,Rublev A.,7,392,255,137,57,34,198,103,2021-11-15,Turin,Masters Cup,Indoor,Hard,1.72,2.1,0
Sinner J.,8,224,153,71,42,19,111,52,Hurkacz H.,17,238,137,101,27,24,110,77,2021-11-16,Turin,Masters Cup,Indoor,Hard,1.8,2.0,1
Zverev A.,19,500,346,154,60,31,286,123,Medvedev D.,3,406,289,117,69,27,220,90,2021-11-16,Turin,Masters Cup,Indoor,Hard,2.5,1.53,0
Norrie C.,13,287,172,115,15,18,157,97,Ruud C.,4,275,176,99,19,16,157,83,2021-11-17,Turin,Masters Cup,Indoor,Hard,2.37,1.57,0
Rublev A.,7,392,255,137,57,34,198,103,Djokovic N.,2,1207,1012,195,146,42,866,153,2021-11-17,Turin,Masters Cup,Indoor,Hard,4.33,1.22,0
Hurkacz H.,17,238,137,101,27,24,110,77,Zverev A.,19,500,346,154,60,31,286,123,2021-11-18,Turin,Masters Cup,Indoor,Hard,4.0,1.22,0
Sinner J.,8,224,153,71,42,19,111,52,Medvedev D.,3,406,289,117,69,27,220,90,2021-11-18,Turin,Masters Cup,Indoor,Hard,2.75,1.4,0
Rublev A.,7,392,255,137,57,34,198,103,Ruud C.,4,275,176,99,19,16,157,83,2021-11-19,Turin,Masters Cup,Indoor,Hard,1.5,2.5,0
Norrie C.,13,287,172,115,15,18,157,97,Djokovic N.,2,1207,1012,195,146,42,866,153,2021-11-19,Turin,Masters Cup,Indoor,Hard,5.5,1.14,0
Medvedev D.,3,406,289,117,69,27,220,90,Ruud C.,4,275,176,99,19,16,157,83,2021-11-20,Turin,Masters Cup,Indoor,Hard,1.14,5.5,1
Djokovic N.,2,1207,1012,195,146,42,866,153,Zverev A.,19,500,346,154,60,31,286,123,2021-11-20,Turin,Masters Cup,Indoor,Hard,1.4,3.0,0
Zverev A.,19,500,346,154,60,31,286,123,Medvedev D.,3,406,289,117,69,27,220,90,2021-11-21,Turin,Masters Cup,Indoor,Hard,2.5,1.53,1
Johnson S.,197,395,196,199,16,23,180,176,Vukic A.,62,36,15,21,2,1,13,20,2022-01-03,Adelaide,Adelaide International 1,Outdoor,Hard,2.0,1.8,1
Carballes Baena R.,64,207,91,116,11,10,80,106,Djere L.,38,243,120,123,10,22,110,101,2022-01-03,Adelaide,Adelaide International 1,Outdoor,Hard,2.2,1.66,0
Monteiro T.,121,171,69,102,9,11,60,91,Altmaier D.,51,79,28,51,1,5,27,46,2022-01-03,Adelaide,Adelaide International 1,Outdoor,Hard,2.3,1.61,1
Kwon S.W.,68,108,53,55,12,6,41,49,Nishioka Y.,31,215,99,116,15,15,84,101,2022-01-03,Adelaide,Adelaide International 1,Outdoor,Hard,1.61,2.3,1
Murray A.,44,932,687,245,132,47,555,198,Bagnis F.,135,121,39,82,9,8,30,74,2022-01-04,Melbourne,Melbourne Summer Set,Outdoor,Hard,1.1,7.0,0
Mannarino A.,27,567,264,303,60,73,204,230,Van De Zandschulp B.,44,117,63,54,11,11,52,43,2022-01-04,Melbourne,Melbourne Summer Set,Outdoor,Hard,2.75,1.44,0
Gojowczyk P.,108,172,75,97,17,18,58,79,Mcdonald M.,60,190,87,103,11,15,76,88,2022-01-04,Melbourne,Melbourne Summer Set,Outdoor,Hard,3.2,1.36,0
Griekspoor T.,37,97,47,50,7,14,40,36,Koepfer D.,84,86,38,48,3,3,35,45,2022-01-04,Melbourne,Melbourne Summer Set,Outdoor,Hard,1.61,2.3,1
Millman J.,140,256,113,143,21,22,92,121,Kokkinakis T.,86,124,55,69,0,4,55,65,2022-01-04,Adelaide,Adelaide International 1,Outdoor,Hard,2.1,1.72,0
Cerundolo F.,21,104,58,46,3,7,55,39,Mager G.,67,59,24,35,3,7,21,28,2022-01-04,Adelaide,Adelaide International 1,Outdoor,Hard,1.8,2.0,0
Bonzi B.,107,83,37,46,10,13,27,33,Ymer M.,59,130,58,72,18,23,40,49,2022-01-04,Adelaide,Adelaide International 1,Outdoor,Hard,1.8,2.0,0
Cerundolo J.M.,106,29,12,17,2,3,10,14,Bolt A.,345,40,13,27,0,0,13,27,2022-01-04,Adelaide,Adelaide International 1,Outdoor,Hard,2.75,1.44,1
Fucsovics M.,67,249,121,128,26,24,95,104,Gerasimov E.,150,93,43,50,19,19,24,31,2022-01-04,Adelaide,Adelaide International 1,Outdoor,Hard,1.57,2.37,0
Daniel T.,111,178,67,111,3,10,64,101,Musetti L.,18,143,79,64,12,12,67,52,2022-01-04,Adelaide,Adelaide International 1,Outdoor,Hard,2.0,1.8,1
Rune H.,6,131,83,48,28,9,55,39,Moutet C.,80,118,50,68,5,11,45,57,2022-01-04,Adelaide,Adelaide International 1,Outdoor,Hard,1.44,2.75,0
Vesely J.,528,288,130,158,6,19,124,139,Paul T.,14,204,111,93,19,13,92,80,2022-01-04,Adelaide,Adelaide International 1,Outdoor,Hard,3.4,1.33,0
O Connell C.,74,65,26,39,0,0,26,39,Thompson J.,71,221,96,125,10,10,86,115,2022-01-05,Melbourne,Melbourne Summer Set,Outdoor,Hard,1.9,1.9,0
Giron M.,69,150,68,82,20,14,48,68,Berankis R.,212,249,104,145,36,31,68,114,2022-01-05,Melbourne,Melbourne Summer Set,Outdoor,Hard,1.66,2.2,0
Hijikata R.,110,16,7,9,0,0,7,9,Cressy M.,96,96,42,54,10,11,32,43,2022-01-05,Melbourne,Melbourne Summer Set,Outdoor,Hard,3.2,1.36,0
Molcan A.,120,86,45,41,1,6,44,35,Seppi A.,141,758,363,395,74,85,289,310,2022-01-05,Melbourne,Melbourne Summer Set,Outdoor,Hard,1.66,2.2,1
Travaglia S.,1024,81,27,54,5,12,22,42,Popyrin A.,90,140,59,81,9,13,50,68,2022-01-05,Melbourne,Melbourne Summer Set,Outdoor,Hard,2.62,1.5,0
Anderson K.,652,598,347,251,48,38,299,213,Munar J.,104,178,75,103,7,12,68,91,2022-01-05,Melbourne,Melbourne Summer Set,Outdoor,Hard,1.44,2.75,0
Cilic M.,100,853,543,310,119,65,424,245,Monteiro T.,121,171,69,102,9,11,60,91,2022-01-05,Adelaide,Adelaide International 1,Outdoor,Hard,1.3,3.5,1
Tiafoe F.,10,303,158,145,24,23,134,122,Kokkinakis T.,86,124,55,69,0,4,55,65,2022-01-05,Adelaide,Adelaide International 1,Outdoor,Hard,1.61,2.3,0
Ymer M.,59,130,58,72,18,23,40,49,Kwon S.W.,68,108,53,55,12,6,41,49,2022-01-05,Adelaide,Adelaide International 1,Outdoor,Hard,2.37,1.57,1
Ruusuvuori E.,55,158,79,79,16,18,63,61,Baez S.,72,95,47,48,6,6,41,42,2022-01-05,Melbourne,Melbourne Summer Set,Outdoor,Hard,1.44,2.75,1
Moutet C.,80,118,50,68,5,11,45,57,Djere L.,38,243,120,123,10,22,110,101,2022-01-05,Adelaide,Adelaide International 1,Outdoor,Hard,1.61,2.3,0
Laaksonen H.,125,101,37,64,7,16,30,48,Paire B.,149,527,237,290,39,56,198,234,2022-01-05,Melbourne,Melbourne Summer Set,Outdoor,Hard,1.33,3.4,1
Goffin D.,123,522,296,226,66,52,230,174,Molcan A.,120,86,45,41,1,6,44,35,2022-01-06,Melbourne,Melbourne Summer Set,Outdoor,Hard,2.5,1.53,0
Bagnis F.,135,121,39,82,9,8,30,74,Dimitrov G.,20,651,389,262,79,50,310,212,2022-01-06,Melbourne,Melbourne Summer Set,Outdoor,Hard,5.0,1.16,0
Nadal R.,2,1223,1017,206,76,40,941,166,Berankis R.,212,249,104,145,36,31,68,114,2022-01-06,Melbourne,Melbourne Summer Set,Outdoor,Hard,1.14,5.5,1
Munar J.,104,178,75,103,7,12,68,91,Laaksonen H.,125,101,37,64,7,16,30,48,2022-01-06,Melbourne,Melbourne Summer Set,Outdoor,Hard,2.1,1.72,1
Griekspoor T.,37,97,47,50,7,14,40,36,Popyrin A.,90,140,59,81,9,13,50,68,2022-01-06,Melbourne,Melbourne Summer Set,Outdoor,Hard,1.8,2.0,1
Mcdonald M.,60,190,87,103,11,15,76,88,Van De Zandschulp B.,44,117,63,54,11,11,52,43,2022-01-06,Melbourne,Melbourne Summer Set,Outdoor,Hard,1.9,1.9,0
Ruusuvuori E.,55,158,79,79,16,18,63,61,Thompson J.,71,221,96,125,10,10,86,115,2022-01-06,Melbourne,Melbourne Summer Set,Outdoor,Hard,1.44,2.75,1
Opelka R.,17,168,88,80,17,10,71,70,Cressy M.,96,96,42,54,10,11,32,43,2022-01-06,Melbourne,Melbourne Summer Set,Outdoor,Hard,1.66,2.2,0
Monfils G.,323,816,510,306,131,65,379,241,Cerundolo J.M.,106,29,12,17,2,3,10,14,2022-01-06,Adelaide,Adelaide International 1,Outdoor,Hard,1.2,4.5,1
Johnson S.,197,395,196,199,16,23,180,176,Khachanov K.,11,378,217,161,44,38,173,123,2022-01-06,Adelaide,Adelaide International 1,Outdoor,Hard,4.0,1.25,0
Mager G.,67,59,24,35,3,7,21,28,Gerasimov E.,150,93,43,50,19,19,24,31,2022-01-06,Adelaide,Adelaide International 1,Outdoor,Hard,2.2,1.66,0
Daniel T.,111,178,67,111,3,10,64,101,Paul T.,14,204,111,93,19,13,92,80,2022-01-06,Adelaide,Adelaide International 1,Outdoor,Hard,3.4,1.33,0
Kokkinakis T.,86,124,55,69,0,4,55,65,Ymer M.,59,130,58,72,18,23,40,49,2022-01-07,Adelaide,Adelaide International 1,Outdoor,Hard,1.61,2.3,1
Khachanov K.,11,378,217,161,44,38,173,123,Gerasimov E.,150,93,43,50,19,19,24,31,2022-01-07,Adelaide,Adelaide International 1,Outdoor,Hard,1.25,4.0,1
Monfils G.,323,816,510,306,131,65,379,241,Paul T.,14,204,111,93,19,13,92,80,2022-01-07,Adelaide,Adelaide International 1,Outdoor,Hard,1.53,2.5,1
Djere L.,38,243,120,123,10,22,110,101,Cilic M.,100,853,543,310,119,65,424,245,2022-01-07,Adelaide,Adelaide International 1,Outdoor,Hard,3.75,1.28,0
Van De Zandschulp B.,44,117,63,54,11,11,52,43,Dimitrov G.,20,651,389,262,79,50,310,212,2022-01-07,Melbourne,Melbourne Summer Set,Outdoor,Hard,2.2,1.66,0
Molcan A.,120,86,45,41,1,6,44,35,Ruusuvuori E.,55,158,79,79,16,18,63,61,2022-01-07,Melbourne,Melbourne Summer Set,Outdoor,Hard,2.1,1.72,0
Griekspoor T.,37,97,47,50,7,14,40,36,Nadal R.,2,1223,1017,206,76,40,941,166,2022-01-07,Melbourne,Melbourne Summer Set,Outdoor,Hard,5.0,1.16,0
Cressy M.,96,96,42,54,10,11,32,43,Munar J.,104,178,75,103,7,12,68,91,2022-01-07,Melbourne,Melbourne Summer Set,Outdoor,Hard,1.72,2.1,1
Kokkinakis T.,86,124,55,69,0,4,55,65,Monfils G.,323,816,510,306,131,65,379,241,2022-01-08,Adelaide,Adelaide International 1,Outdoor,Hard,3.0,1.4,0
Dimitrov G.,20,651,389,262,79,50,310,212,Cressy M.,96,96,42,54,10,11,32,43,2022-01-08,Melbourne,Melbourne Summer Set,Outdoor,Hard,1.4,3.0,0
Nadal R.,2,1223,1017,206,76,40,941,166,Ruusuvuori E.,55,158,79,79,16,18,63,61,2022-01-08,Melbourne,Melbourne Summer Set,Outdoor,Hard,1.16,5.0,1
Khachanov K.,11,378,217,161,44,38,173,123,Cilic M.,100,853,543,310,119,65,424,245,2022-01-08,Adelaide,Adelaide International 1,Outdoor,Hard,2.1,1.72,1
Nadal R.,2,1223,1017,206,76,40,941,166,Cressy M.,96,96,42,54,10,11,32,43,2022-01-09,Melbourne,Melbourne Summer Set,Outdoor,Hard,1.12,6.0,1
Monfils G.,323,816,510,306,131,65,379,241,Khachanov K.,11,378,217,161,44,38,173,123,2022-01-09,Adelaide,Adelaide International 1,Outdoor,Hard,1.61,2.3,1
Thompson J.,71,221,96,125,10,10,86,115,Giron M.,69,150,68,82,20,14,48,68,2022-01-10,Sydney,Sydney Tennis Classic,Outdoor,Hard,2.2,1.66,1
Altmaier D.,51,79,28,51,1,5,27,46,Fognini F.,128,742,383,359,39,48,344,311,2022-01-10,Sydney,Sydney Tennis Classic,Outdoor,Hard,2.75,1.44,0
Millman J.,140,256,113,143,21,22,92,121,Munar J.,104,178,75,103,7,12,68,91,2022-01-10,Adelaide,Adelaide International 2,Outdoor,Hard,1.72,2.1,0
Goffin D.,123,522,296,226,66,52,230,174,Bagnis F.,135,121,39,82,9,8,30,74,2022-01-10,Sydney,Sydney Tennis Classic,Outdoor,Hard,1.66,2.2,1
Tiafoe F.,10,303,158,145,24,23,134,122,Paul T.,14,204,111,93,19,13,92,80,2022-01-10,Adelaide,Adelaide International 2,Outdoor,Hard,1.72,2.1,0
Bublik A.,25,219,110,109,39,30,71,79,Vukic A.,62,36,15,21,2,1,13,20,2022-01-10,Adelaide,Adelaide International 2,Outdoor,Hard,1.8,2.0,0
Sonego L.,43,221,107,114,19,17,88,97,Gaston H.,109,58,24,34,5,9,19,25,2022-01-10,Sydney,Sydney Tennis Classic,Outdoor,Hard,1.44,2.75,1
Mcdonald M.,60,190,87,103,11,15,76,88,Rinderknech A.,67,96,46,50,16,12,30,38,2022-01-10,Adelaide,Adelaide International 2,Outdoor,Hard,1.53,2.5,0
Mannarino A.,27,567,264,303,60,73,204,230,Cressy M.,96,96,42,54,10,11,32,43,2022-01-11,Sydney,Sydney Tennis Classic,Outdoor,Hard,2.75,1.44,0
Lajovic D.,66,378,163,215,21,36,142,179,Davidovich Fokina A.,39,168,84,84,17,20,67,64,2022-01-11,Sydney,Sydney Tennis Classic,Outdoor,Hard,2.5,1.53,1
Durasovic V.,345,2,0,2,0,1,0,1,Murray A.,44,932,687,245,132,47,555,198,2022-01-11,Sydney,Sydney Tennis Classic,Outdoor,Hard,8.0,1.08,0
Travaglia S.,1024,81,27,54,5,12,22,42,Kecmanovic M.,40,210,107,103,12,16,95,87,2022-01-11,Sydney,Sydney Tennis Classic,Outdoor,Hard,2.1,1.72,0
Kudla D.,137,198,70,128,5,14,65,114,Delbonis F.,131,340,152,188,19,23,133,165,2022-01-11,Sydney,Sydney Tennis Classic,Outdoor,Hard,2.0,1.8,1
Vesely J.,528,288,130,158,6,19,124,139,Nakashima B.,70,106,57,49,6,5,51,44,2022-01-11,Sydney,Sydney Tennis Classic,Outdoor,Hard,2.75,1.44,0
O Connell C.,74,65,26,39,0,0,26,39,Baez S.,72,95,47,48,6,6,41,42,2022-01-11,Sydney,Sydney Tennis Classic,Outdoor,Hard,1.8,2.0,0
Martinez P.,135,118,50,68,7,6,43,62,Popyrin A.,90,140,59,81,9,13,50,68,2022-01-11,Sydney,Sydney Tennis Classic,Outdoor,Hard,2.62,1.5,1
Rinderknech A.,67,96,46,50,16,12,30,38,Kwon S.W.,68,108,53,55,12,6,41,49,2022-01-11,Adelaide,Adelaide International 2,Outdoor,Hard,1.9,1.9,1
Monteiro T.,121,171,69,102,9,11,60,91,Nishioka Y.,31,215,99,116,15,15,84,101,2022-01-11,Adelaide,Adelaide International 2,Outdoor,Hard,1.9,1.9,1
Moutet C.,80,118,50,68,5,11,45,57,Struff J.L.,21,369,170,199,43,42,127,157,2022-01-11,Adelaide,Adelaide International 2,Outdoor,Hard,2.0,1.8,1
Harris L.,186,129,59,70,7,8,52,62,Kwon S.W.,68,108,53,55,12,6,41,49,2022-01-11,Adelaide,Adelaide International 2,Outdoor,Hard,1.61,2.3,0
Bolt A.,345,40,13,27,0,0,13,27,Johnson S.,197,395,196,199,16,23,180,176,2022-01-11,Adelaide,Adelaide International 2,Outdoor,Hard,3.2,1.36,0
Carballes Baena R.,64,207,91,116,11,10,80,106,Bonzi B.,107,83,37,46,10,13,27,33,2022-01-11,Adelaide,Adelaide International 2,Outdoor,Hard,2.5,1.53,0
Fucsovics M.,67,249,121,128,26,24,95,104,Van De Zandschulp B.,44,117,63,54,11,11,52,43,2022-01-11,Adelaide,Adelaide International 2,Outdoor,Hard,2.2,1.66,1
Mager G.,67,59,24,35,3,7,21,28,Gerasimov E.,150,93,43,50,19,19,24,31,2022-01-11,Adelaide,Adelaide International 2,Outdoor,Hard,2.2,1.66,1
Kokkinakis T.,86,124,55,69,0,4,55,65,Paire B.,149,527,237,290,39,56,198,234,2022-01-11,Adelaide,Adelaide International 2,Outdoor,Hard,1.28,3.75,1
Evans D.,30,251,124,127,18,16,106,111,Martinez P.,135,118,50,68,7,6,43,62,2022-01-12,Sydney,Sydney Tennis Classic,Outdoor,Hard,1.33,3.4,1
Fognini F.,128,742,383,359,39,48,344,311,Nakashima B.,70,106,57,49,6,5,51,44,2022-01-12,Sydney,Sydney Tennis Classic,Outdoor,Hard,2.62,1.5,0
Baez S.,72,95,47,48,6,6,41,42,Sonego L.,43,221,107,114,19,17,88,97,2022-01-12,Sydney,Sydney Tennis Classic,Outdoor,Hard,2.37,1.57,0
Karatsev A.,75,136,66,70,10,22,56,48,Kecmanovic M.,40,210,107,103,12,16,95,87,2022-01-12,Sydney,Sydney Tennis Classic,Outdoor,Hard,1.53,2.5,1
Vukic A.,62,36,15,21,2,1,13,20,Johnson S.,197,395,196,199,16,23,180,176,2022-01-12,Adelaide,Adelaide International 2,Outdoor,Hard,1.8,2.0,1
Kokkinakis T.,86,124,55,69,0,4,55,65,Isner J.,114,755,465,290,53,45,412,245,2022-01-12,Adelaide,Adelaide International 2,Outdoor,Hard,1.72,2.1,1
Paul T.,14,204,111,93,19,13,92,80,Bonzi B.,107,83,37,46,10,13,27,33,2022-01-12,Adelaide,Adelaide International 2,Outdoor,Hard,1.4,3.0,1
Khachanov K.,11,378,217,161,44,38,173,123,Mager G.,67,59,24,35,3,7,21,28,2022-01-12,Adelaide,Adelaide International 2,Outdoor,Hard,1.22,4.33,1
Goffin D.,123,522,296,226,66,52,230,174,Kudla D.,137,198,70,128,5,14,65,114,2022-01-12,Sydney,Sydney Tennis Classic,Outdoor,Hard,1.53,2.5,1
Murray A.,44,932,687,245,132,47,555,198,Basilashvili N.,118,301,138,163,26,34,112,129,2022-01-12,Sydney,Sydney Tennis Classic,Outdoor,Hard,1.25,4.0,1
Fucsovics M.,67,249,121,128,26,24,95,104,Moutet C.,80,118,50,68,5,11,45,57,2022-01-12,Adelaide,Adelaide International 2,Outdoor,Hard,1.66,2.2,0
Monteiro T.,121,171,69,102,9,11,60,91,Monfils G.,323,816,510,306,131,65,379,241,2022-01-12,Adelaide,Adelaide International 2,Outdoor,Hard,4.5,1.2,1
Cilic M.,100,853,543,310,119,65,424,245,Munar J.,104,178,75,103,7,12,68,91,2022-01-12,Adelaide,Adelaide International 2,Outdoor,Hard,1.36,3.2,1
Opelka R.,17,168,88,80,17,10,71,70,Thompson J.,71,221,96,125,10,10,86,115,2022-01-12,Sydney,Sydney Tennis Classic,Outdoor,Hard,1.53,2.5,1
Cressy M.,96,96,42,54,10,11,32,43,Lajovic D.,66,378,163,215,21,36,142,179,2022-01-13,Sydney,Sydney Tennis Classic,Outdoor,Hard,1.5,2.62,1
Karatsev A.,75,136,66,70,10,22,56,48,Sonego L.,43,221,107,114,19,17,88,97,2022-01-13,Sydney,Sydney Tennis Classic,Outdoor,Hard,1.8,2.0,1
Opelka R.,17,168,88,80,17,10,71,70,Nakashima B.,70,106,57,49,6,5,51,44,2022-01-13,Sydney,Sydney Tennis Classic,Outdoor,Hard,2.1,1.72,1
Goffin D.,123,522,296,226,66,52,230,174,Murray A.,44,932,687,245,132,47,555,198,2022-01-13,Sydney,Sydney Tennis Classic,Outdoor,Hard,2.2,1.66,0
Cressy M.,96,96,42,54,10,11,32,43,Evans D.,30,251,124,127,18,16,106,111,2022-01-13,Sydney,Sydney Tennis Classic,Outdoor,Hard,2.62,1.5,0
Rinderknech A.,67,96,46,50,16,12,30,38,Khachanov K.,11,378,217,161,44,38,173,123,2022-01-13,Adelaide,Adelaide International 2,Outdoor,Hard,3.0,1.4,1
Kokkinakis T.,86,124,55,69,0,4,55,65,Vukic A.,62,36,15,21,2,1,13,20,2022-01-13,Adelaide,Adelaide International 2,Outdoor,Hard,1.53,2.5,1
Monteiro T.,121,171,69,102,9,11,60,91,Moutet C.,80,118,50,68,5,11,45,57,2022-01-13,Adelaide,Adelaide International 2,Outdoor,Hard,2.75,1.44,0
Cilic M.,100,853,543,310,119,65,424,245,Paul T.,14,204,111,93,19,13,92,80,2022-01-13,Adelaide,Adelaide International 2,Outdoor,Hard,1.72,2.1,1
Kokkinakis T.,86,124,55,69,0,4,55,65,Cilic M.,100,853,543,310,119,65,424,245,2022-01-14,Adelaide,Adelaide International 2,Outdoor,Hard,2.37,1.57,1
Rinderknech A.,67,96,46,50,16,12,30,38,Moutet C.,80,118,50,68,5,11,45,57,2022-01-14,Adelaide,Adelaide International 2,Outdoor,Hard,2.0,1.8,1
Opelka R.,17,168,88,80,17,10,71,70,Murray A.,44,932,687,245,132,47,555,198,2022-01-14,Sydney,Sydney Tennis Classic,Outdoor,Hard,2.0,1.8,0
Karatsev A.,75,136,66,70,10,22,56,48,Evans D.,30,251,124,127,18,16,106,111,2022-01-14,Sydney,Sydney Tennis Classic,Outdoor,Hard,2.2,1.66,1
Kokkinakis T.,86,124,55,69,0,4,55,65,Rinderknech A.,67,96,46,50,16,12,30,38,2022-01-15,Adelaide,Adelaide International 2,Outdoor,Hard,1.8,2.0,1
Karatsev A.,75,136,66,70,10,22,56,48,Murray A.,44,932,687,245,132,47,555,198,2022-01-15,Sydney,Sydney Tennis Classic,Outdoor,Hard,1.8,2.0,1
Hurkacz H.,17,238,137,101,27,24,110,77,Gerasimov E.,150,93,43,50,19,19,24,31,2022-01-17,Melbourne,Australian Open,Outdoor,Hard,1.11,6.5,1
Taberner C.,181,37,13,24,4,6,9,18,Koepfer D.,84,86,38,48,3,3,35,45,2022-01-17,Melbourne,Australian Open,Outdoor,Hard,3.5,1.3,0
Moutet C.,80,118,50,68,5,11,45,57,Pouille L.,675,259,134,125,35,26,99,99,2022-01-17,Melbourne,Australian Open,Outdoor,Hard,1.25,4.0,1
Griekspoor T.,37,97,47,50,7,14,40,36,Fognini F.,128,742,383,359,39,48,344,311,2022-01-17,Melbourne,Australian Open,Outdoor,Hard,2.2,1.66,1
Milojevic N.,136,14,6,8,1,1,5,7,Mcdonald M.,60,190,87,103,11,15,76,88,2022-01-17,Melbourne,Australian Open,Outdoor,Hard,5.0,1.16,0
Caruso S.,146,63,19,44,5,9,14,35,Kecmanovic M.,40,210,107,103,12,16,95,87,2022-01-17,Melbourne,Australian Open,Outdoor,Hard,3.4,1.33,0
Otte O.,233,78,33,45,6,14,27,31,Tseng C.H.,145,9,1,8,0,0,1,8,2022-01-17,Melbourne,Australian Open,Outdoor,Hard,1.28,3.75,1
Kokkinakis T.,86,124,55,69,0,4,55,65,Hanfmann Y.,50,99,50,49,5,4,45,45,2022-01-17,Melbourne,Australian Open,Outdoor,Hard,1.28,3.75,0
Anderson K.,652,598,347,251,48,38,299,213,Opelka R.,17,168,88,80,17,10,71,70,2022-01-17,Melbourne,Australian Open,Outdoor,Hard,3.0,1.4,0
Millman J.,140,256,113,143,21,22,92,121,Lopez F.,634,863,441,422,71,82,370,340,2022-01-17,Melbourne,Australian Open,Outdoor,Hard,1.44,2.75,1
Korda S.,26,126,75,51,15,9,60,42,Norrie C.,13,287,172,115,15,18,157,97,2022-01-17,Melbourne,Australian Open,Outdoor,Hard,2.37,1.57,1
Karatsev A.,75,136,66,70,10,22,56,48,Munar J.,104,178,75,103,7,12,68,91,2022-01-17,Melbourne,Australian Open,Outdoor,Hard,1.16,5.0,1
Kukushkin M.,221,352,141,211,50,49,91,162,Paul T.,14,204,111,93,19,13,92,80,2022-01-17,Melbourne,Australian Open,Outdoor,Hard,4.33,1.22,0
Querrey S.,287,678,369,309,48,39,321,270,Sonego L.,43,221,107,114,19,17,88,97,2022-01-17,Melbourne,Australian Open,Outdoor,Hard,4.5,1.2,0
Nadal R.,2,1223,1017,206,76,40,941,166,Giron M.,69,150,68,82,20,14,48,68,2022-01-17,Melbourne,Australian Open,Outdoor,Hard,1.05,11.0,1
Zverev A.,19,500,346,154,60,31,286,123,Altmaier D.,51,79,28,51,1,5,27,46,2022-01-17,Melbourne,Australian Open,Outdoor,Hard,1.03,15.0,1
Etcheverry T.,34,60,26,34,5,3,21,31,Carreno Busta P.,16,352,214,138,33,25,181,113,2022-01-17,Melbourne,Australian Open,Outdoor,Hard,10.0,1.06,0
Bublik A.,25,219,110,109,39,30,71,79,Escobedo E.,377,57,20,37,2,2,18,35,2022-01-17,Melbourne,Australian Open,Outdoor,Hard,1.72,2.1,1
Shapovalov D.,29,298,166,132,30,27,136,105,Djere L.,38,243,120,123,10,22,110,101,2022-01-17,Melbourne,Australian Open,Outdoor,Hard,1.1,7.0,1
Rune H.,6,131,83,48,28,9,55,39,Kwon S.W.,68,108,53,55,12,6,41,49,2022-01-17,Melbourne,Australian Open,Outdoor,Hard,2.2,1.66,0
Lajovic D.,66,378,163,215,21,36,142,179,Fucsovics M.,67,249,121,128,26,24,95,104,2022-01-17,Melbourne,Australian Open,Outdoor,Hard,3.2,1.36,1
Vukic A.,62,36,15,21,2,1,13,20,Harris L.,186,129,59,70,7,8,52,62,2022-01-17,Melbourne,Australian Open,Outdoor,Hard,3.5,1.3,1
Martinez P.,135,118,50,68,7,6,43,62,Delbonis F.,131,340,152,188,19,23,133,165,2022-01-17,Melbourne,Australian Open,Outdoor,Hard,1.3,3.5,1
Bonzi B.,107,83,37,46,10,13,27,33,Gojowczyk P.,108,172,75,97,17,18,58,79,2022-01-17,Melbourne,Australian Open,Outdoor,Hard,1.36,3.2,1
Bagnis F.,135,121,39,82,9,8,30,74,Garin C.,101,190,103,87,15,13,88,74,2022-01-17,Melbourne,Australian Open,Outdoor,Hard,2.62,1.5,0
Tabilo A.,122,44,21,23,5,4,16,19,Alcaraz C.,1,164,130,34,10,5,120,29,2022-01-17,Melbourne,Australian Open,Outdoor,Hard,5.0,1.16,0
Vesely J.,528,288,130,158,6,19,124,139,Kozlov S.,108,35,9,26,0,2,9,24,2022-01-17,Melbourne,Australian Open,Outdoor,Hard,1.5,2.62,0
Monfils G.,323,816,510,306,131,65,379,241,Coria F.,108,99,43,56,2,6,41,50,2022-01-17,Melbourne,Australian Open,Outdoor,Hard,1.04,13.0,1
Berrettini M.,38,217,142,75,14,11,128,64,Nakashima B.,70,106,57,49,6,5,51,44,2022-01-17,Melbourne,Australian Open,Outdoor,Hard,1.3,3.5,1
Kudla D.,137,198,70,128,5,14,65,114,Khachanov K.,11,378,217,161,44,38,173,123,2022-01-17,Melbourne,Australian Open,Outdoor,Hard,6.0,1.12,0
Duckworth J.,123,143,55,88,10,9,45,79,Mannarino A.,27,567,264,303,60,73,204,230,2022-01-17,Melbourne,Australian Open,Outdoor,Hard,1.57,2.37,0
Nishioka Y.,31,215,99,116,15,15,84,101,Albot R.,97,215,86,129,26,26,60,103,2022-01-17,Melbourne,Australian Open,Outdoor,Hard,1.8,2.0,0
Evans D.,30,251,124,127,18,16,106,111,Goffin D.,123,522,296,226,66,52,230,174,2022-01-18,Melbourne,Australian Open,Outdoor,Hard,1.2,4.5,1
Cerundolo J.M.,106,29,12,17,2,3,10,14,Machac T.,108,18,6,12,1,1,5,11,2022-01-18,Melbourne,Australian Open,Outdoor,Hard,5.0,1.16,0
Barrios M.,121,10,3,7,0,0,3,7,Daniel T.,111,178,67,111,3,10,64,101,2022-01-18,Melbourne,Australian Open,Outdoor,Hard,3.2,1.36,0
Safiullin R.,92,42,20,22,7,7,13,15,Molcan A.,120,86,45,41,1,6,44,35,2022-01-18,Melbourne,Australian Open,Outdoor,Hard,2.3,1.61,0
Andujar P.,323,404,164,240,12,30,152,210,Dzumhur D.,202,234,107,127,31,29,76,98,2022-01-18,Melbourne,Australian Open,Outdoor,Hard,2.2,1.66,1
Fritz T.,9,356,205,151,26,22,179,129,Marterer M.,144,91,31,60,2,8,29,52,2022-01-18,Melbourne,Australian Open,Outdoor,Hard,1.12,6.0,1
Ymer M.,59,130,58,72,18,23,40,49,Tsitsipas S.,5,390,264,126,49,32,215,94,2022-01-18,Melbourne,Australian Open,Outdoor,Hard,4.5,1.2,0
Ramos-Vinolas A.,82,437,204,233,17,31,187,202,Baez S.,72,95,47,48,6,6,41,42,2022-01-18,Melbourne,Australian Open,Outdoor,Hard,2.62,1.5,0
Trungelliti M.,240,33,13,20,2,2,11,18,Tiafoe F.,10,303,158,145,24,23,134,122,2022-01-18,Melbourne,Australian Open,Outdoor,Hard,6.5,1.11,0
Popyrin A.,90,140,59,81,9,13,50,68,Rinderknech A.,67,96,46,50,16,12,30,38,2022-01-18,Melbourne,Australian Open,Outdoor,Hard,2.1,1.72,0
Seppi A.,141,758,363,395,74,85,289,310,Majchrzak K.,121,50,19,31,3,4,16,27,2022-01-18,Melbourne,Australian Open,Outdoor,Hard,2.3,1.61,0
De Minaur A.,19,272,161,111,30,19,131,92,Musetti L.,18,143,79,64,12,12,67,52,2022-01-18,Melbourne,Australian Open,Outdoor,Hard,1.14,5.5,1
Broady L.,125,47,18,29,5,3,13,26,Kyrgios N.,25,303,195,108,11,7,184,101,2022-01-18,Melbourne,Australian Open,Outdoor,Hard,2.62,1.5,0
Auger-Aliassime F.,12,268,163,105,48,22,115,83,Ruusuvuori E.,55,158,79,79,16,18,63,61,2022-01-18,Melbourne,Australian Open,Outdoor,Hard,1.33,3.4,1
Davidovich Fokina A.,39,168,84,84,17,20,67,64,Bolt A.,345,40,13,27,0,0,13,27,2022-01-18,Melbourne,Australian Open,Outdoor,Hard,1.28,3.75,1
Murray A.,44,932,687,245,132,47,555,198,Basilashvili N.,118,301,138,163,26,34,112,129,2022-01-18,Melbourne,Australian Open,Outdoor,Hard,1.53,2.5,1
Thompson J.,71,221,96,125,10,10,86,115,Johnson S.,197,395,196,199,16,23,180,176,2022-01-18,Melbourne,Australian Open,Outdoor,Hard,1.8,2.0,0
Isner J.,114,755,465,290,53,45,412,245,Cressy M.,96,96,42,54,10,11,32,43,2022-01-18,Melbourne,Australian Open,Outdoor,Hard,2.0,1.8,0
Krajinovic F.,93,240,115,125,38,34,77,91,Schwartzman D.,95,428,233,195,32,27,201,168,2022-01-18,Melbourne,Australian Open,Outdoor,Hard,4.0,1.25,0
Struff J.L.,21,369,170,199,43,42,127,157,Van De Zandschulp B.,44,117,63,54,11,11,52,43,2022-01-18,Melbourne,Australian Open,Outdoor,Hard,2.62,1.5,0
Laaksonen H.,125,101,37,64,7,16,30,48,Medvedev D.,3,406,289,117,69,27,220,90,2022-01-18,Melbourne,Australian Open,Outdoor,Hard,21.0,1.01,0
Gaston H.,109,58,24,34,5,9,19,25,O Connell C.,74,65,26,39,0,0,26,39,2022-01-18,Melbourne,Australian Open,Outdoor,Hard,2.0,1.8,0
Skatov T.,147,5,1,4,1,2,0,2,Gombos N.,114,66,21,45,6,14,15,31,2022-01-18,Melbourne,Australian Open,Outdoor,Hard,2.1,1.72,0
Cilic M.,100,853,543,310,119,65,424,245,Gomez E.,155,26,7,19,2,2,5,17,2022-01-18,Melbourne,Australian Open,Outdoor,Hard,1.08,8.0,1
Gasquet R.,48,948,581,367,133,82,448,285,Humbert U.,36,170,80,90,23,21,57,69,2022-01-18,Melbourne,Australian Open,Outdoor,Hard,4.5,1.2,1
Travaglia S.,1024,81,27,54,5,12,22,42,Bautista Agut R.,25,379,234,145,31,29,203,116,2022-01-18,Melbourne,Australian Open,Outdoor,Hard,9.0,1.07,0
Carballes Baena R.,64,207,91,116,11,10,80,106,Berankis R.,212,249,104,145,36,31,68,114,2022-01-18,Melbourne,Australian Open,Outdoor,Hard,2.75,1.44,0
Rublev A.,7,392,255,137,57,34,198,103,Mager G.,67,59,24,35,3,7,21,28,2022-01-18,Melbourne,Australian Open,Outdoor,Hard,1.04,13.0,1
Lehecka J.,33,61,30,31,4,4,26,27,Dimitrov G.,20,651,389,262,79,50,310,212,2022-01-18,Melbourne,Australian Open,Outdoor,Hard,5.0,1.16,0
Sinner J.,8,224,153,71,42,19,111,52,Sousa J.,147,436,189,247,42,44,147,203,2022-01-18,Melbourne,Australian Open,Outdoor,Hard,1.04,13.0,1
Paire B.,149,527,237,290,39,56,198,234,Monteiro T.,121,171,69,102,9,11,60,91,2022-01-18,Melbourne,Australian Open,Outdoor,Hard,3.2,1.36,1
Cecchinato M.,108,204,79,125,2,14,77,111,Kohlschreiber P.,132,812,446,366,76,73,370,293,2022-01-18,Melbourne,Australian Open,Outdoor,Hard,2.62,1.5,0
Martinez P.,135,118,50,68,7,6,43,62,Garin C.,101,190,103,87,15,13,88,74,2022-01-19,Melbourne,Australian Open,Outdoor,Hard,1.9,1.9,0
Bublik A.,25,219,110,109,39,30,71,79,Monfils G.,323,816,510,306,131,65,379,241,2022-01-19,Melbourne,Australian Open,Outdoor,Hard,4.5,1.2,0
Zverev A.,19,500,346,154,60,31,286,123,Millman J.,140,256,113,143,21,22,92,121,2022-01-19,Melbourne,Australian Open,Outdoor,Hard,1.05,11.0,1
Mcdonald M.,60,190,87,103,11,15,76,88,Karatsev A.,75,136,66,70,10,22,56,48,2022-01-19,Melbourne,Australian Open,Outdoor,Hard,2.75,1.44,0
Khachanov K.,11,378,217,161,44,38,173,123,Bonzi B.,107,83,37,46,10,13,27,33,2022-01-19,Melbourne,Australian Open,Outdoor,Hard,1.28,3.75,1
Mannarino A.,27,567,264,303,60,73,204,230,Hurkacz H.,17,238,137,101,27,24,110,77,2022-01-19,Melbourne,Australian Open,Outdoor,Hard,5.5,1.14,1
Vukic A.,62,36,15,21,2,1,13,20,Albot R.,97,215,86,129,26,26,60,103,2022-01-19,Melbourne,Australian Open,Outdoor,Hard,1.53,2.5,0
Kozlov S.,108,35,9,26,0,2,9,24,Berrettini M.,38,217,142,75,14,11,128,64,2022-01-19,Melbourne,Australian Open,Outdoor,Hard,10.0,1.06,0
Hanfmann Y.,50,99,50,49,5,4,45,45,Nadal R.,2,1223,1017,206,76,40,941,166,2022-01-19,Melbourne,Australian Open,Outdoor,Hard,15.0,1.03,0
Kwon S.W.,68,108,53,55,12,6,41,49,Shapovalov D.,29,298,166,132,30,27,136,105,2022-01-19,Melbourne,Australian Open,Outdoor,Hard,4.0,1.25,0
Moutet C.,80,118,50,68,5,11,45,57,Korda S.,26,126,75,51,15,9,60,42,2022-01-19,Melbourne,Australian Open,Outdoor,Hard,3.4,1.33,0
Koepfer D.,84,86,38,48,3,3,35,45,Opelka R.,17,168,88,80,17,10,71,70,2022-01-19,Melbourne,Australian Open,Outdoor,Hard,3.5,1.3,0
Griekspoor T.,37,97,47,50,7,14,40,36,Carreno Busta P.,16,352,214,138,33,25,181,113,2022-01-19,Melbourne,Australian Open,Outdoor,Hard,3.0,1.4,0
Paul T.,14,204,111,93,19,13,92,80,Kecmanovic M.,40,210,107,103,12,16,95,87,2022-01-19,Melbourne,Australian Open,Outdoor,Hard,1.4,3.0,0
Sonego L.,43,221,107,114,19,17,88,97,Otte O.,233,78,33,45,6,14,27,31,2022-01-19,Melbourne,Australian Open,Outdoor,Hard,1.44,2.75,1
Lajovic D.,66,378,163,215,21,36,142,179,Alcaraz C.,1,164,130,34,10,5,120,29,2022-01-19,Melbourne,Australian Open,Outdoor,Hard,6.0,1.12,0
Majchrzak K.,121,50,19,31,3,4,16,27,De Minaur A.,19,272,161,111,30,19,131,92,2022-01-20,Melbourne,Australian Open,Outdoor,Hard,4.33,1.22,0
Johnson S.,197,395,196,199,16,23,180,176,Sinner J.,8,224,153,71,42,19,111,52,2022-01-20,Melbourne,Australian Open,Outdoor,Hard,9.0,1.07,0
Kyrgios N.,25,303,195,108,11,7,184,101,Medvedev D.,3,406,289,117,69,27,220,90,2022-01-20,Melbourne,Australian Open,Outdoor,Hard,5.0,1.16,0
Van De Zandschulp B.,44,117,63,54,11,11,52,43,Gasquet R.,48,948,581,367,133,82,448,285,2022-01-20,Melbourne,Australian Open,Outdoor,Hard,1.25,4.0,1
Murray A.,44,932,687,245,132,47,555,198,Daniel T.,111,178,67,111,3,10,64,101,2022-01-20,Melbourne,Australian Open,Outdoor,Hard,1.28,3.75,0
Dimitrov G.,20,651,389,262,79,50,310,212,Paire B.,149,527,237,290,39,56,198,234,2022-01-20,Melbourne,Australian Open,Outdoor,Hard,1.16,5.0,0
Tsitsipas S.,5,390,264,126,49,32,215,94,Baez S.,72,95,47,48,6,6,41,42,2022-01-20,Melbourne,Australian Open,Outdoor,Hard,1.06,10.0,1
Auger-Aliassime F.,12,268,163,105,48,22,115,83,Davidovich Fokina A.,39,168,84,84,17,20,67,64,2022-01-20,Melbourne,Australian Open,Outdoor,Hard,1.22,4.33,1
Andujar P.,323,404,164,240,12,30,152,210,Molcan A.,120,86,45,41,1,6,44,35,2022-01-20,Melbourne,Australian Open,Outdoor,Hard,2.5,1.53,1
Fritz T.,9,356,205,151,26,22,179,129,Tiafoe F.,10,303,158,145,24,23,134,122,2022-01-20,Melbourne,Australian Open,Outdoor,Hard,1.4,3.0,1
Rinderknech A.,67,96,46,50,16,12,30,38,Evans D.,30,251,124,127,18,16,106,111,2022-01-20,Melbourne,Australian Open,Outdoor,Hard,3.2,1.36,0
Berankis R.,212,249,104,145,36,31,68,114,Rublev A.,7,392,255,137,57,34,198,103,2022-01-20,Melbourne,Australian Open,Outdoor,Hard,10.0,1.06,0
Machac T.,108,18,6,12,1,1,5,11,Cressy M.,96,96,42,54,10,11,32,43,2022-01-20,Melbourne,Australian Open,Outdoor,Hard,2.3,1.61,0
Schwartzman D.,95,428,233,195,32,27,201,168,O Connell C.,74,65,26,39,0,0,26,39,2022-01-20,Melbourne,Australian Open,Outdoor,Hard,1.16,5.0,0
Cilic M.,100,853,543,310,119,65,424,245,Gombos N.,114,66,21,45,6,14,15,31,2022-01-20,Melbourne,Australian Open,Outdoor,Hard,1.12,6.0,1
Bautista Agut R.,25,379,234,145,31,29,203,116,Kohlschreiber P.,132,812,446,366,76,73,370,293,2022-01-20,Melbourne,Australian Open,Outdoor,Hard,1.14,5.5,1
Mannarino A.,27,567,264,303,60,73,204,230,Karatsev A.,75,136,66,70,10,22,56,48,2022-01-21,Melbourne,Australian Open,Outdoor,Hard,4.0,1.25,1
Khachanov K.,11,378,217,161,44,38,173,123,Nadal R.,2,1223,1017,206,76,40,941,166,2022-01-21,Melbourne,Australian Open,Outdoor,Hard,4.5,1.2,0
Korda S.,26,126,75,51,15,9,60,42,Carreno Busta P.,16,352,214,138,33,25,181,113,2022-01-21,Melbourne,Australian Open,Outdoor,Hard,2.2,1.66,0
Albot R.,97,215,86,129,26,26,60,103,Zverev A.,19,500,346,154,60,31,286,123,2022-01-21,Melbourne,Australian Open,Outdoor,Hard,17.0,1.02,0
Berrettini M.,38,217,142,75,14,11,128,64,Alcaraz C.,1,164,130,34,10,5,120,29,2022-01-21,Melbourne,Australian Open,Outdoor,Hard,2.2,1.66,1
Garin C.,101,190,103,87,15,13,88,74,Monfils G.,323,816,510,306,131,65,379,241,2022-01-21,Melbourne,Australian Open,Outdoor,Hard,8.0,1.08,0
Kecmanovic M.,40,210,107,103,12,16,95,87,Sonego L.,43,221,107,114,19,17,88,97,2022-01-21,Melbourne,Australian Open,Outdoor,Hard,2.62,1.5,1
Opelka R.,17,168,88,80,17,10,71,70,Shapovalov D.,29,298,166,132,30,27,136,105,2022-01-21,Melbourne,Australian Open,Outdoor,Hard,2.0,1.8,0
Daniel T.,111,178,67,111,3,10,64,101,Sinner J.,8,224,153,71,42,19,111,52,2022-01-22,Melbourne,Australian Open,Outdoor,Hard,8.0,1.08,0
De Minaur A.,19,272,161,111,30,19,131,92,Andujar P.,323,404,164,240,12,30,152,210,2022-01-22,Melbourne,Australian Open,Outdoor,Hard,1.06,10.0,1
Evans D.,30,251,124,127,18,16,106,111,Auger-Aliassime F.,12,268,163,105,48,22,115,83,2022-01-22,Melbourne,Australian Open,Outdoor,Hard,2.0,1.8,0
Rublev A.,7,392,255,137,57,34,198,103,Cilic M.,100,853,543,310,119,65,424,245,2022-01-22,Melbourne,Australian Open,Outdoor,Hard,1.3,3.5,0
Cressy M.,96,96,42,54,10,11,32,43,O Connell C.,74,65,26,39,0,0,26,39,2022-01-22,Melbourne,Australian Open,Outdoor,Hard,1.53,2.5,1
Paire B.,149,527,237,290,39,56,198,234,Tsitsipas S.,5,390,264,126,49,32,215,94,2022-01-22,Melbourne,Australian Open,Outdoor,Hard,6.5,1.11,0
Fritz T.,9,356,205,151,26,22,179,129,Bautista Agut R.,25,379,234,145,31,29,203,116,2022-01-22,Melbourne,Australian Open,Outdoor,Hard,2.1,1.72,1
Van De Zandschulp B.,44,117,63,54,11,11,52,43,Medvedev D.,3,406,289,117,69,27,220,90,2022-01-22,Melbourne,Australian Open,Outdoor,Hard,15.0,1.03,0
Mannarino A.,27,567,264,303,60,73,204,230,Nadal R.,2,1223,1017,206,76,40,941,166,2022-01-23,Melbourne,Australian Open,Outdoor,Hard,13.0,1.04,0
Zverev A.,19,500,346,154,60,31,286,123,Shapovalov D.,29,298,166,132,30,27,136,105,2022-01-23,Melbourne,Australian Open,Outdoor,Hard,1.22,4.33,0
Kecmanovic M.,40,210,107,103,12,16,95,87,Monfils G.,323,816,510,306,131,65,379,241,2022-01-23,Melbourne,Australian Open,Outdoor,Hard,4.0,1.25,0
Carreno Busta P.,16,352,214,138,33,25,181,113,Berrettini M.,38,217,142,75,14,11,128,64,2022-01-23,Melbourne,Australian Open,Outdoor,Hard,2.75,1.44,0
De Minaur A.,19,272,161,111,30,19,131,92,Sinner J.,8,224,153,71,42,19,111,52,2022-01-24,Melbourne,Australian Open,Outdoor,Hard,3.0,1.4,0
Fritz T.,9,356,205,151,26,22,179,129,Tsitsipas S.,5,390,264,126,49,32,215,94,2022-01-24,Melbourne,Australian Open,Outdoor,Hard,2.37,1.57,0
Cilic M.,100,853,543,310,119,65,424,245,Auger-Aliassime F.,12,268,163,105,48,22,115,83,2022-01-24,Melbourne,Australian Open,Outdoor,Hard,2.3,1.61,0
Cressy M.,96,96,42,54,10,11,32,43,Medvedev D.,3,406,289,117,69,27,220,90,2022-01-24,Melbourne,Australian Open,Outdoor,Hard,15.0,1.03,0
Nadal R.,2,1223,1017,206,76,40,941,166,Shapovalov D.,29,298,166,132,30,27,136,105,2022-01-25,Melbourne,Australian Open,Outdoor,Hard,1.33,2.62,1
Monfils G.,323,816,510,306,131,65,379,241,Berrettini M.,38,217,142,75,14,11,128,64,2022-01-25,Melbourne,Australian Open,Outdoor,Hard,2.37,1.57,0
Tsitsipas S.,5,390,264,126,49,32,215,94,Sinner J.,8,224,153,71,42,19,111,52,2022-01-26,Melbourne,Australian Open,Outdoor,Hard,2.2,1.66,1
Auger-Aliassime F.,12,268,163,105,48,22,115,83,Medvedev D.,3,406,289,117,69,27,220,90,2022-01-26,Melbourne,Australian Open,Outdoor,Hard,6.0,1.12,0
Nadal R.,2,1223,1017,206,76,40,941,166,Berrettini M.,38,217,142,75,14,11,128,64,2022-01-28,Melbourne,Australian Open,Outdoor,Hard,1.4,3.0,1
Tsitsipas S.,5,390,264,126,49,32,215,94,Medvedev D.,3,406,289,117,69,27,220,90,2022-01-28,Melbourne,Australian Open,Outdoor,Hard,3.2,1.36,0
Medvedev D.,3,406,289,117,69,27,220,90,Nadal R.,2,1223,1017,206,76,40,941,166,2022-01-30,Melbourne,Australian Open,Outdoor,Hard,1.53,2.62,0
Bhambri Y.,862,40,14,26,2,5,12,21,Kovalik J.,172,68,24,44,5,8,19,36,2022-01-31,Pune,Maharashtra Open,Outdoor,Hard,1.5,2.62,1
Albot R.,97,215,86,129,26,26,60,103,Gaio F.,174,18,3,15,0,1,3,14,2022-01-31,Pune,Maharashtra Open,Outdoor,Hard,1.22,4.33,1
Berankis R.,212,249,104,145,36,31,68,114,Halys Q.,79,72,23,49,3,10,20,39,2022-01-31,Pune,Maharashtra Open,Outdoor,Hard,1.61,2.3,0
Altmaier D.,51,79,28,51,1,5,27,46,Gunneswaran P.,228,28,7,21,0,0,7,21,2022-01-31,Pune,Maharashtra Open,Outdoor,Hard,1.36,3.2,1
Griekspoor T.,37,97,47,50,7,14,40,36,Bublik A.,25,219,110,109,39,30,71,79,2022-01-31,Montpellier,Open Sud de France,Indoor,Hard,1.66,2.2,0
Monteiro T.,121,171,69,102,9,11,60,91,Martinez P.,135,118,50,68,7,6,43,62,2022-01-31,Cordoba,Cordoba Open,Outdoor,Clay,2.37,1.57,0
Bagnis F.,135,121,39,82,9,8,30,74,Varillas J.P.,77,22,10,12,1,3,9,9,2022-01-31,Cordoba,Cordoba Open,Outdoor,Clay,2.0,1.8,0
Bonzi B.,107,83,37,46,10,13,27,33,Goffin D.,123,522,296,226,66,52,230,174,2022-01-31,Montpellier,Open Sud de France,Indoor,Hard,2.0,1.8,0
Ymer E.,186,81,24,57,3,11,21,46,Moroni G.M.,181,2,0,2,0,0,0,2,2022-02-01,Pune,Maharashtra Open,Outdoor,Hard,1.5,2.62,1
Gerasimov E.,150,93,43,50,19,19,24,31,Ruusuvuori E.,55,158,79,79,16,18,63,61,2022-02-01,Pune,Maharashtra Open,Outdoor,Hard,2.75,1.44,0
Kopriva V.,159,9,5,4,0,0,5,4,Ilkel C.,382,17,1,16,0,4,1,12,2022-02-01,Pune,Maharashtra Open,Outdoor,Hard,1.66,2.2,1
Travaglia S.,1024,81,27,54,5,12,22,42,Ramanathan R.,435,40,14,26,0,4,14,22,2022-02-01,Pune,Maharashtra Open,Outdoor,Hard,1.61,2.3,1
Vukic A.,62,36,15,21,2,1,13,20,Grenier H.,122,16,5,11,1,2,4,9,2022-02-01,Pune,Maharashtra Open,Outdoor,Hard,1.4,3.0,1
Novak D.,166,58,15,43,6,16,9,27,Zapata Miralles B.,54,80,32,48,1,6,31,42,2022-02-01,Pune,Maharashtra Open,Outdoor,Hard,1.53,2.5,0
Moutet C.,80,118,50,68,5,11,45,57,Ymer M.,59,130,58,72,18,23,40,49,2022-02-01,Montpellier,Open Sud de France,Indoor,Hard,1.61,2.3,0
Gaston H.,109,58,24,34,5,9,19,25,Kwon S.W.,68,108,53,55,12,6,41,49,2022-02-01,Montpellier,Open Sud de France,Indoor,Hard,2.37,1.57,0
Pouille L.,675,259,134,125,35,26,99,99,Simon G.,188,869,491,378,135,94,356,284,2022-02-01,Montpellier,Open Sud de France,Indoor,Hard,2.1,1.72,0
Molcan A.,120,86,45,41,1,6,44,35,Dzumhur D.,202,234,107,127,31,29,76,98,2022-02-01,Montpellier,Open Sud de France,Indoor,Hard,1.4,3.0,0
Zuk K.,172,3,0,3,0,2,0,1,Tsonga J.W.,297,672,444,228,139,62,305,166,2022-02-01,Montpellier,Open Sud de France,Indoor,Hard,1.72,2.1,0
Gojowczyk P.,108,172,75,97,17,18,58,79,Herbert P.H.,157,202,89,113,31,38,58,75,2022-02-01,Montpellier,Open Sud de France,Indoor,Hard,2.5,1.53,0
Krajinovic F.,93,240,115,125,38,34,77,91,Popyrin A.,90,140,59,81,9,13,50,68,2022-02-01,Montpellier,Open Sud de France,Indoor,Hard,1.8,2.0,1
Majchrzak K.,121,50,19,31,3,4,16,27,Clarke J.,156,13,2,11,0,0,2,11,2022-02-01,Pune,Maharashtra Open,Outdoor,Hard,1.5,2.62,1
Kadhe A.,778,4,0,4,0,0,0,4,Sousa J.,147,436,189,247,42,44,147,203,2022-02-01,Pune,Maharashtra Open,Outdoor,Hard,11.0,1.05,0
Taberner C.,181,37,13,24,4,6,9,18,Delbonis F.,131,340,152,188,19,23,133,165,2022-02-01,Cordoba,Cordoba Open,Outdoor,Clay,2.62,1.5,1
Londero J.I.,142,83,34,49,3,5,31,44,Hanfmann Y.,50,99,50,49,5,4,45,45,2022-02-01,Cordoba,Cordoba Open,Outdoor,Clay,2.2,1.66,1
Verdasco F.,244,962,537,425,79,79,458,346,Baez S.,72,95,47,48,6,6,41,42,2022-02-01,Cordoba,Cordoba Open,Outdoor,Clay,4.33,1.22,0
Tabilo A.,122,44,21,23,5,4,16,19,Cerundolo F.,21,104,58,46,3,7,55,39,2022-02-01,Cordoba,Cordoba Open,Outdoor,Clay,2.0,1.8,1
Dellien H.,164,70,22,48,5,5,17,43,Galan D.E.,76,78,33,45,3,5,30,40,2022-02-01,Cordoba,Cordoba Open,Outdoor,Clay,2.0,1.8,0
Coria F.,108,99,43,56,2,6,41,50,Ficovich J.P.,230,3,1,2,0,0,1,2,2022-02-01,Cordoba,Cordoba Open,Outdoor,Clay,1.53,2.5,0
Martin A.,723,258,107,151,6,13,101,138,Ramos-Vinolas A.,82,437,204,233,17,31,187,202,2022-02-01,Cordoba,Cordoba Open,Outdoor,Clay,3.75,1.28,0
Munar J.,104,178,75,103,7,12,68,91,Paire B.,149,527,237,290,39,56,198,234,2022-02-01,Cordoba,Cordoba Open,Outdoor,Clay,1.5,2.62,1
Carballes Baena R.,64,207,91,116,11,10,80,106,Rune H.,6,131,83,48,28,9,55,39,2022-02-01,Cordoba,Cordoba Open,Outdoor,Clay,2.3,1.61,1
Etcheverry T.,34,60,26,34,5,3,21,31,Jarry N.,28,141,73,68,9,6,64,62,2022-02-01,Cordoba,Cordoba Open,Outdoor,Clay,2.1,1.72,1
Simon G.,188,869,491,378,135,94,356,284,Bautista Agut R.,25,379,234,145,31,29,203,116,2022-02-02,Montpellier,Open Sud de France,Indoor,Hard,5.5,1.14,0
Tsonga J.W.,297,672,444,228,139,62,305,166,Krajinovic F.,93,240,115,125,38,34,77,91,2022-02-02,Montpellier,Open Sud de France,Indoor,Hard,3.0,1.4,0
Herbert P.H.,157,202,89,113,31,38,58,75,Bublik A.,25,219,110,109,39,30,71,79,2022-02-02,Montpellier,Open Sud de France,Indoor,Hard,2.62,1.5,0
Mannarino A.,27,567,264,303,60,73,204,230,Davidovich Fokina A.,39,168,84,84,17,20,67,64,2022-02-02,Montpellier,Open Sud de France,Indoor,Hard,2.0,1.8,1
Mcdonald M.,60,190,87,103,11,15,76,88,Ivashka I.,113,159,78,81,19,18,59,63,2022-02-02,Montpellier,Open Sud de France,Indoor,Hard,1.66,2.2,1
Munar J.,104,178,75,103,7,12,68,91,Galan D.E.,76,78,33,45,3,5,30,40,2022-02-02,Cordoba,Cordoba Open,Outdoor,Clay,1.61,2.3,0
Ficovich J.P.,230,3,1,2,0,0,1,2,Schwartzman D.,95,428,233,195,32,27,201,168,2022-02-02,Cordoba,Cordoba Open,Outdoor,Clay,5.5,1.14,0
Etcheverry T.,34,60,26,34,5,3,21,31,Milojevic N.,136,14,6,8,1,1,5,7,2022-02-02,Cordoba,Cordoba Open,Outdoor,Clay,1.5,2.62,0
Majchrzak K.,121,50,19,31,3,4,16,27,Halys Q.,79,72,23,49,3,10,20,39,2022-02-02,Pune,Maharashtra Open,Outdoor,Hard,1.61,2.3,1
Albot R.,97,215,86,129,26,26,60,103,Altmaier D.,51,79,28,51,1,5,27,46,2022-02-02,Pune,Maharashtra Open,Outdoor,Hard,1.8,2.0,0
Mager G.,67,59,24,35,3,7,21,28,Sousa J.,147,436,189,247,42,44,147,203,2022-02-02,Pune,Maharashtra Open,Outdoor,Hard,1.61,2.3,0
Vukic A.,62,36,15,21,2,1,13,20,Musetti L.,18,143,79,64,12,12,67,52,2022-02-02,Pune,Maharashtra Open,Outdoor,Hard,1.57,2.37,0
Gasquet R.,48,948,581,367,133,82,448,285,Humbert U.,36,170,80,90,23,21,57,69,2022-02-02,Montpellier,Open Sud de France,Indoor,Hard,2.75,1.44,1
Martinez P.,135,118,50,68,7,6,43,62,Londero J.I.,142,83,34,49,3,5,31,44,2022-02-02,Cordoba,Cordoba Open,Outdoor,Clay,1.5,2.62,0
Zapata Miralles B.,54,80,32,48,1,6,31,42,Vesely J.,528,288,130,158,6,19,124,139,2022-02-03,Pune,Maharashtra Open,Outdoor,Hard,2.62,1.5,0
Ruusuvuori E.,55,158,79,79,16,18,63,61,Kopriva V.,159,9,5,4,0,0,5,4,2022-02-03,Pune,Maharashtra Open,Outdoor,Hard,1.2,4.5,1
Travaglia S.,1024,81,27,54,5,12,22,42,Bhambri Y.,862,40,14,26,2,5,12,21,2022-02-03,Pune,Maharashtra Open,Outdoor,Hard,1.4,3.0,1
Dzumhur D.,202,234,107,127,31,29,76,98,Basilashvili N.,118,301,138,163,26,34,112,129,2022-02-03,Montpellier,Open Sud de France,Indoor,Hard,2.37,1.57,1
Karatsev A.,75,136,66,70,10,22,56,48,Ymer E.,186,81,24,57,3,11,21,46,2022-02-03,Pune,Maharashtra Open,Outdoor,Hard,1.28,3.75,0
Ymer M.,59,130,58,72,18,23,40,49,Monfils G.,323,816,510,306,131,65,379,241,2022-02-03,Montpellier,Open Sud de France,Indoor,Hard,4.0,1.25,1
Zverev A.,19,500,346,154,60,31,286,123,Mcdonald M.,60,190,87,103,11,15,76,88,2022-02-03,Montpellier,Open Sud de France,Indoor,Hard,1.16,5.0,1
Baez S.,72,95,47,48,6,6,41,42,Garin C.,101,190,103,87,15,13,88,74,2022-02-03,Cordoba,Cordoba Open,Outdoor,Clay,2.0,1.8,1
Gasquet R.,48,948,581,367,133,82,448,285,Kwon S.W.,68,108,53,55,12,6,41,49,2022-02-03,Montpellier,Open Sud de France,Indoor,Hard,2.75,1.44,1
Mannarino A.,27,567,264,303,60,73,204,230,Goffin D.,123,522,296,226,66,52,230,174,2022-02-03,Montpellier,Open Sud de France,Indoor,Hard,1.61,2.3,1
Varillas J.P.,77,22,10,12,1,3,9,9,Ramos-Vinolas A.,82,437,204,233,17,31,187,202,2022-02-03,Cordoba,Cordoba Open,Outdoor,Clay,2.3,1.61,0
Sonego L.,43,221,107,114,19,17,88,97,Carballes Baena R.,64,207,91,116,11,10,80,106,2022-02-03,Cordoba,Cordoba Open,Outdoor,Clay,1.57,2.37,1
Galan D.E.,76,78,33,45,3,5,30,40,Schwartzman D.,95,428,233,195,32,27,201,168,2022-02-04,Cordoba,Cordoba Open,Outdoor,Clay,4.5,1.2,0
Milojevic N.,136,14,6,8,1,1,5,7,Londero J.I.,142,83,34,49,3,5,31,44,2022-02-04,Cordoba,Cordoba Open,Outdoor,Clay,3.2,1.36,0
Ramos-Vinolas A.,82,437,204,233,17,31,187,202,Sonego L.,43,221,107,114,19,17,88,97,2022-02-04,Cordoba,Cordoba Open,Outdoor,Clay,2.3,1.61,1
Taberner C.,181,37,13,24,4,6,9,18,Tabilo A.,122,44,21,23,5,4,16,19,2022-02-04,Cordoba,Cordoba Open,Outdoor,Clay,2.1,1.72,0
Majchrzak K.,121,50,19,31,3,4,16,27,Musetti L.,18,143,79,64,12,12,67,52,2022-02-04,Pune,Maharashtra Open,Outdoor,Hard,1.61,2.3,1
Zverev A.,19,500,346,154,60,31,286,123,Mannarino A.,27,567,264,303,60,73,204,230,2022-02-04,Montpellier,Open Sud de France,Indoor,Hard,1.2,4.5,1
Ruusuvuori E.,55,158,79,79,16,18,63,61,Vesely J.,528,288,130,158,6,19,124,139,2022-02-04,Pune,Maharashtra Open,Outdoor,Hard,1.4,3.0,1
Dzumhur D.,202,234,107,127,31,29,76,98,Krajinovic F.,93,240,115,125,38,34,77,91,2022-02-04,Montpellier,Open Sud de France,Indoor,Hard,3.0,1.4,0
Sousa J.,147,436,189,247,42,44,147,203,Altmaier D.,51,79,28,51,1,5,27,46,2022-02-04,Pune,Maharashtra Open,Outdoor,Hard,2.62,1.5,1
Travaglia S.,1024,81,27,54,5,12,22,42,Ymer E.,186,81,24,57,3,11,21,46,2022-02-04,Pune,Maharashtra Open,Outdoor,Hard,2.0,1.8,0
Ymer M.,59,130,58,72,18,23,40,49,Gasquet R.,48,948,581,367,133,82,448,285,2022-02-04,Montpellier,Open Sud de France,Indoor,Hard,1.66,2.2,1
Bautista Agut R.,25,379,234,145,31,29,203,116,Bublik A.,25,219,110,109,39,30,71,79,2022-02-04,Montpellier,Open Sud de France,Indoor,Hard,1.44,2.75,0
Majchrzak K.,121,50,19,31,3,4,16,27,Ruusuvuori E.,55,158,79,79,16,18,63,61,2022-02-05,Pune,Maharashtra Open,Outdoor,Hard,3.2,1.36,0
Sousa J.,147,436,189,247,42,44,147,203,Ymer E.,186,81,24,57,3,11,21,46,2022-02-05,Pune,Maharashtra Open,Outdoor,Hard,2.0,1.8,1
Tabilo A.,122,44,21,23,5,4,16,19,Baez S.,72,95,47,48,6,6,41,42,2022-02-05,Cordoba,Cordoba Open,Outdoor,Clay,2.75,1.44,1
Schwartzman D.,95,428,233,195,32,27,201,168,Tabilo A.,122,44,21,23,5,4,16,19,2022-02-05,Cordoba,Cordoba Open,Outdoor,Clay,1.36,3.2,0
Ramos-Vinolas A.,82,437,204,233,17,31,187,202,Londero J.I.,142,83,34,49,3,5,31,44,2022-02-05,Cordoba,Cordoba Open,Outdoor,Clay,1.57,2.37,1
Zverev A.,19,500,346,154,60,31,286,123,Ymer M.,59,130,58,72,18,23,40,49,2022-02-05,Montpellier,Open Sud de France,Indoor,Hard,1.12,6.0,1
Bublik A.,25,219,110,109,39,30,71,79,Krajinovic F.,93,240,115,125,38,34,77,91,2022-02-05,Montpellier,Open Sud de France,Indoor,Hard,1.8,2.0,1
Zverev A.,19,500,346,154,60,31,286,123,Bublik A.,25,219,110,109,39,30,71,79,2022-02-06,Montpellier,Open Sud de France,Indoor,Hard,1.14,5.5,0
Ramos-Vinolas A.,82,437,204,233,17,31,187,202,Tabilo A.,122,44,21,23,5,4,16,19,2022-02-06,Cordoba,Cordoba Open,Outdoor,Clay,1.72,2.0,1
Sousa J.,147,436,189,247,42,44,147,203,Ruusuvuori E.,55,158,79,79,16,18,63,61,2022-02-06,Pune,Maharashtra Open,Outdoor,Hard,5.0,1.16,1
Basilashvili N.,118,301,138,163,26,34,112,129,Mcdonald M.,60,190,87,103,11,15,76,88,2022-02-07,Rotterdam,ABN AMRO World Tennis Tournament,Indoor,Hard,2.3,1.61,0
De Minaur A.,19,272,161,111,30,19,131,92,Goffin D.,123,522,296,226,66,52,230,174,2022-02-07,Rotterdam,ABN AMRO World Tennis Tournament,Indoor,Hard,1.33,3.4,1
Hurkacz H.,17,238,137,101,27,24,110,77,Tsonga J.W.,297,672,444,228,139,62,305,166,2022-02-07,Rotterdam,ABN AMRO World Tennis Tournament,Indoor,Hard,1.2,4.5,1
Norrie C.,13,287,172,115,15,18,157,97,Humbert U.,36,170,80,90,23,21,57,69,2022-02-07,Rotterdam,ABN AMRO World Tennis Tournament,Indoor,Hard,1.72,2.1,1
Anderson K.,652,598,347,251,48,38,299,213,Querrey S.,287,678,369,309,48,39,321,270,2022-02-07,Dallas,Dallas Open,Indoor,Hard,1.44,2.75,1
Kecmanovic M.,40,210,107,103,12,16,95,87,Djere L.,38,243,120,123,10,22,110,101,2022-02-07,Buenos Aires,Argentina Open,Outdoor,Clay,1.9,1.9,1
Cerundolo F.,21,104,58,46,3,7,55,39,Bagnis F.,135,121,39,82,9,8,30,74,2022-02-07,Buenos Aires,Argentina Open,Outdoor,Clay,1.66,2.2,1
Dellien H.,164,70,22,48,5,5,17,43,Verdasco F.,244,962,537,425,79,79,458,346,2022-02-07,Buenos Aires,Argentina Open,Outdoor,Clay,1.4,3.0,0
Cuevas P.,149,421,210,211,34,25,176,186,Coria F.,108,99,43,56,2,6,41,50,2022-02-07,Buenos Aires,Argentina Open,Outdoor,Clay,3.0,1.4,0
Paire B.,149,527,237,290,39,56,198,234,Lajovic D.,66,378,163,215,21,36,142,179,2022-02-07,Buenos Aires,Argentina Open,Outdoor,Clay,2.3,1.61,0
Thompson J.,71,221,96,125,10,10,86,115,Lopez F.,634,863,441,422,71,82,370,340,2022-02-08,Dallas,Dallas Open,Indoor,Hard,1.33,3.4,1
Giron M.,69,150,68,82,20,14,48,68,Sandgren T.,153,121,47,74,2,9,45,65,2022-02-08,Dallas,Dallas Open,Indoor,Hard,1.53,2.5,1
Gojowczyk P.,108,172,75,97,17,18,58,79,Broady L.,125,47,18,29,5,3,13,26,2022-02-08,Dallas,Dallas Open,Indoor,Hard,2.62,1.5,0
Cressy M.,96,96,42,54,10,11,32,43,Rodionov J.,118,26,9,17,2,3,7,14,2022-02-08,Dallas,Dallas Open,Indoor,Hard,1.25,4.0,0
Stebe C.M.,231,76,28,48,4,7,24,41,Kudla D.,137,198,70,128,5,14,65,114,2022-02-08,Dallas,Dallas Open,Indoor,Hard,1.8,2.0,1
Otte O.,233,78,33,45,6,14,27,31,Sock J.,166,324,177,147,38,24,139,123,2022-02-08,Dallas,Dallas Open,Indoor,Hard,1.61,2.3,0
Davidovich Fokina A.,39,168,84,84,17,20,67,64,Tsitsipas S.,5,390,264,126,49,32,215,94,2022-02-08,Rotterdam,ABN AMRO World Tennis Tournament,Indoor,Hard,4.5,1.2,0
Popyrin A.,90,140,59,81,9,13,50,68,Khachanov K.,11,378,217,161,44,38,173,123,2022-02-08,Rotterdam,ABN AMRO World Tennis Tournament,Indoor,Hard,3.4,1.33,0
Laaksonen H.,125,101,37,64,7,16,30,48,Rublev A.,7,392,255,137,57,34,198,103,2022-02-08,Rotterdam,ABN AMRO World Tennis Tournament,Indoor,Hard,6.0,1.12,0
Millman J.,140,256,113,143,21,22,92,121,Nakashima B.,70,106,57,49,6,5,51,44,2022-02-08,Dallas,Dallas Open,Indoor,Hard,3.0,1.4,0
Lehecka J.,33,61,30,31,4,4,26,27,Shapovalov D.,29,298,166,132,30,27,136,105,2022-02-08,Rotterdam,ABN AMRO World Tennis Tournament,Indoor,Hard,5.0,1.16,1
Ymer M.,59,130,58,72,18,23,40,49,Musetti L.,18,143,79,64,12,12,67,52,2022-02-08,Rotterdam,ABN AMRO World Tennis Tournament,Indoor,Hard,1.5,2.62,0
Karatsev A.,75,136,66,70,10,22,56,48,Griekspoor T.,37,97,47,50,7,14,40,36,2022-02-08,Rotterdam,ABN AMRO World Tennis Tournament,Indoor,Hard,1.61,2.3,0
Zapata Miralles B.,54,80,32,48,1,6,31,42,Van De Zandschulp B.,44,117,63,54,11,11,52,43,2022-02-08,Rotterdam,ABN AMRO World Tennis Tournament,Indoor,Hard,4.33,1.22,0
Rune H.,6,131,83,48,28,9,55,39,Baez S.,72,95,47,48,6,6,41,42,2022-02-08,Buenos Aires,Argentina Open,Outdoor,Clay,2.5,1.53,0
Martinez P.,135,118,50,68,7,6,43,62,Tabilo A.,122,44,21,23,5,4,16,19,2022-02-08,Buenos Aires,Argentina Open,Outdoor,Clay,1.61,2.3,1
Etcheverry T.,34,60,26,34,5,3,21,31,Munar J.,104,178,75,103,7,12,68,91,2022-02-08,Buenos Aires,Argentina Open,Outdoor,Clay,2.1,1.72,0
Londero J.I.,142,83,34,49,3,5,31,44,Andujar P.,323,404,164,240,12,30,152,210,2022-02-08,Buenos Aires,Argentina Open,Outdoor,Clay,1.9,1.9,0
Carballes Baena R.,64,207,91,116,11,10,80,106,Jarry N.,28,141,73,68,9,6,64,62,2022-02-08,Buenos Aires,Argentina Open,Outdoor,Clay,1.8,2.0,1
Delbonis F.,131,340,152,188,19,23,133,165,Del Potro J.M.,753,581,411,170,90,38,321,132,2022-02-08,Buenos Aires,Argentina Open,Outdoor,Clay,1.5,2.62,1
Monteiro T.,121,171,69,102,9,11,60,91,Ramos-Vinolas A.,82,437,204,233,17,31,187,202,2022-02-08,Buenos Aires,Argentina Open,Outdoor,Clay,2.0,1.8,1
Auger-Aliassime F.,12,268,163,105,48,22,115,83,Gerasimov E.,150,93,43,50,19,19,24,31,2022-02-09,Rotterdam,ABN AMRO World Tennis Tournament,Indoor,Hard,1.22,4.33,1
Norrie C.,13,287,172,115,15,18,157,97,Khachanov K.,11,378,217,161,44,38,173,123,2022-02-09,Rotterdam,ABN AMRO World Tennis Tournament,Indoor,Hard,1.9,1.9,1
Fucsovics M.,67,249,121,128,26,24,95,104,Krajinovic F.,93,240,115,125,38,34,77,91,2022-02-09,Rotterdam,ABN AMRO World Tennis Tournament,Indoor,Hard,2.1,1.72,1
Ivashka I.,113,159,78,81,19,18,59,63,Harris L.,186,129,59,70,7,8,52,62,2022-02-09,Rotterdam,ABN AMRO World Tennis Tournament,Indoor,Hard,2.1,1.72,1
Musetti L.,18,143,79,64,12,12,67,52,Hurkacz H.,17,238,137,101,27,24,110,77,2022-02-09,Rotterdam,ABN AMRO World Tennis Tournament,Indoor,Hard,3.75,1.28,1
Ruud C.,4,275,176,99,19,16,157,83,Carballes Baena R.,64,207,91,116,11,10,80,106,2022-02-09,Buenos Aires,Argentina Open,Outdoor,Clay,1.16,5.0,1
Kwon S.W.,68,108,53,55,12,6,41,49,Gaston H.,109,58,24,34,5,9,19,25,2022-02-09,Rotterdam,ABN AMRO World Tennis Tournament,Indoor,Hard,1.36,3.2,1
Broady L.,125,47,18,29,5,3,13,26,Giron M.,69,150,68,82,20,14,48,68,2022-02-09,Dallas,Dallas Open,Indoor,Hard,2.2,1.66,0
Thompson J.,71,221,96,125,10,10,86,115,Nakashima B.,70,106,57,49,6,5,51,44,2022-02-09,Dallas,Dallas Open,Indoor,Hard,3.4,1.33,1
Mcdonald M.,60,190,87,103,11,15,76,88,De Minaur A.,19,272,161,111,30,19,131,92,2022-02-09,Rotterdam,ABN AMRO World Tennis Tournament,Indoor,Hard,3.0,1.4,0
Nishioka Y.,31,215,99,116,15,15,84,101,Krueger M.,228,24,7,17,0,1,7,16,2022-02-09,Dallas,Dallas Open,Indoor,Hard,1.57,2.37,1
Chakravarthi C.,0,1,0,1,0,1,0,0,Pospisil V.,99,280,122,158,39,34,83,124,2022-02-09,Dallas,Dallas Open,Indoor,Hard,17.0,1.02,0
Monteiro T.,121,171,69,102,9,11,60,91,Verdasco F.,244,962,537,425,79,79,458,346,2022-02-09,Buenos Aires,Argentina Open,Outdoor,Clay,1.4,3.0,0
Lajovic D.,66,378,163,215,21,36,142,179,Coria F.,108,99,43,56,2,6,41,50,2022-02-09,Buenos Aires,Argentina Open,Outdoor,Clay,2.0,1.8,0
Bublik A.,25,219,110,109,39,30,71,79,Murray A.,44,932,687,245,132,47,555,198,2022-02-09,Rotterdam,ABN AMRO World Tennis Tournament,Indoor,Hard,2.2,1.66,0
Seppi A.,141,758,363,395,74,85,289,310,Altmaier D.,51,79,28,51,1,5,27,46,2022-02-09,Dallas,Dallas Open,Indoor,Hard,2.0,1.8,1
Mannarino A.,27,567,264,303,60,73,204,230,Johnson S.,197,395,196,199,16,23,180,176,2022-02-09,Dallas,Dallas Open,Indoor,Hard,1.72,2.1,1
Sonego L.,43,221,107,114,19,17,88,97,Baez S.,72,95,47,48,6,6,41,42,2022-02-10,Buenos Aires,Argentina Open,Outdoor,Clay,1.9,1.9,1
Tsitsipas S.,5,390,264,126,49,32,215,94,Ivashka I.,113,159,78,81,19,18,59,63,2022-02-10,Rotterdam,ABN AMRO World Tennis Tournament,Indoor,Hard,1.25,4.0,1
Murray A.,44,932,687,245,132,47,555,198,Auger-Aliassime F.,12,268,163,105,48,22,115,83,2022-02-10,Rotterdam,ABN AMRO World Tennis Tournament,Indoor,Hard,3.0,1.4,0
Rublev A.,7,392,255,137,57,34,198,103,Kwon S.W.,68,108,53,55,12,6,41,49,2022-02-10,Rotterdam,ABN AMRO World Tennis Tournament,Indoor,Hard,1.22,4.33,1
Van De Zandschulp B.,44,117,63,54,11,11,52,43,Lehecka J.,33,61,30,31,4,4,26,27,2022-02-10,Rotterdam,ABN AMRO World Tennis Tournament,Indoor,Hard,1.4,3.0,0
Brooksby J.,39,79,46,33,6,5,40,28,Seppi A.,141,758,363,395,74,85,289,310,2022-02-10,Dallas,Dallas Open,Indoor,Hard,1.2,4.5,1
Rodionov J.,118,26,9,17,2,3,7,14,Pospisil V.,99,280,122,158,39,34,83,124,2022-02-10,Dallas,Dallas Open,Indoor,Hard,3.0,1.4,0
Anderson K.,652,598,347,251,48,38,299,213,Isner J.,114,755,465,290,53,45,412,245,2022-02-10,Dallas,Dallas Open,Indoor,Hard,2.1,1.72,0
Fognini F.,128,742,383,359,39,48,344,311,Martinez P.,135,118,50,68,7,6,43,62,2022-02-10,Buenos Aires,Argentina Open,Outdoor,Clay,2.62,1.5,1
Andujar P.,323,404,164,240,12,30,152,210,Delbonis F.,131,340,152,188,19,23,133,165,2022-02-10,Buenos Aires,Argentina Open,Outdoor,Clay,1.8,2.0,0
Cerundolo F.,21,104,58,46,3,7,55,39,Kecmanovic M.,40,210,107,103,12,16,95,87,2022-02-10,Buenos Aires,Argentina Open,Outdoor,Clay,2.0,1.8,1
Griekspoor T.,37,97,47,50,7,14,40,36,Fucsovics M.,67,249,121,128,26,24,95,104,2022-02-10,Rotterdam,ABN AMRO World Tennis Tournament,Indoor,Hard,1.8,2.0,0
Sock J.,166,324,177,147,38,24,139,123,Fritz T.,9,356,205,151,26,22,179,129,2022-02-10,Dallas,Dallas Open,Indoor,Hard,3.5,1.3,0
Rublev A.,7,392,255,137,57,34,198,103,Fucsovics M.,67,249,121,128,26,24,95,104,2022-02-11,Rotterdam,ABN AMRO World Tennis Tournament,Indoor,Hard,1.25,4.0,1
Fritz T.,9,356,205,151,26,22,179,129,Giron M.,69,150,68,82,20,14,48,68,2022-02-11,Dallas,Dallas Open,Indoor,Hard,1.22,4.33,0
Thompson J.,71,221,96,125,10,10,86,115,Brooksby J.,39,79,46,33,6,5,40,28,2022-02-11,Dallas,Dallas Open,Indoor,Hard,3.2,1.36,0
Mannarino A.,27,567,264,303,60,73,204,230,Nishioka Y.,31,215,99,116,15,15,84,101,2022-02-11,Dallas,Dallas Open,Indoor,Hard,1.53,2.5,1
Stebe C.M.,231,76,28,48,4,7,24,41,Opelka R.,17,168,88,80,17,10,71,70,2022-02-11,Dallas,Dallas Open,Indoor,Hard,4.0,1.25,0
Munar J.,104,178,75,103,7,12,68,91,Schwartzman D.,95,428,233,195,32,27,201,168,2022-02-11,Buenos Aires,Argentina Open,Outdoor,Clay,3.5,1.3,0
Delbonis F.,131,340,152,188,19,23,133,165,Fognini F.,128,742,383,359,39,48,344,311,2022-02-11,Buenos Aires,Argentina Open,Outdoor,Clay,1.9,1.9,1
Coria F.,108,99,43,56,2,6,41,50,Ruud C.,4,275,176,99,19,16,157,83,2022-02-11,Buenos Aires,Argentina Open,Outdoor,Clay,4.5,1.2,0
Sonego L.,43,221,107,114,19,17,88,97,Verdasco F.,244,962,537,425,79,79,458,346,2022-02-11,Buenos Aires,Argentina Open,Outdoor,Clay,1.28,3.75,1
Norrie C.,13,287,172,115,15,18,157,97,Auger-Aliassime F.,12,268,163,105,48,22,115,83,2022-02-11,Rotterdam,ABN AMRO World Tennis Tournament,Indoor,Hard,2.62,1.5,0
Musetti L.,18,143,79,64,12,12,67,52,Lehecka J.,33,61,30,31,4,4,26,27,2022-02-11,Rotterdam,ABN AMRO World Tennis Tournament,Indoor,Hard,1.72,2.1,0
De Minaur A.,19,272,161,111,30,19,131,92,Tsitsipas S.,5,390,264,126,49,32,215,94,2022-02-11,Rotterdam,ABN AMRO World Tennis Tournament,Indoor,Hard,3.75,1.28,0
Tsitsipas S.,5,390,264,126,49,32,215,94,Lehecka J.,33,61,30,31,4,4,26,27,2022-02-12,Rotterdam,ABN AMRO World Tennis Tournament,Indoor,Hard,1.12,6.0,1
Rublev A.,7,392,255,137,57,34,198,103,Auger-Aliassime F.,12,268,163,105,48,22,115,83,2022-02-12,Rotterdam,ABN AMRO World Tennis Tournament,Indoor,Hard,1.72,2.1,0
Schwartzman D.,95,428,233,195,32,27,201,168,Sonego L.,43,221,107,114,19,17,88,97,2022-02-12,Buenos Aires,Argentina Open,Outdoor,Clay,1.53,2.5,1
Isner J.,114,755,465,290,53,45,412,245,Opelka R.,17,168,88,80,17,10,71,70,2022-02-12,Dallas,Dallas Open,Indoor,Hard,2.2,1.66,0
Opelka R.,17,168,88,80,17,10,71,70,Mannarino A.,27,567,264,303,60,73,204,230,2022-02-12,Dallas,Dallas Open,Indoor,Hard,1.61,2.3,1
Pospisil V.,99,280,122,158,39,34,83,124,Isner J.,114,755,465,290,53,45,412,245,2022-02-12,Dallas,Dallas Open,Indoor,Hard,2.3,1.61,0
Delbonis F.,131,340,152,188,19,23,133,165,Ruud C.,4,275,176,99,19,16,157,83,2022-02-12,Buenos Aires,Argentina Open,Outdoor,Clay,5.0,1.16,0
Cerundolo F.,21,104,58,46,3,7,55,39,Schwartzman D.,95,428,233,195,32,27,201,168,2022-02-12,Buenos Aires,Argentina Open,Outdoor,Clay,3.5,1.3,0
Giron M.,69,150,68,82,20,14,48,68,Brooksby J.,39,79,46,33,6,5,40,28,2022-02-13,Dallas,Dallas Open,Indoor,Hard,2.75,1.44,0
Ruud C.,4,275,176,99,19,16,157,83,Schwartzman D.,95,428,233,195,32,27,201,168,2022-02-13,Buenos Aires,Argentina Open,Outdoor,Clay,1.44,2.75,1
Opelka R.,17,168,88,80,17,10,71,70,Brooksby J.,39,79,46,33,6,5,40,28,2022-02-13,Dallas,Dallas Open,Indoor,Hard,1.8,2.0,1
Tsitsipas S.,5,390,264,126,49,32,215,94,Auger-Aliassime F.,12,268,163,105,48,22,115,83,2022-02-13,Rotterdam,ABN AMRO World Tennis Tournament,Indoor,Hard,1.8,2.0,0
Gombos N.,114,66,21,45,6,14,15,31,Ivashka I.,113,159,78,81,19,18,59,63,2022-02-14,Marseille,Open 13,Indoor,Hard,3.75,1.28,0
Gasquet R.,48,948,581,367,133,82,448,285,Ymer M.,59,130,58,72,18,23,40,49,2022-02-14,Marseille,Open 13,Indoor,Hard,2.2,1.66,1
Travaglia S.,1024,81,27,54,5,12,22,42,Laaksonen H.,125,101,37,64,7,16,30,48,2022-02-14,Marseille,Open 13,Indoor,Hard,2.3,1.61,1
Mcdonald M.,60,190,87,103,11,15,76,88,Khachanov K.,11,378,217,161,44,38,173,123,2022-02-14,Doha,Qatar Exxon Mobil Open,Outdoor,Hard,2.62,1.5,0
Kwon S.W.,68,108,53,55,12,6,41,49,Eubanks C.,29,64,28,36,1,3,27,33,2022-02-14,Doha,Qatar Exxon Mobil Open,Outdoor,Hard,1.4,3.0,1
Fabbiano T.,192,89,27,62,2,10,25,52,Van De Zandschulp B.,44,117,63,54,11,11,52,43,2022-02-14,Doha,Qatar Exxon Mobil Open,Outdoor,Hard,5.0,1.16,0
Shang J.,149,12,4,8,0,0,4,8,Martinez P.,135,118,50,68,7,6,43,62,2022-02-14,Rio de Janeiro,Rio Open,Outdoor,Clay,7.0,1.1,0
Gerasimov E.,150,93,43,50,19,19,24,31,Evans D.,30,251,124,127,18,16,106,111,2022-02-14,Doha,Qatar Exxon Mobil Open,Outdoor,Hard,2.75,1.44,0
O Connell C.,74,65,26,39,0,0,26,39,Molcan A.,120,86,45,41,1,6,44,35,2022-02-14,Doha,Qatar Exxon Mobil Open,Outdoor,Hard,1.66,2.2,0
Munar J.,104,178,75,103,7,12,68,91,Alcaraz C.,1,164,130,34,10,5,120,29,2022-02-14,Rio de Janeiro,Rio Open,Outdoor,Clay,3.75,1.28,0
Andujar P.,323,404,164,240,12,30,152,210,Cuevas P.,149,421,210,211,34,25,176,186,2022-02-14,Rio de Janeiro,Rio Open,Outdoor,Clay,1.44,2.75,1
Otte O.,233,78,33,45,6,14,27,31,Nishioka Y.,31,215,99,116,15,15,84,101,2022-02-14,Delray Beach,Delray Beach Open,Outdoor,Hard,2.0,1.8,1
Cressy M.,96,96,42,54,10,11,32,43,Millman J.,140,256,113,143,21,22,92,121,2022-02-14,Delray Beach,Delray Beach Open,Outdoor,Hard,1.5,2.62,0
Seppi A.,141,758,363,395,74,85,289,310,Gojowczyk P.,108,172,75,97,17,18,58,79,2022-02-14,Delray Beach,Delray Beach Open,Outdoor,Hard,1.53,2.5,1
Kudla D.,137,198,70,128,5,14,65,114,Nakashima B.,70,106,57,49,6,5,51,44,2022-02-14,Delray Beach,Delray Beach Open,Outdoor,Hard,4.0,1.25,0
Coria F.,108,99,43,56,2,6,41,50,Garin C.,101,190,103,87,15,13,88,74,2022-02-15,Rio de Janeiro,Rio Open,Outdoor,Clay,2.5,1.53,1
Sonego L.,43,221,107,114,19,17,88,97,Djere L.,38,243,120,123,10,22,110,101,2022-02-15,Rio de Janeiro,Rio Open,Outdoor,Clay,1.53,2.5,1
Fucsovics M.,67,249,121,128,26,24,95,104,Harris L.,186,129,59,70,7,8,52,62,2022-02-15,Doha,Qatar Exxon Mobil Open,Outdoor,Hard,1.72,2.1,1
Daniel T.,111,178,67,111,3,10,64,101,Murray A.,44,932,687,245,132,47,555,198,2022-02-15,Doha,Qatar Exxon Mobil Open,Outdoor,Hard,3.2,1.36,0
Goffin D.,123,522,296,226,66,52,230,174,Ruusuvuori E.,55,158,79,79,16,18,63,61,2022-02-15,Doha,Qatar Exxon Mobil Open,Outdoor,Hard,3.75,1.28,0
Baez S.,72,95,47,48,6,6,41,42,Monteiro T.,121,171,69,102,9,11,60,91,2022-02-15,Rio de Janeiro,Rio Open,Outdoor,Clay,1.66,2.2,0
Meligeni Rodrigues F,224,2,0,2,0,0,0,2,Kecmanovic M.,40,210,107,103,12,16,95,87,2022-02-15,Rio de Janeiro,Rio Open,Outdoor,Clay,4.5,1.2,0
Bagnis F.,135,121,39,82,9,8,30,74,Fognini F.,128,742,383,359,39,48,344,311,2022-02-15,Rio de Janeiro,Rio Open,Outdoor,Clay,2.5,1.53,0
Popyrin A.,90,140,59,81,9,13,50,68,Safiullin R.,92,42,20,22,7,7,13,15,2022-02-15,Marseille,Open 13,Indoor,Hard,1.66,2.2,0
Bergs Z.,175,15,4,11,1,5,3,6,Rune H.,6,131,83,48,28,9,55,39,2022-02-15,Marseille,Open 13,Indoor,Hard,2.62,1.5,0
Machac T.,108,18,6,12,1,1,5,11,Dzumhur D.,202,234,107,127,31,29,76,98,2022-02-15,Marseille,Open 13,Indoor,Hard,1.53,2.5,1
Kukushkin M.,221,352,141,211,50,49,91,162,Herbert P.H.,157,202,89,113,31,38,58,75,2022-02-15,Marseille,Open 13,Indoor,Hard,2.62,1.5,0
Simon G.,188,869,491,378,135,94,356,284,Tsonga J.W.,297,672,444,228,139,62,305,166,2022-02-15,Marseille,Open 13,Indoor,Hard,2.3,1.61,0
Novak D.,166,58,15,43,6,16,9,27,Albot R.,97,215,86,129,26,26,60,103,2022-02-15,Marseille,Open 13,Indoor,Hard,2.2,1.66,0
Moutet C.,80,118,50,68,5,11,45,57,Gaston H.,109,58,24,34,5,9,19,25,2022-02-15,Marseille,Open 13,Indoor,Hard,1.4,3.0,0
Lajovic D.,66,378,163,215,21,36,142,179,Verdasco F.,244,962,537,425,79,79,458,346,2022-02-15,Rio de Janeiro,Rio Open,Outdoor,Clay,1.66,2.2,0
Davidovich Fokina A.,39,168,84,84,17,20,67,64,Jaziri M.,444,217,83,134,8,20,75,114,2022-02-15,Doha,Qatar Exxon Mobil Open,Outdoor,Hard,1.04,13.0,1
Londero J.I.,142,83,34,49,3,5,31,44,Ramos-Vinolas A.,82,437,204,233,17,31,187,202,2022-02-15,Rio de Janeiro,Rio Open,Outdoor,Clay,2.3,1.61,0
Rinderknech A.,67,96,46,50,16,12,30,38,Vesely J.,528,288,130,158,6,19,124,139,2022-02-15,Doha,Qatar Exxon Mobil Open,Outdoor,Hard,1.5,2.62,1
Galan D.E.,76,78,33,45,3,5,30,40,Delbonis F.,131,340,152,188,19,23,133,165,2022-02-15,Rio de Janeiro,Rio Open,Outdoor,Clay,2.2,1.66,0
Ymer E.,186,81,24,57,3,11,21,46,Sousa J.,147,436,189,247,42,44,147,203,2022-02-15,Doha,Qatar Exxon Mobil Open,Outdoor,Hard,,,1
Bublik A.,25,219,110,109,39,30,71,79,Kovalik J.,172,68,24,44,5,8,19,36,2022-02-15,Doha,Qatar Exxon Mobil Open,Outdoor,Hard,1.14,5.5,1
Anderson K.,652,598,347,251,48,38,299,213,Johnson S.,197,395,196,199,16,23,180,176,2022-02-15,Delray Beach,Delray Beach Open,Outdoor,Hard,1.61,2.3,0
Broady L.,125,47,18,29,5,3,13,26,Mannarino A.,27,567,264,303,60,73,204,230,2022-02-15,Delray Beach,Delray Beach Open,Outdoor,Hard,2.5,1.53,0
Thompson J.,71,221,96,125,10,10,86,115,Krueger M.,228,24,7,17,0,1,7,16,2022-02-15,Delray Beach,Delray Beach Open,Outdoor,Hard,1.53,2.5,0
Istomin D.,267,440,194,246,44,51,150,195,Querrey S.,287,678,369,309,48,39,321,270,2022-02-15,Delray Beach,Delray Beach Open,Outdoor,Hard,2.37,1.57,1
Giron M.,69,150,68,82,20,14,48,68,Sandgren T.,153,121,47,74,2,9,45,65,2022-02-15,Delray Beach,Delray Beach Open,Outdoor,Hard,1.4,3.0,1
Gomez E.,155,26,7,19,2,2,5,17,Kozlov S.,108,35,9,26,0,2,9,24,2022-02-15,Delray Beach,Delray Beach Open,Outdoor,Hard,2.2,1.66,0
Kokkinakis T.,86,124,55,69,0,4,55,65,Korda S.,26,126,75,51,15,9,60,42,2022-02-15,Delray Beach,Delray Beach Open,Outdoor,Hard,2.5,1.53,0
Evans D.,30,251,124,127,18,16,106,111,Davidovich Fokina A.,39,168,84,84,17,20,67,64,2022-02-16,Doha,Qatar Exxon Mobil Open,Outdoor,Hard,1.57,2.37,0
Rune H.,6,131,83,48,28,9,55,39,Karatsev A.,75,136,66,70,10,22,56,48,2022-02-16,Marseille,Open 13,Indoor,Hard,2.75,1.44,0
Pouille L.,675,259,134,125,35,26,99,99,Griekspoor T.,37,97,47,50,7,14,40,36,2022-02-16,Marseille,Open 13,Indoor,Hard,3.75,1.28,1
Bonzi B.,107,83,37,46,10,13,27,33,Majchrzak K.,121,50,19,31,3,4,16,27,2022-02-16,Marseille,Open 13,Indoor,Hard,1.9,1.9,1
Istomin D.,267,440,194,246,44,51,150,195,Paul T.,14,204,111,93,19,13,92,80,2022-02-16,Delray Beach,Delray Beach Open,Outdoor,Hard,5.5,1.14,0
Johnson S.,197,395,196,199,16,23,180,176,Kozlov S.,108,35,9,26,0,2,9,24,2022-02-16,Delray Beach,Delray Beach Open,Outdoor,Hard,1.57,2.37,0
Altmaier D.,51,79,28,51,1,5,27,46,Sock J.,166,324,177,147,38,24,139,123,2022-02-16,Delray Beach,Delray Beach Open,Outdoor,Hard,2.1,1.72,0
Rublev A.,7,392,255,137,57,34,198,103,Gasquet R.,48,948,581,367,133,82,448,285,2022-02-16,Marseille,Open 13,Indoor,Hard,1.12,6.0,1
Kwon S.W.,68,108,53,55,12,6,41,49,Fucsovics M.,67,249,121,128,26,24,95,104,2022-02-16,Doha,Qatar Exxon Mobil Open,Outdoor,Hard,2.3,1.61,0
Bublik A.,25,219,110,109,39,30,71,79,Rinderknech A.,67,96,46,50,16,12,30,38,2022-02-16,Doha,Qatar Exxon Mobil Open,Outdoor,Hard,1.61,2.3,0
Van De Zandschulp B.,44,117,63,54,11,11,52,43,Cilic M.,100,853,543,310,119,65,424,245,2022-02-16,Doha,Qatar Exxon Mobil Open,Outdoor,Hard,2.2,1.66,0
Basilashvili N.,118,301,138,163,26,34,112,129,Ymer E.,186,81,24,57,3,11,21,46,2022-02-16,Doha,Qatar Exxon Mobil Open,Outdoor,Hard,1.61,2.3,1
Paire B.,149,527,237,290,39,56,198,234,Cerundolo F.,21,104,58,46,3,7,55,39,2022-02-16,Rio de Janeiro,Rio Open,Outdoor,Clay,2.75,1.44,0
Verdasco F.,244,962,537,425,79,79,458,346,Coria F.,108,99,43,56,2,6,41,50,2022-02-16,Rio de Janeiro,Rio Open,Outdoor,Clay,2.75,1.44,0
Ramos-Vinolas A.,82,437,204,233,17,31,187,202,Andujar P.,323,404,164,240,12,30,152,210,2022-02-16,Rio de Janeiro,Rio Open,Outdoor,Clay,1.44,2.75,0
Carreno Busta P.,16,352,214,138,33,25,181,113,Fognini F.,128,742,383,359,39,48,344,311,2022-02-16,Rio de Janeiro,Rio Open,Outdoor,Clay,1.4,3.0,0
Ruusuvuori E.,55,158,79,79,16,18,63,61,Khachanov K.,11,378,217,161,44,38,173,123,2022-02-16,Doha,Qatar Exxon Mobil Open,Outdoor,Hard,2.5,1.53,0
Murray A.,44,932,687,245,132,47,555,198,Bautista Agut R.,25,379,234,145,31,29,203,116,2022-02-16,Doha,Qatar Exxon Mobil Open,Outdoor,Hard,2.2,1.66,0
Shapovalov D.,29,298,166,132,30,27,136,105,Molcan A.,120,86,45,41,1,6,44,35,2022-02-16,Doha,Qatar Exxon Mobil Open,Outdoor,Hard,1.22,4.33,1
Travaglia S.,1024,81,27,54,5,12,22,42,Ivashka I.,113,159,78,81,19,18,59,63,2022-02-16,Marseille,Open 13,Indoor,Hard,3.4,1.33,0
Kecmanovic M.,40,210,107,103,12,16,95,87,Sonego L.,43,221,107,114,19,17,88,97,2022-02-17,Rio de Janeiro,Rio Open,Outdoor,Clay,2.62,1.5,1
Albot R.,97,215,86,129,26,26,60,103,Pouille L.,675,259,134,125,35,26,99,99,2022-02-17,Marseille,Open 13,Indoor,Hard,1.8,2.0,0
Tsitsipas S.,5,390,264,126,49,32,215,94,Gaston H.,109,58,24,34,5,9,19,25,2022-02-17,Marseille,Open 13,Indoor,Hard,1.14,5.5,1
Tsonga J.W.,297,672,444,228,139,62,305,166,Auger-Aliassime F.,12,268,163,105,48,22,115,83,2022-02-17,Marseille,Open 13,Indoor,Hard,5.0,1.16,0
Martinez P.,135,118,50,68,7,6,43,62,Schwartzman D.,95,428,233,195,32,27,201,168,2022-02-17,Rio de Janeiro,Rio Open,Outdoor,Clay,2.75,1.44,0
Machac T.,108,18,6,12,1,1,5,11,Safiullin R.,92,42,20,22,7,7,13,15,2022-02-17,Marseille,Open 13,Indoor,Hard,1.61,2.3,0
Korda S.,26,126,75,51,15,9,60,42,Seppi A.,141,758,363,395,74,85,289,310,2022-02-17,Delray Beach,Delray Beach Open,Outdoor,Hard,1.16,5.0,1
Rinderknech A.,67,96,46,50,16,12,30,38,Shapovalov D.,29,298,166,132,30,27,136,105,2022-02-17,Doha,Qatar Exxon Mobil Open,Outdoor,Hard,3.4,1.33,1
Basilashvili N.,118,301,138,163,26,34,112,129,Fucsovics M.,67,249,121,128,26,24,95,104,2022-02-17,Doha,Qatar Exxon Mobil Open,Outdoor,Hard,2.3,1.61,1
Bautista Agut R.,25,379,234,145,31,29,203,116,Davidovich Fokina A.,39,168,84,84,17,20,67,64,2022-02-17,Doha,Qatar Exxon Mobil Open,Outdoor,Hard,1.36,3.2,1
Khachanov K.,11,378,217,161,44,38,173,123,Cilic M.,100,853,543,310,119,65,424,245,2022-02-17,Doha,Qatar Exxon Mobil Open,Outdoor,Hard,1.66,2.2,1
Bonzi B.,107,83,37,46,10,13,27,33,Herbert P.H.,157,202,89,113,31,38,58,75,2022-02-17,Marseille,Open 13,Indoor,Hard,1.8,2.0,1
Nakashima B.,70,106,57,49,6,5,51,44,Mannarino A.,27,567,264,303,60,73,204,230,2022-02-17,Delray Beach,Delray Beach Open,Outdoor,Hard,1.57,2.37,0
Carballes Baena R.,64,207,91,116,11,10,80,106,Cerundolo F.,21,104,58,46,3,7,55,39,2022-02-17,Rio de Janeiro,Rio Open,Outdoor,Clay,,,0
Otte O.,233,78,33,45,6,14,27,31,Norrie C.,13,287,172,115,15,18,157,97,2022-02-17,Delray Beach,Delray Beach Open,Outdoor,Hard,4.0,1.25,0
Giron M.,69,150,68,82,20,14,48,68,Millman J.,140,256,113,143,21,22,92,121,2022-02-17,Delray Beach,Delray Beach Open,Outdoor,Hard,1.53,2.5,0
Opelka R.,17,168,88,80,17,10,71,70,Sock J.,166,324,177,147,38,24,139,123,2022-02-17,Delray Beach,Delray Beach Open,Outdoor,Hard,1.33,3.4,1
Kozlov S.,108,35,9,26,0,2,9,24,Paul T.,14,204,111,93,19,13,92,80,2022-02-18,Delray Beach,Delray Beach Open,Outdoor,Hard,3.2,1.36,0
Safiullin R.,92,42,20,22,7,7,13,15,Tsitsipas S.,5,390,264,126,49,32,215,94,2022-02-18,Marseille,Open 13,Indoor,Hard,6.0,1.12,1
Dimitrov G.,20,651,389,262,79,50,310,212,Krueger M.,228,24,7,17,0,1,7,16,2022-02-18,Delray Beach,Delray Beach Open,Outdoor,Hard,1.33,3.4,1
Pouille L.,675,259,134,125,35,26,99,99,Rublev A.,7,392,255,137,57,34,198,103,2022-02-18,Marseille,Open 13,Indoor,Hard,6.0,1.12,0
Delbonis F.,131,340,152,188,19,23,133,165,Alcaraz C.,1,164,130,34,10,5,120,29,2022-02-18,Rio de Janeiro,Rio Open,Outdoor,Clay,4.33,1.22,0
Norrie C.,13,287,172,115,15,18,157,97,Korda S.,26,126,75,51,15,9,60,42,2022-02-18,Delray Beach,Delray Beach Open,Outdoor,Hard,1.9,1.9,1
Mannarino A.,27,567,264,303,60,73,204,230,Opelka R.,17,168,88,80,17,10,71,70,2022-02-18,Delray Beach,Delray Beach Open,Outdoor,Hard,2.75,1.44,0
Ivashka I.,113,159,78,81,19,18,59,63,Auger-Aliassime F.,12,268,163,105,48,22,115,83,2022-02-18,Marseille,Open 13,Indoor,Hard,4.0,1.25,0
Bautista Agut R.,25,379,234,145,31,29,203,116,Khachanov K.,11,378,217,161,44,38,173,123,2022-02-18,Doha,Qatar Exxon Mobil Open,Outdoor,Hard,1.53,2.5,1
Berrettini M.,38,217,142,75,14,11,128,64,Monteiro T.,121,171,69,102,9,11,60,91,2022-02-18,Rio de Janeiro,Rio Open,Outdoor,Clay,1.33,3.4,1
Rinderknech A.,67,96,46,50,16,12,30,38,Basilashvili N.,118,301,138,163,26,34,112,129,2022-02-18,Doha,Qatar Exxon Mobil Open,Outdoor,Hard,1.8,2.0,0
Bonzi B.,107,83,37,46,10,13,27,33,Karatsev A.,75,136,66,70,10,22,56,48,2022-02-18,Marseille,Open 13,Indoor,Hard,2.37,1.57,1
Coria F.,108,99,43,56,2,6,41,50,Fognini F.,128,742,383,359,39,48,344,311,2022-02-19,Rio de Janeiro,Rio Open,Outdoor,Clay,2.5,1.53,0
Kecmanovic M.,40,210,107,103,12,16,95,87,Cerundolo F.,21,104,58,46,3,7,55,39,2022-02-19,Rio de Janeiro,Rio Open,Outdoor,Clay,1.72,2.1,0
Schwartzman D.,95,428,233,195,32,27,201,168,Andujar P.,323,404,164,240,12,30,152,210,2022-02-19,Rio de Janeiro,Rio Open,Outdoor,Clay,1.2,4.5,1
Cerundolo F.,21,104,58,46,3,7,55,39,Schwartzman D.,95,428,233,195,32,27,201,168,2022-02-19,Rio de Janeiro,Rio Open,Outdoor,Clay,2.75,1.44,0
Alcaraz C.,1,164,130,34,10,5,120,29,Berrettini M.,38,217,142,75,14,11,128,64,2022-02-19,Rio de Janeiro,Rio Open,Outdoor,Clay,1.61,2.3,1
Paul T.,14,204,111,93,19,13,92,80,Norrie C.,13,287,172,115,15,18,157,97,2022-02-19,Delray Beach,Delray Beach Open,Outdoor,Hard,2.3,1.61,0
Auger-Aliassime F.,12,268,163,105,48,22,115,83,Safiullin R.,92,42,20,22,7,7,13,15,2022-02-19,Marseille,Open 13,Indoor,Hard,1.16,5.0,1
Bonzi B.,107,83,37,46,10,13,27,33,Rublev A.,7,392,255,137,57,34,198,103,2022-02-19,Marseille,Open 13,Indoor,Hard,3.5,1.3,0
Millman J.,140,256,113,143,21,22,92,121,Dimitrov G.,20,651,389,262,79,50,310,212,2022-02-19,Delray Beach,Delray Beach Open,Outdoor,Hard,2.5,1.53,1
Bautista Agut R.,25,379,234,145,31,29,203,116,Basilashvili N.,118,301,138,163,26,34,112,129,2022-02-19,Doha,Qatar Exxon Mobil Open,Outdoor,Hard,1.5,2.62,1
Opelka R.,17,168,88,80,17,10,71,70,Millman J.,140,256,113,143,21,22,92,121,2022-02-20,Delray Beach,Delray Beach Open,Outdoor,Hard,1.44,2.75,1
Rublev A.,7,392,255,137,57,34,198,103,Auger-Aliassime F.,12,268,163,105,48,22,115,83,2022-02-20,Marseille,Open 13,Indoor,Hard,2.37,1.57,1
Alcaraz C.,1,164,130,34,10,5,120,29,Fognini F.,128,742,383,359,39,48,344,311,2022-02-20,Rio de Janeiro,Rio Open,Outdoor,Clay,1.28,3.75,1
Schwartzman D.,95,428,233,195,32,27,201,168,Alcaraz C.,1,164,130,34,10,5,120,29,2022-02-20,Rio de Janeiro,Rio Open,Outdoor,Clay,3.4,1.33,0
Opelka R.,17,168,88,80,17,10,71,70,Norrie C.,13,287,172,115,15,18,157,97,2022-02-20,Delray Beach,Delray Beach Open,Outdoor,Hard,2.2,1.66,0
Goffin D.,123,522,296,226,66,52,230,174,Daniel T.,111,178,67,111,3,10,64,101,2022-02-21,Dubai ,Dubai Tennis Championships,Outdoor,Hard,1.9,1.9,0
O Connell C.,74,65,26,39,0,0,26,39,Murray A.,44,932,687,245,132,47,555,198,2022-02-21,Dubai ,Dubai Tennis Championships,Outdoor,Hard,2.75,1.44,0
Djokovic N.,2,1207,1012,195,146,42,866,153,Musetti L.,18,143,79,64,12,12,67,52,2022-02-21,Dubai ,Dubai Tennis Championships,Outdoor,Hard,1.06,10.0,1
Londero J.I.,142,83,34,49,3,5,31,44,Etcheverry T.,34,60,26,34,5,3,21,31,2022-02-21,Santiago,Chile Open,Indoor,Clay,1.57,2.37,1
Zapata Miralles B.,54,80,32,48,1,6,31,42,Bagnis F.,135,121,39,82,9,8,30,74,2022-02-21,Santiago,Chile Open,Indoor,Clay,2.2,1.66,0
Seyboth Wild T.,117,28,12,16,7,3,5,13,Kicker N.,203,47,19,28,1,3,18,25,2022-02-21,Santiago,Chile Open,Indoor,Clay,1.66,2.2,1
Cilic M.,100,853,543,310,119,65,424,245,Vesely J.,528,288,130,158,6,19,124,139,2022-02-21,Dubai ,Dubai Tennis Championships,Outdoor,Hard,1.28,3.75,0
Krajinovic F.,93,240,115,125,38,34,77,91,Jaziri M.,444,217,83,134,8,20,75,114,2022-02-21,Dubai ,Dubai Tennis Championships,Outdoor,Hard,1.05,11.0,1
Hanfmann Y.,50,99,50,49,5,4,45,45,Coria F.,108,99,43,56,2,6,41,50,2022-02-22,Santiago,Chile Open,Indoor,Clay,2.2,1.66,1
Dellien H.,164,70,22,48,5,5,17,43,Lama G.,410,4,0,4,0,2,0,2,2022-02-22,Santiago,Chile Open,Indoor,Clay,1.4,3.0,1
Khachanov K.,11,378,217,161,44,38,173,123,De Minaur A.,19,272,161,111,30,19,131,92,2022-02-22,Dubai ,Dubai Tennis Championships,Outdoor,Hard,1.66,2.2,1
Karatsev A.,75,136,66,70,10,22,56,48,Mcdonald M.,60,190,87,103,11,15,76,88,2022-02-22,Dubai ,Dubai Tennis Championships,Outdoor,Hard,1.66,2.2,0
Harris L.,186,129,59,70,7,8,52,62,Molcan A.,120,86,45,41,1,6,44,35,2022-02-22,Dubai ,Dubai Tennis Championships,Outdoor,Hard,1.57,2.37,0
Ivashka I.,113,159,78,81,19,18,59,63,Kwon S.W.,68,108,53,55,12,6,41,49,2022-02-22,Dubai ,Dubai Tennis Championships,Outdoor,Hard,1.61,2.3,0
Davidovich Fokina A.,39,168,84,84,17,20,67,64,Sinner J.,8,224,153,71,42,19,111,52,2022-02-22,Dubai ,Dubai Tennis Championships,Outdoor,Hard,3.5,1.3,0
Cecchinato M.,108,204,79,125,2,14,77,111,Kecmanovic M.,40,210,107,103,12,16,95,87,2022-02-22,Santiago,Chile Open,Indoor,Clay,4.5,1.2,0
Baez S.,72,95,47,48,6,6,41,42,Varillas J.P.,77,22,10,12,1,3,9,9,2022-02-22,Santiago,Chile Open,Indoor,Clay,1.53,2.5,1
Popyrin A.,90,140,59,81,9,13,50,68,Basilashvili N.,118,301,138,163,26,34,112,129,2022-02-22,Dubai ,Dubai Tennis Championships,Outdoor,Hard,2.1,1.72,1
Rublev A.,7,392,255,137,57,34,198,103,Evans D.,30,251,124,127,18,16,106,111,2022-02-22,Dubai ,Dubai Tennis Championships,Outdoor,Hard,1.57,2.37,1
Rinderknech A.,67,96,46,50,16,12,30,38,Bautista Agut R.,25,379,234,145,31,29,203,116,2022-02-22,Dubai ,Dubai Tennis Championships,Outdoor,Hard,2.75,1.44,0
Shapovalov D.,29,298,166,132,30,27,136,105,Fucsovics M.,67,249,121,128,26,24,95,104,2022-02-22,Dubai ,Dubai Tennis Championships,Outdoor,Hard,1.57,2.37,1
Cerundolo J.M.,106,29,12,17,2,3,10,14,Taberner C.,181,37,13,24,4,6,9,18,2022-02-22,Santiago,Chile Open,Indoor,Clay,2.3,1.61,0
Galan D.E.,76,78,33,45,3,5,30,40,Munar J.,104,178,75,103,7,12,68,91,2022-02-22,Santiago,Chile Open,Indoor,Clay,2.1,1.72,0
Pucinelli de Almeida M.,264,2,1,1,1,1,0,0,Rune H.,6,131,83,48,28,9,55,39,2022-02-22,Santiago,Chile Open,Indoor,Clay,3.0,1.4,1
Monteiro T.,121,171,69,102,9,11,60,91,Jarry N.,28,141,73,68,9,6,64,62,2022-02-22,Santiago,Chile Open,Indoor,Clay,1.8,2.0,1
Bublik A.,25,219,110,109,39,30,71,79,Hurkacz H.,17,238,137,101,27,24,110,77,2022-02-22,Dubai ,Dubai Tennis Championships,Outdoor,Hard,2.62,1.5,0
Struff J.L.,21,369,170,199,43,42,127,157,Berankis R.,212,249,104,145,36,31,68,114,2022-02-22,Dubai ,Dubai Tennis Championships,Outdoor,Hard,1.66,2.2,0
Fritz T.,9,356,205,151,26,22,179,129,Mannarino A.,27,567,264,303,60,73,204,230,2022-02-22,Acapulco,Abierto Mexicano,Outdoor,Hard,1.3,3.5,1
Verdasco F.,244,962,537,425,79,79,458,346,Isner J.,114,755,465,290,53,45,412,245,2022-02-22,Acapulco,Abierto Mexicano,Outdoor,Hard,3.5,1.3,0
Nakashima B.,70,106,57,49,6,5,51,44,Gojowczyk P.,108,172,75,97,17,18,58,79,2022-02-22,Acapulco,Abierto Mexicano,Outdoor,Hard,1.1,7.0,0
Lajovic D.,66,378,163,215,21,36,142,179,Korda S.,26,126,75,51,15,9,60,42,2022-02-22,Acapulco,Abierto Mexicano,Outdoor,Hard,4.5,1.2,1
Kozlov S.,108,35,9,26,0,2,9,24,Dimitrov G.,20,651,389,262,79,50,310,212,2022-02-22,Acapulco,Abierto Mexicano,Outdoor,Hard,3.75,1.28,1
Otte O.,233,78,33,45,6,14,27,31,Carreno Busta P.,16,352,214,138,33,25,181,113,2022-02-22,Acapulco,Abierto Mexicano,Outdoor,Hard,3.2,1.36,0
Zverev A.,19,500,346,154,60,31,286,123,Brooksby J.,39,79,46,33,6,5,40,28,2022-02-22,Acapulco,Abierto Mexicano,Outdoor,Hard,1.2,4.5,1
Berankis R.,212,249,104,145,36,31,68,114,Popyrin A.,90,140,59,81,9,13,50,68,2022-02-23,Dubai ,Dubai Tennis Championships,Outdoor,Hard,2.5,1.53,1
Rublev A.,7,392,255,137,57,34,198,103,Kwon S.W.,68,108,53,55,12,6,41,49,2022-02-23,Dubai ,Dubai Tennis Championships,Outdoor,Hard,1.2,4.5,1
Djokovic N.,2,1207,1012,195,146,42,866,153,Khachanov K.,11,378,217,161,44,38,173,123,2022-02-23,Dubai ,Dubai Tennis Championships,Outdoor,Hard,1.12,6.0,1
Bautista Agut R.,25,379,234,145,31,29,203,116,Vesely J.,528,288,130,158,6,19,124,139,2022-02-23,Dubai ,Dubai Tennis Championships,Outdoor,Hard,1.16,5.0,0
Shapovalov D.,29,298,166,132,30,27,136,105,Daniel T.,111,178,67,111,3,10,64,101,2022-02-23,Dubai ,Dubai Tennis Championships,Outdoor,Hard,1.28,3.75,1
Monteiro T.,121,171,69,102,9,11,60,91,Delbonis F.,131,340,152,188,19,23,133,165,2022-02-23,Santiago,Chile Open,Indoor,Clay,2.1,1.72,1
Berrettini M.,38,217,142,75,14,11,128,64,Paul T.,14,204,111,93,19,13,92,80,2022-02-23,Acapulco,Abierto Mexicano,Outdoor,Hard,1.33,3.4,0
Paire B.,149,527,237,290,39,56,198,234,Medvedev D.,3,406,289,117,69,27,220,90,2022-02-23,Acapulco,Abierto Mexicano,Outdoor,Hard,10.0,1.06,0
Lopez F.,634,863,441,422,71,82,370,340,Nishioka Y.,31,215,99,116,15,15,84,101,2022-02-23,Acapulco,Abierto Mexicano,Outdoor,Hard,3.5,1.3,0
Krajinovic F.,93,240,115,125,38,34,77,91,Mcdonald M.,60,190,87,103,11,15,76,88,2022-02-23,Dubai ,Dubai Tennis Championships,Outdoor,Hard,2.5,1.53,0
Baez S.,72,95,47,48,6,6,41,42,Londero J.I.,142,83,34,49,3,5,31,44,2022-02-23,Santiago,Chile Open,Indoor,Clay,1.4,3.0,1
Tabilo A.,122,44,21,23,5,4,16,19,Olivo R.,179,55,23,32,4,4,19,28,2022-02-23,Santiago,Chile Open,Indoor,Clay,1.2,4.5,1
Giron M.,69,150,68,82,20,14,48,68,Millman J.,140,256,113,143,21,22,92,121,2022-02-23,Acapulco,Abierto Mexicano,Outdoor,Hard,1.8,2.0,1
Sinner J.,8,224,153,71,42,19,111,52,Murray A.,44,932,687,245,132,47,555,198,2022-02-23,Dubai ,Dubai Tennis Championships,Outdoor,Hard,1.3,3.5,1
Bagnis F.,135,121,39,82,9,8,30,74,Dellien H.,164,70,22,48,5,5,17,43,2022-02-23,Santiago,Chile Open,Indoor,Clay,1.72,2.1,1
Norrie C.,13,287,172,115,15,18,157,97,Altmaier D.,51,79,28,51,1,5,27,46,2022-02-23,Acapulco,Abierto Mexicano,Outdoor,Hard,1.16,5.0,1
Kudla D.,137,198,70,128,5,14,65,114,Nadal R.,2,1223,1017,206,76,40,941,166,2022-02-23,Acapulco,Abierto Mexicano,Outdoor,Hard,15.0,1.03,0
Andujar P.,323,404,164,240,12,30,152,210,Hernandez A.,521,5,1,4,0,0,1,4,2022-02-23,Acapulco,Abierto Mexicano,Outdoor,Hard,1.12,6.0,1
Wolf J.J.,45,75,39,36,8,6,31,30,Sonego L.,43,221,107,114,19,17,88,97,2022-02-23,Acapulco,Abierto Mexicano,Outdoor,Hard,2.75,1.44,1
Tsitsipas S.,5,390,264,126,49,32,215,94,Djere L.,38,243,120,123,10,22,110,101,2022-02-23,Acapulco,Abierto Mexicano,Outdoor,Hard,1.08,8.0,1
Molcan A.,120,86,45,41,1,6,44,35,Hurkacz H.,17,238,137,101,27,24,110,77,2022-02-23,Dubai ,Dubai Tennis Championships,Outdoor,Hard,4.33,1.22,0
Kecmanovic M.,40,210,107,103,12,16,95,87,Pucinelli de Almeida M.,264,2,1,1,1,1,0,0,2022-02-24,Santiago,Chile Open,Indoor,Clay,1.2,4.5,1
Seyboth Wild T.,117,28,12,16,7,3,5,13,Hanfmann Y.,50,99,50,49,5,4,45,45,2022-02-24,Santiago,Chile Open,Indoor,Clay,2.75,1.44,0
Medvedev D.,3,406,289,117,69,27,220,90,Nishioka Y.,31,215,99,116,15,15,84,101,2022-02-24,Acapulco,Abierto Mexicano,Outdoor,Hard,1.06,10.0,1
Tsitsipas S.,5,390,264,126,49,32,215,94,Wolf J.J.,45,75,39,36,8,6,31,30,2022-02-24,Acapulco,Abierto Mexicano,Outdoor,Hard,1.14,5.5,1
Gojowczyk P.,108,172,75,97,17,18,58,79,Zverev A.,19,500,346,154,60,31,286,123,2022-02-24,Acapulco,Abierto Mexicano,Outdoor,Hard,10.0,1.06,1
Nishioka Y.,31,215,99,116,15,15,84,101,Fritz T.,9,356,205,151,26,22,179,129,2022-02-24,Acapulco,Abierto Mexicano,Outdoor,Hard,4.5,1.2,1
Kozlov S.,108,35,9,26,0,2,9,24,Nadal R.,2,1223,1017,206,76,40,941,166,2022-02-24,Acapulco,Abierto Mexicano,Outdoor,Hard,26.0,1.01,0
Paul T.,14,204,111,93,19,13,92,80,Lajovic D.,66,378,163,215,21,36,142,179,2022-02-24,Acapulco,Abierto Mexicano,Outdoor,Hard,1.3,3.5,1
Norrie C.,13,287,172,115,15,18,157,97,Isner J.,114,755,465,290,53,45,412,245,2022-02-24,Acapulco,Abierto Mexicano,Outdoor,Hard,1.4,3.0,1
Carreno Busta P.,16,352,214,138,33,25,181,113,Giron M.,69,150,68,82,20,14,48,68,2022-02-24,Acapulco,Abierto Mexicano,Outdoor,Hard,1.33,3.4,0
Ramos-Vinolas A.,82,437,204,233,17,31,187,202,Taberner C.,181,37,13,24,4,6,9,18,2022-02-24,Santiago,Chile Open,Indoor,Clay,1.44,2.75,1
Munar J.,104,178,75,103,7,12,68,91,Martinez P.,135,118,50,68,7,6,43,62,2022-02-24,Santiago,Chile Open,Indoor,Clay,1.61,2.3,0
Shapovalov D.,29,298,166,132,30,27,136,105,Berankis R.,212,249,104,145,36,31,68,114,2022-02-24,Dubai ,Dubai Tennis Championships,Outdoor,Hard,1.2,4.5,1
Djokovic N.,2,1207,1012,195,146,42,866,153,Vesely J.,528,288,130,158,6,19,124,139,2022-02-24,Dubai ,Dubai Tennis Championships,Outdoor,Hard,1.05,11.0,0
Sinner J.,8,224,153,71,42,19,111,52,Hurkacz H.,17,238,137,101,27,24,110,77,2022-02-24,Dubai ,Dubai Tennis Championships,Outdoor,Hard,1.53,2.5,0
Mcdonald M.,60,190,87,103,11,15,76,88,Rublev A.,7,392,255,137,57,34,198,103,2022-02-24,Dubai ,Dubai Tennis Championships,Outdoor,Hard,3.75,1.28,0
Andujar P.,323,404,164,240,12,30,152,210,Medvedev D.,3,406,289,117,69,27,220,90,2022-02-24,Acapulco,Abierto Mexicano,Outdoor,Hard,17.0,1.02,0
Hanfmann Y.,50,99,50,49,5,4,45,45,Martinez P.,135,118,50,68,7,6,43,62,2022-02-25,Santiago,Chile Open,Indoor,Clay,2.1,1.72,0
Bagnis F.,135,121,39,82,9,8,30,74,Ramos-Vinolas A.,82,437,204,233,17,31,187,202,2022-02-25,Santiago,Chile Open,Indoor,Clay,2.3,1.61,0
Monteiro T.,121,171,69,102,9,11,60,91,Baez S.,72,95,47,48,6,6,41,42,2022-02-25,Santiago,Chile Open,Indoor,Clay,2.37,1.57,0
Garin C.,101,190,103,87,15,13,88,74,Tabilo A.,122,44,21,23,5,4,16,19,2022-02-25,Santiago,Chile Open,Indoor,Clay,2.3,1.61,0
Giron M.,69,150,68,82,20,14,48,68,Tsitsipas S.,5,390,264,126,49,32,215,94,2022-02-25,Acapulco,Abierto Mexicano,Outdoor,Hard,4.33,1.22,0
Vesely J.,528,288,130,158,6,19,124,139,Shapovalov D.,29,298,166,132,30,27,136,105,2022-02-25,Dubai ,Dubai Tennis Championships,Outdoor,Hard,2.75,1.44,1
Rublev A.,7,392,255,137,57,34,198,103,Hurkacz H.,17,238,137,101,27,24,110,77,2022-02-25,Dubai ,Dubai Tennis Championships,Outdoor,Hard,2.0,1.8,1
Gojowczyk P.,108,172,75,97,17,18,58,79,Norrie C.,13,287,172,115,15,18,157,97,2022-02-25,Acapulco,Abierto Mexicano,Outdoor,Hard,7.0,1.1,0
Paul T.,14,204,111,93,19,13,92,80,Nadal R.,2,1223,1017,206,76,40,941,166,2022-02-25,Acapulco,Abierto Mexicano,Outdoor,Hard,7.0,1.1,0
Martinez P.,135,118,50,68,7,6,43,62,Tabilo A.,122,44,21,23,5,4,16,19,2022-02-26,Santiago,Chile Open,Indoor,Clay,2.3,1.61,1
Ramos-Vinolas A.,82,437,204,233,17,31,187,202,Baez S.,72,95,47,48,6,6,41,42,2022-02-26,Santiago,Chile Open,Indoor,Clay,1.8,2.0,0
Vesely J.,528,288,130,158,6,19,124,139,Rublev A.,7,392,255,137,57,34,198,103,2022-02-26,Dubai ,Dubai Tennis Championships,Outdoor,Hard,3.4,1.33,0
Kecmanovic M.,40,210,107,103,12,16,95,87,Tabilo A.,122,44,21,23,5,4,16,19,2022-02-26,Santiago,Chile Open,Indoor,Clay,2.0,1.8,0
Nadal R.,2,1223,1017,206,76,40,941,166,Medvedev D.,3,406,289,117,69,27,220,90,2022-02-26,Acapulco,Abierto Mexicano,Outdoor,Hard,2.2,1.66,1
Norrie C.,13,287,172,115,15,18,157,97,Tsitsipas S.,5,390,264,126,49,32,215,94,2022-02-26,Acapulco,Abierto Mexicano,Outdoor,Hard,2.62,1.5,1
Norrie C.,13,287,172,115,15,18,157,97,Nadal R.,2,1223,1017,206,76,40,941,166,2022-02-27,Acapulco,Abierto Mexicano,Outdoor,Hard,5.0,1.16,0
Martinez P.,135,118,50,68,7,6,43,62,Baez S.,72,95,47,48,6,6,41,42,2022-02-27,Santiago,Chile Open,Indoor,Clay,2.2,1.66,1
Giron M.,69,150,68,82,20,14,48,68,Musetti L.,18,143,79,64,12,12,67,52,2022-03-10,Indian Wells,BNP Paribas Open,Outdoor,Hard,1.61,2.3,0
Cressy M.,96,96,42,54,10,11,32,43,Eubanks C.,29,64,28,36,1,3,27,33,2022-03-10,Indian Wells,BNP Paribas Open,Outdoor,Hard,1.53,2.5,0
Cerundolo J.M.,106,29,12,17,2,3,10,14,Sock J.,166,324,177,147,38,24,139,123,2022-03-10,Indian Wells,BNP Paribas Open,Outdoor,Hard,3.75,1.28,0
Carballes Baena R.,64,207,91,116,11,10,80,106,Brooksby J.,39,79,46,33,6,5,40,28,2022-03-10,Indian Wells,BNP Paribas Open,Outdoor,Hard,6.0,1.12,0
Davidovich Fokina A.,39,168,84,84,17,20,67,64,Coric B.,15,343,185,158,28,28,157,130,2022-03-10,Indian Wells,BNP Paribas Open,Outdoor,Hard,1.25,4.0,1
Cuevas P.,149,421,210,211,34,25,176,186,Coria F.,108,99,43,56,2,6,41,50,2022-03-10,Indian Wells,BNP Paribas Open,Outdoor,Hard,2.2,1.66,0
Mcdonald M.,60,190,87,103,11,15,76,88,Fucsovics M.,67,249,121,128,26,24,95,104,2022-03-10,Indian Wells,BNP Paribas Open,Outdoor,Hard,1.72,2.1,1
Krajinovic F.,93,240,115,125,38,34,77,91,Lajovic D.,66,378,163,215,21,36,142,179,2022-03-10,Indian Wells,BNP Paribas Open,Outdoor,Hard,1.57,2.37,1
Andujar P.,323,404,164,240,12,30,152,210,Fognini F.,128,742,383,359,39,48,344,311,2022-03-10,Indian Wells,BNP Paribas Open,Outdoor,Hard,3.0,1.4,0
Rinderknech A.,67,96,46,50,16,12,30,38,Bonzi B.,107,83,37,46,10,13,27,33,2022-03-10,Indian Wells,BNP Paribas Open,Outdoor,Hard,1.72,2.1,0
Kwon S.W.,68,108,53,55,12,6,41,49,Djere L.,38,243,120,123,10,22,110,101,2022-03-10,Indian Wells,BNP Paribas Open,Outdoor,Hard,1.36,3.2,0
Kukushkin M.,221,352,141,211,50,49,91,162,Paul T.,14,204,111,93,19,13,92,80,2022-03-11,Indian Wells,BNP Paribas Open,Outdoor,Hard,4.33,1.22,0
Broady L.,125,47,18,29,5,3,13,26,Kecmanovic M.,40,210,107,103,12,16,95,87,2022-03-11,Indian Wells,BNP Paribas Open,Outdoor,Hard,2.75,1.44,0
Koepfer D.,84,86,38,48,3,3,35,45,Paire B.,149,527,237,290,39,56,198,234,2022-03-11,Indian Wells,BNP Paribas Open,Outdoor,Hard,1.9,1.9,1
Thompson J.,71,221,96,125,10,10,86,115,Goffin D.,123,522,296,226,66,52,230,174,2022-03-11,Indian Wells,BNP Paribas Open,Outdoor,Hard,2.37,1.57,1
Murray A.,44,932,687,245,132,47,555,198,Daniel T.,111,178,67,111,3,10,64,101,2022-03-11,Indian Wells,BNP Paribas Open,Outdoor,Hard,1.4,3.0,1
Ruusuvuori E.,55,158,79,79,16,18,63,61,Kohlschreiber P.,132,812,446,366,76,73,370,293,2022-03-11,Indian Wells,BNP Paribas Open,Outdoor,Hard,1.25,4.0,1
Shang J.,149,12,4,8,0,0,4,8,Munar J.,104,178,75,103,7,12,68,91,2022-03-11,Indian Wells,BNP Paribas Open,Outdoor,Hard,4.0,1.25,0
Kokkinakis T.,86,124,55,69,0,4,55,65,Korda S.,26,126,75,51,15,9,60,42,2022-03-11,Indian Wells,BNP Paribas Open,Outdoor,Hard,2.37,1.57,0
Sousa J.,147,436,189,247,42,44,147,203,Martinez P.,135,118,50,68,7,6,43,62,2022-03-11,Indian Wells,BNP Paribas Open,Outdoor,Hard,2.62,1.5,0
Baez S.,72,95,47,48,6,6,41,42,Kyrgios N.,25,303,195,108,11,7,184,101,2022-03-11,Indian Wells,BNP Paribas Open,Outdoor,Hard,2.75,1.44,0
Machac T.,108,18,6,12,1,1,5,11,Popyrin A.,90,140,59,81,9,13,50,68,2022-03-11,Indian Wells,BNP Paribas Open,Outdoor,Hard,1.66,2.2,1
Wolf J.J.,45,75,39,36,8,6,31,30,Gaston H.,109,58,24,34,5,9,19,25,2022-03-11,Indian Wells,BNP Paribas Open,Outdoor,Hard,1.5,2.62,1
Gasquet R.,48,948,581,367,133,82,448,285,Otte O.,233,78,33,45,6,14,27,31,2022-03-11,Indian Wells,BNP Paribas Open,Outdoor,Hard,1.66,2.2,0
Evans D.,30,251,124,127,18,16,106,111,Coria F.,108,99,43,56,2,6,41,50,2022-03-12,Indian Wells,BNP Paribas Open,Outdoor,Hard,1.14,5.5,1
Sonego L.,43,221,107,114,19,17,88,97,Bonzi B.,107,83,37,46,10,13,27,33,2022-03-12,Indian Wells,BNP Paribas Open,Outdoor,Hard,1.9,1.9,0
Davidovich Fokina A.,39,168,84,84,17,20,67,64,Shapovalov D.,29,298,166,132,30,27,136,105,2022-03-12,Indian Wells,BNP Paribas Open,Outdoor,Hard,3.0,1.4,0
Krajinovic F.,93,240,115,125,38,34,77,91,Monfils G.,323,816,510,306,131,65,379,241,2022-03-12,Indian Wells,BNP Paribas Open,Outdoor,Hard,2.75,1.44,0
Ruud C.,4,275,176,99,19,16,157,83,Eubanks C.,29,64,28,36,1,3,27,33,2022-03-12,Indian Wells,BNP Paribas Open,Outdoor,Hard,1.2,4.5,1
Norrie C.,13,287,172,115,15,18,157,97,Martinez P.,135,118,50,68,7,6,43,62,2022-03-12,Indian Wells,BNP Paribas Open,Outdoor,Hard,1.2,4.5,1
Opelka R.,17,168,88,80,17,10,71,70,Musetti L.,18,143,79,64,12,12,67,52,2022-03-12,Indian Wells,BNP Paribas Open,Outdoor,Hard,1.44,2.75,1
Nadal R.,2,1223,1017,206,76,40,941,166,Korda S.,26,126,75,51,15,9,60,42,2022-03-12,Indian Wells,BNP Paribas Open,Outdoor,Hard,1.12,6.0,1
Machac T.,108,18,6,12,1,1,5,11,Medvedev D.,3,406,289,117,69,27,220,90,2022-03-12,Indian Wells,BNP Paribas Open,Outdoor,Hard,11.0,1.05,0
Bautista Agut R.,25,379,234,145,31,29,203,116,Wolf J.J.,45,75,39,36,8,6,31,30,2022-03-12,Indian Wells,BNP Paribas Open,Outdoor,Hard,1.22,4.33,1
Nakashima B.,70,106,57,49,6,5,51,44,Mannarino A.,27,567,264,303,60,73,204,230,2022-03-12,Indian Wells,BNP Paribas Open,Outdoor,Hard,1.57,2.37,1
Griekspoor T.,37,97,47,50,7,14,40,36,Querrey S.,287,678,369,309,48,39,321,270,2022-03-12,Indian Wells,BNP Paribas Open,Outdoor,Hard,1.22,4.33,0
Sandgren T.,153,121,47,74,2,9,45,65,Van De Zandschulp B.,44,117,63,54,11,11,52,43,2022-03-12,Indian Wells,BNP Paribas Open,Outdoor,Hard,3.4,1.33,0
Majchrzak K.,121,50,19,31,3,4,16,27,Bedene A.,347,291,131,160,18,23,113,137,2022-03-12,Indian Wells,BNP Paribas Open,Outdoor,Hard,1.22,4.33,1
Johnson S.,197,395,196,199,16,23,180,176,Altmaier D.,51,79,28,51,1,5,27,46,2022-03-12,Indian Wells,BNP Paribas Open,Outdoor,Hard,1.9,1.9,1
Laaksonen H.,125,101,37,64,7,16,30,48,Bagnis F.,135,121,39,82,9,8,30,74,2022-03-12,Indian Wells,BNP Paribas Open,Outdoor,Hard,1.57,2.37,0
Struff J.L.,21,369,170,199,43,42,127,157,Millman J.,140,256,113,143,21,22,92,121,2022-03-12,Indian Wells,BNP Paribas Open,Outdoor,Hard,2.5,1.53,0
Humbert U.,36,170,80,90,23,21,57,69,Rune H.,6,131,83,48,28,9,55,39,2022-03-12,Indian Wells,BNP Paribas Open,Outdoor,Hard,1.8,2.0,0
Alcaraz C.,1,164,130,34,10,5,120,29,Mcdonald M.,60,190,87,103,11,15,76,88,2022-03-12,Indian Wells,BNP Paribas Open,Outdoor,Hard,1.25,4.0,1
Harris L.,186,129,59,70,7,8,52,62,Bagnis F.,135,121,39,82,9,8,30,74,2022-03-13,Indian Wells,BNP Paribas Open,Outdoor,Hard,1.61,2.3,1
Berrettini M.,38,217,142,75,14,11,128,64,Rune H.,6,131,83,48,28,9,55,39,2022-03-13,Indian Wells,BNP Paribas Open,Outdoor,Hard,1.3,3.5,1
Ruusuvuori E.,55,158,79,79,16,18,63,61,Schwartzman D.,95,428,233,195,32,27,201,168,2022-03-13,Indian Wells,BNP Paribas Open,Outdoor,Hard,2.2,1.66,0
Fritz T.,9,356,205,151,26,22,179,129,Majchrzak K.,121,50,19,31,3,4,16,27,2022-03-13,Indian Wells,BNP Paribas Open,Outdoor,Hard,1.22,4.33,1
Van De Zandschulp B.,44,117,63,54,11,11,52,43,Auger-Aliassime F.,12,268,163,105,48,22,115,83,2022-03-13,Indian Wells,BNP Paribas Open,Outdoor,Hard,3.75,1.28,1
Murray A.,44,932,687,245,132,47,555,198,Bublik A.,25,219,110,109,39,30,71,79,2022-03-13,Indian Wells,BNP Paribas Open,Outdoor,Hard,1.61,2.3,0
Rublev A.,7,392,255,137,57,34,198,103,Koepfer D.,84,86,38,48,3,3,35,45,2022-03-13,Indian Wells,BNP Paribas Open,Outdoor,Hard,1.07,9.0,1
Otte O.,233,78,33,45,6,14,27,31,Hurkacz H.,17,238,137,101,27,24,110,77,2022-03-13,Indian Wells,BNP Paribas Open,Outdoor,Hard,4.33,1.22,0
Isner J.,114,755,465,290,53,45,412,245,Querrey S.,287,678,369,309,48,39,321,270,2022-03-13,Indian Wells,BNP Paribas Open,Outdoor,Hard,1.36,3.2,1
Cilic M.,100,853,543,310,119,65,424,245,Kecmanovic M.,40,210,107,103,12,16,95,87,2022-03-13,Indian Wells,BNP Paribas Open,Outdoor,Hard,1.57,2.37,0
Kyrgios N.,25,303,195,108,11,7,184,101,Delbonis F.,131,340,152,188,19,23,133,165,2022-03-13,Indian Wells,BNP Paribas Open,Outdoor,Hard,1.16,5.0,1
Khachanov K.,11,378,217,161,44,38,173,123,Brooksby J.,39,79,46,33,6,5,40,28,2022-03-13,Indian Wells,BNP Paribas Open,Outdoor,Hard,1.9,1.9,0
Basilashvili N.,118,301,138,163,26,34,112,129,Fognini F.,128,742,383,359,39,48,344,311,2022-03-13,Indian Wells,BNP Paribas Open,Outdoor,Hard,1.8,2.0,1
Tsitsipas S.,5,390,264,126,49,32,215,94,Sock J.,166,324,177,147,38,24,139,123,2022-03-13,Indian Wells,BNP Paribas Open,Outdoor,Hard,1.16,5.0,1
Djere L.,38,243,120,123,10,22,110,101,Sinner J.,8,224,153,71,42,19,111,52,2022-03-13,Indian Wells,BNP Paribas Open,Outdoor,Hard,6.5,1.11,0
Karatsev A.,75,136,66,70,10,22,56,48,Johnson S.,197,395,196,199,16,23,180,176,2022-03-13,Indian Wells,BNP Paribas Open,Outdoor,Hard,1.44,2.75,0
Opelka R.,17,168,88,80,17,10,71,70,Shapovalov D.,29,298,166,132,30,27,136,105,2022-03-14,Indian Wells,BNP Paribas Open,Outdoor,Hard,2.0,1.8,1
Nadal R.,2,1223,1017,206,76,40,941,166,Evans D.,30,251,124,127,18,16,106,111,2022-03-14,Indian Wells,BNP Paribas Open,Outdoor,Hard,1.12,6.0,1
Medvedev D.,3,406,289,117,69,27,220,90,Monfils G.,323,816,510,306,131,65,379,241,2022-03-14,Indian Wells,BNP Paribas Open,Outdoor,Hard,1.12,6.0,0
Paul T.,14,204,111,93,19,13,92,80,Zverev A.,19,500,346,154,60,31,286,123,2022-03-14,Indian Wells,BNP Paribas Open,Outdoor,Hard,4.0,1.25,1
Bautista Agut R.,25,379,234,145,31,29,203,116,Alcaraz C.,1,164,130,34,10,5,120,29,2022-03-14,Indian Wells,BNP Paribas Open,Outdoor,Hard,2.75,1.44,0
Thompson J.,71,221,96,125,10,10,86,115,Dimitrov G.,20,651,389,262,79,50,310,212,2022-03-14,Indian Wells,BNP Paribas Open,Outdoor,Hard,3.5,1.3,0
De Minaur A.,19,272,161,111,30,19,131,92,Millman J.,140,256,113,143,21,22,92,121,2022-03-14,Indian Wells,BNP Paribas Open,Outdoor,Hard,1.33,3.4,1
Nakashima B.,70,106,57,49,6,5,51,44,Tiafoe F.,10,303,158,145,24,23,134,122,2022-03-14,Indian Wells,BNP Paribas Open,Outdoor,Hard,1.53,2.5,0
Munar J.,104,178,75,103,7,12,68,91,Carreno Busta P.,16,352,214,138,33,25,181,113,2022-03-14,Indian Wells,BNP Paribas Open,Outdoor,Hard,3.2,1.36,1
Isner J.,114,755,465,290,53,45,412,245,Schwartzman D.,95,428,233,195,32,27,201,168,2022-03-15,Indian Wells,BNP Paribas Open,Outdoor,Hard,2.0,1.8,1
Sinner J.,8,224,153,71,42,19,111,52,Bonzi B.,107,83,37,46,10,13,27,33,2022-03-15,Indian Wells,BNP Paribas Open,Outdoor,Hard,1.22,4.33,1
Tsitsipas S.,5,390,264,126,49,32,215,94,Brooksby J.,39,79,46,33,6,5,40,28,2022-03-15,Indian Wells,BNP Paribas Open,Outdoor,Hard,1.61,2.3,0
Basilashvili N.,118,301,138,163,26,34,112,129,Norrie C.,13,287,172,115,15,18,157,97,2022-03-15,Indian Wells,BNP Paribas Open,Outdoor,Hard,4.33,1.22,0
Ruud C.,4,275,176,99,19,16,157,83,Kyrgios N.,25,303,195,108,11,7,184,101,2022-03-15,Indian Wells,BNP Paribas Open,Outdoor,Hard,1.8,2.0,0
Van De Zandschulp B.,44,117,63,54,11,11,52,43,Kecmanovic M.,40,210,107,103,12,16,95,87,2022-03-15,Indian Wells,BNP Paribas Open,Outdoor,Hard,1.61,2.3,0
Harris L.,186,129,59,70,7,8,52,62,Berrettini M.,38,217,142,75,14,11,128,64,2022-03-15,Indian Wells,BNP Paribas Open,Outdoor,Hard,4.0,1.25,0
Fritz T.,9,356,205,151,26,22,179,129,Munar J.,104,178,75,103,7,12,68,91,2022-03-15,Indian Wells,BNP Paribas Open,Outdoor,Hard,1.2,4.5,1
Paul T.,14,204,111,93,19,13,92,80,De Minaur A.,19,272,161,111,30,19,131,92,2022-03-15,Indian Wells,BNP Paribas Open,Outdoor,Hard,1.8,2.0,0
Dimitrov G.,20,651,389,262,79,50,310,212,Isner J.,114,755,465,290,53,45,412,245,2022-03-16,Indian Wells,BNP Paribas Open,Outdoor,Hard,1.9,1.9,1
Nadal R.,2,1223,1017,206,76,40,941,166,Opelka R.,17,168,88,80,17,10,71,70,2022-03-16,Indian Wells,BNP Paribas Open,Outdoor,Hard,1.22,4.33,1
Hurkacz H.,17,238,137,101,27,24,110,77,Rublev A.,7,392,255,137,57,34,198,103,2022-03-16,Indian Wells,BNP Paribas Open,Outdoor,Hard,2.5,1.53,0
Fritz T.,9,356,205,151,26,22,179,129,De Minaur A.,19,272,161,111,30,19,131,92,2022-03-16,Indian Wells,BNP Paribas Open,Outdoor,Hard,1.72,2.1,1
Kyrgios N.,25,303,195,108,11,7,184,101,Sinner J.,8,224,153,71,42,19,111,52,2022-03-16,Indian Wells,BNP Paribas Open,Outdoor,Hard,2.0,1.8,1
Berrettini M.,38,217,142,75,14,11,128,64,Kecmanovic M.,40,210,107,103,12,16,95,87,2022-03-16,Indian Wells,BNP Paribas Open,Outdoor,Hard,1.4,3.0,0
Rublev A.,7,392,255,137,57,34,198,103,Tiafoe F.,10,303,158,145,24,23,134,122,2022-03-16,Indian Wells,BNP Paribas Open,Outdoor,Hard,1.36,3.2,1
Bublik A.,25,219,110,109,39,30,71,79,Dimitrov G.,20,651,389,262,79,50,310,212,2022-03-16,Indian Wells,BNP Paribas Open,Outdoor,Hard,2.0,1.8,0
Johnson S.,197,395,196,199,16,23,180,176,Hurkacz H.,17,238,137,101,27,24,110,77,2022-03-16,Indian Wells,BNP Paribas Open,Outdoor,Hard,3.75,1.28,0
Alcaraz C.,1,164,130,34,10,5,120,29,Monfils G.,323,816,510,306,131,65,379,241,2022-03-17,Indian Wells,BNP Paribas Open,Outdoor,Hard,1.3,3.5,1
Brooksby J.,39,79,46,33,6,5,40,28,Norrie C.,13,287,172,115,15,18,157,97,2022-03-17,Indian Wells,BNP Paribas Open,Outdoor,Hard,2.1,1.72,0
Nadal R.,2,1223,1017,206,76,40,941,166,Kyrgios N.,25,303,195,108,11,7,184,101,2022-03-17,Indian Wells,BNP Paribas Open,Outdoor,Hard,1.4,3.0,1
Kecmanovic M.,40,210,107,103,12,16,95,87,Fritz T.,9,356,205,151,26,22,179,129,2022-03-18,Indian Wells,BNP Paribas Open,Outdoor,Hard,2.37,1.57,0
Rublev A.,7,392,255,137,57,34,198,103,Dimitrov G.,20,651,389,262,79,50,310,212,2022-03-18,Indian Wells,BNP Paribas Open,Outdoor,Hard,1.33,3.4,1
Norrie C.,13,287,172,115,15,18,157,97,Alcaraz C.,1,164,130,34,10,5,120,29,2022-03-18,Indian Wells,BNP Paribas Open,Outdoor,Hard,3.2,1.36,0
Fritz T.,9,356,205,151,26,22,179,129,Rublev A.,7,392,255,137,57,34,198,103,2022-03-19,Indian Wells,BNP Paribas Open,Outdoor,Hard,2.75,1.44,1
Alcaraz C.,1,164,130,34,10,5,120,29,Nadal R.,2,1223,1017,206,76,40,941,166,2022-03-19,Indian Wells,BNP Paribas Open,Outdoor,Hard,2.3,1.61,0
Fritz T.,9,356,205,151,26,22,179,129,Nadal R.,2,1223,1017,206,76,40,941,166,2022-03-20,Indian Wells,BNP Paribas Open,Outdoor,Hard,4.5,1.2,1
Shang J.,149,12,4,8,0,0,4,8,Kudla D.,137,198,70,128,5,14,65,114,2022-03-23,Miami,Miami Open,Outdoor,Hard,3.4,1.33,0
Coric B.,15,343,185,158,28,28,157,130,Verdasco F.,244,962,537,425,79,79,458,346,2022-03-23,Miami,Miami Open,Outdoor,Hard,1.72,2.1,1
Goffin D.,123,522,296,226,66,52,230,174,Carballes Baena R.,64,207,91,116,11,10,80,106,2022-03-23,Miami,Miami Open,Outdoor,Hard,1.4,3.0,1
Galan D.E.,76,78,33,45,3,5,30,40,Millman J.,140,256,113,143,21,22,92,121,2022-03-23,Miami,Miami Open,Outdoor,Hard,2.75,1.44,1
Laaksonen H.,125,101,37,64,7,16,30,48,Paire B.,149,527,237,290,39,56,198,234,2022-03-23,Miami,Miami Open,Outdoor,Hard,1.9,1.9,1
Otte O.,233,78,33,45,6,14,27,31,Krueger M.,228,24,7,17,0,1,7,16,2022-03-23,Miami,Miami Open,Outdoor,Hard,1.66,2.2,1
Cerundolo J.M.,106,29,12,17,2,3,10,14,Lajovic D.,66,378,163,215,21,36,142,179,2022-03-23,Miami,Miami Open,Outdoor,Hard,7.0,1.1,1
Mcdonald M.,60,190,87,103,11,15,76,88,Koepfer D.,84,86,38,48,3,3,35,45,2022-03-23,Miami,Miami Open,Outdoor,Hard,1.36,3.2,1
Cerundolo F.,21,104,58,46,3,7,55,39,Griekspoor T.,37,97,47,50,7,14,40,36,2022-03-23,Miami,Miami Open,Outdoor,Hard,3.4,1.33,1
Munar J.,104,178,75,103,7,12,68,91,Daniel T.,111,178,67,111,3,10,64,101,2022-03-23,Miami,Miami Open,Outdoor,Hard,1.72,2.1,0
Kwon S.W.,68,108,53,55,12,6,41,49,Nakashima B.,70,106,57,49,6,5,51,44,2022-03-23,Miami,Miami Open,Outdoor,Hard,2.37,1.57,0
Draper J.,55,51,29,22,2,3,27,19,Simon G.,188,869,491,378,135,94,356,284,2022-03-23,Miami,Miami Open,Outdoor,Hard,1.5,2.62,1
Nava E.,242,13,2,11,0,0,2,11,Gaston H.,109,58,24,34,5,9,19,25,2022-03-23,Miami,Miami Open,Outdoor,Hard,2.3,1.61,0
Wolf J.J.,45,75,39,36,8,6,31,30,Altmaier D.,51,79,28,51,1,5,27,46,2022-03-24,Miami,Miami Open,Outdoor,Hard,1.53,2.5,1
Sock J.,166,324,177,147,38,24,139,123,Kecmanovic M.,40,210,107,103,12,16,95,87,2022-03-24,Miami,Miami Open,Outdoor,Hard,2.1,1.72,0
Murray A.,44,932,687,245,132,47,555,198,Delbonis F.,131,340,152,188,19,23,133,165,2022-03-24,Miami,Miami Open,Outdoor,Hard,1.16,5.0,1
Bonzi B.,107,83,37,46,10,13,27,33,Paul T.,14,204,111,93,19,13,92,80,2022-03-24,Miami,Miami Open,Outdoor,Hard,2.62,1.5,0
Rinderknech A.,67,96,46,50,16,12,30,38,Djere L.,38,243,120,123,10,22,110,101,2022-03-24,Miami,Miami Open,Outdoor,Hard,1.53,2.5,1
Van De Zandschulp B.,44,117,63,54,11,11,52,43,Kukushkin M.,221,352,141,211,50,49,91,162,2022-03-24,Miami,Miami Open,Outdoor,Hard,1.28,3.75,0
Fucsovics M.,67,249,121,128,26,24,95,104,Giron M.,69,150,68,82,20,14,48,68,2022-03-24,Miami,Miami Open,Outdoor,Hard,1.72,2.1,1
Baez S.,72,95,47,48,6,6,41,42,Majchrzak K.,121,50,19,31,3,4,16,27,2022-03-24,Miami,Miami Open,Outdoor,Hard,2.1,1.72,0
Tsonga J.W.,297,672,444,228,139,62,305,166,Thompson J.,71,221,96,125,10,10,86,115,2022-03-24,Miami,Miami Open,Outdoor,Hard,2.5,1.53,0
Musetti L.,18,143,79,64,12,12,67,52,Popyrin A.,90,140,59,81,9,13,50,68,2022-03-24,Miami,Miami Open,Outdoor,Hard,1.57,2.37,0
Davidovich Fokina A.,39,168,84,84,17,20,67,64,Korda S.,26,126,75,51,15,9,60,42,2022-03-24,Miami,Miami Open,Outdoor,Hard,2.75,1.44,0
Struff J.L.,21,369,170,199,43,42,127,157,Martinez P.,135,118,50,68,7,6,43,62,2022-03-24,Miami,Miami Open,Outdoor,Hard,2.1,1.72,0
Harris L.,186,129,59,70,7,8,52,62,Bagnis F.,135,121,39,82,9,8,30,74,2022-03-24,Miami,Miami Open,Outdoor,Hard,1.3,3.5,1
Gomez E.,155,26,7,19,2,2,5,17,Nishioka Y.,31,215,99,116,15,15,84,101,2022-03-24,Miami,Miami Open,Outdoor,Hard,3.75,1.28,0
Bedene A.,347,291,131,160,18,23,113,137,Humbert U.,36,170,80,90,23,21,57,69,2022-03-24,Miami,Miami Open,Outdoor,Hard,3.4,1.33,0
Kokkinakis T.,86,124,55,69,0,4,55,65,Gasquet R.,48,948,581,367,133,82,448,285,2022-03-24,Miami,Miami Open,Outdoor,Hard,1.4,3.0,1
Mannarino A.,27,567,264,303,60,73,204,230,Kyrgios N.,25,303,195,108,11,7,184,101,2022-03-24,Miami,Miami Open,Outdoor,Hard,4.5,1.2,0
Cressy M.,96,96,42,54,10,11,32,43,Ruusuvuori E.,55,158,79,79,16,18,63,61,2022-03-24,Miami,Miami Open,Outdoor,Hard,2.37,1.57,0
Coria F.,108,99,43,56,2,6,41,50,Brooksby J.,39,79,46,33,6,5,40,28,2022-03-24,Miami,Miami Open,Outdoor,Hard,13.0,1.04,0
Opelka R.,17,168,88,80,17,10,71,70,Cerundolo F.,21,104,58,46,3,7,55,39,2022-03-25,Miami,Miami Open,Outdoor,Hard,1.16,5.0,0
Galan D.E.,76,78,33,45,3,5,30,40,Bublik A.,25,219,110,109,39,30,71,79,2022-03-25,Miami,Miami Open,Outdoor,Hard,3.0,1.4,0
Draper J.,55,51,29,22,2,3,27,19,Norrie C.,13,287,172,115,15,18,157,97,2022-03-25,Miami,Miami Open,Outdoor,Hard,5.0,1.16,0
Mcdonald M.,60,190,87,103,11,15,76,88,Dimitrov G.,20,651,389,262,79,50,310,212,2022-03-25,Miami,Miami Open,Outdoor,Hard,2.37,1.57,1
Sonego L.,43,221,107,114,19,17,88,97,Kudla D.,137,198,70,128,5,14,65,114,2022-03-25,Miami,Miami Open,Outdoor,Hard,1.5,2.62,0
Monfils G.,323,816,510,306,131,65,379,241,Otte O.,233,78,33,45,6,14,27,31,2022-03-25,Miami,Miami Open,Outdoor,Hard,1.25,4.0,1
Rublev A.,7,392,255,137,57,34,198,103,Kyrgios N.,25,303,195,108,11,7,184,101,2022-03-25,Miami,Miami Open,Outdoor,Hard,1.66,2.2,0
Fognini F.,128,742,383,359,39,48,344,311,Daniel T.,111,178,67,111,3,10,64,101,2022-03-25,Miami,Miami Open,Outdoor,Hard,2.37,1.57,1
Sinner J.,8,224,153,71,42,19,111,52,Ruusuvuori E.,55,158,79,79,16,18,63,61,2022-03-25,Miami,Miami Open,Outdoor,Hard,1.4,3.0,1
Isner J.,114,755,465,290,53,45,412,245,Gaston H.,109,58,24,34,5,9,19,25,2022-03-25,Miami,Miami Open,Outdoor,Hard,1.25,4.0,0
Coric B.,15,343,185,158,28,28,157,130,Zverev A.,19,500,346,154,60,31,286,123,2022-03-25,Miami,Miami Open,Outdoor,Hard,5.5,1.14,0
Goffin D.,123,522,296,226,66,52,230,174,Carreno Busta P.,16,352,214,138,33,25,181,113,2022-03-25,Miami,Miami Open,Outdoor,Hard,2.75,1.44,0
Anderson K.,652,598,347,251,48,38,299,213,Cerundolo J.M.,106,29,12,17,2,3,10,14,2022-03-25,Miami,Miami Open,Outdoor,Hard,,,0
Kokkinakis T.,86,124,55,69,0,4,55,65,Schwartzman D.,95,428,233,195,32,27,201,168,2022-03-25,Miami,Miami Open,Outdoor,Hard,2.1,1.72,1
Tsitsipas S.,5,390,264,126,49,32,215,94,Wolf J.J.,45,75,39,36,8,6,31,30,2022-03-26,Miami,Miami Open,Outdoor,Hard,1.2,4.5,1
Harris L.,186,129,59,70,7,8,52,62,Shapovalov D.,29,298,166,132,30,27,136,105,2022-03-26,Miami,Miami Open,Outdoor,Hard,2.75,1.44,1
Korda S.,26,126,75,51,15,9,60,42,Ramos-Vinolas A.,82,437,204,233,17,31,187,202,2022-03-26,Miami,Miami Open,Outdoor,Hard,1.14,5.5,1
Fritz T.,9,356,205,151,26,22,179,129,Kukushkin M.,221,352,141,211,50,49,91,162,2022-03-26,Miami,Miami Open,Outdoor,Hard,1.25,4.0,1
Humbert U.,36,170,80,90,23,21,57,69,Karatsev A.,75,136,66,70,10,22,56,48,2022-03-26,Miami,Miami Open,Outdoor,Hard,2.2,1.66,0
Kecmanovic M.,40,210,107,103,12,16,95,87,Auger-Aliassime F.,12,268,163,105,48,22,115,83,2022-03-26,Miami,Miami Open,Outdoor,Hard,3.0,1.4,1
Nishioka Y.,31,215,99,116,15,15,84,101,Evans D.,30,251,124,127,18,16,106,111,2022-03-26,Miami,Miami Open,Outdoor,Hard,2.5,1.53,1
Brooksby J.,39,79,46,33,6,5,40,28,Basilashvili N.,118,301,138,163,26,34,112,129,2022-03-26,Miami,Miami Open,Outdoor,Hard,1.36,3.2,1
Martinez P.,135,118,50,68,7,6,43,62,Garin C.,101,190,103,87,15,13,88,74,2022-03-26,Miami,Miami Open,Outdoor,Hard,1.44,2.75,1
Murray A.,44,932,687,245,132,47,555,198,Medvedev D.,3,406,289,117,69,27,220,90,2022-03-26,Miami,Miami Open,Outdoor,Hard,6.0,1.12,0
Paul T.,14,204,111,93,19,13,92,80,Khachanov K.,11,378,217,161,44,38,173,123,2022-03-26,Miami,Miami Open,Outdoor,Hard,2.0,1.8,1
Thompson J.,71,221,96,125,10,10,86,115,De Minaur A.,19,272,161,111,30,19,131,92,2022-03-26,Miami,Miami Open,Outdoor,Hard,4.0,1.25,0
Bautista Agut R.,25,379,234,145,31,29,203,116,Majchrzak K.,121,50,19,31,3,4,16,27,2022-03-26,Miami,Miami Open,Outdoor,Hard,1.22,4.33,1
Tiafoe F.,10,303,158,145,24,23,134,122,Nakashima B.,70,106,57,49,6,5,51,44,2022-03-26,Miami,Miami Open,Outdoor,Hard,2.0,1.8,1
Ruud C.,4,275,176,99,19,16,157,83,Laaksonen H.,125,101,37,64,7,16,30,48,2022-03-26,Miami,Miami Open,Outdoor,Hard,1.14,5.5,1
Rinderknech A.,67,96,46,50,16,12,30,38,Hurkacz H.,17,238,137,101,27,24,110,77,2022-03-26,Miami,Miami Open,Outdoor,Hard,3.4,1.33,0
Sinner J.,8,224,153,71,42,19,111,52,Carreno Busta P.,16,352,214,138,33,25,181,113,2022-03-27,Miami,Miami Open,Outdoor,Hard,1.53,2.5,1
Tiafoe F.,10,303,158,145,24,23,134,122,Cerundolo J.M.,106,29,12,17,2,3,10,14,2022-03-27,Miami,Miami Open,Outdoor,Hard,1.12,6.0,1
Bublik A.,25,219,110,109,39,30,71,79,Ruud C.,4,275,176,99,19,16,157,83,2022-03-27,Miami,Miami Open,Outdoor,Hard,3.5,1.3,0
Fognini F.,128,742,383,359,39,48,344,311,Kyrgios N.,25,303,195,108,11,7,184,101,2022-03-27,Miami,Miami Open,Outdoor,Hard,5.5,1.14,0
Fucsovics M.,67,249,121,128,26,24,95,104,Alcaraz C.,1,164,130,34,10,5,120,29,2022-03-27,Miami,Miami Open,Outdoor,Hard,5.5,1.14,0
Cilic M.,100,853,543,310,119,65,424,245,Popyrin A.,90,140,59,81,9,13,50,68,2022-03-27,Miami,Miami Open,Outdoor,Hard,1.44,2.75,1
Gaston H.,109,58,24,34,5,9,19,25,Norrie C.,13,287,172,115,15,18,157,97,2022-03-27,Miami,Miami Open,Outdoor,Hard,6.0,1.12,0
Paul T.,14,204,111,93,19,13,92,80,Fritz T.,9,356,205,151,26,22,179,129,2022-03-28,Miami,Miami Open,Outdoor,Hard,2.2,1.66,0
Monfils G.,323,816,510,306,131,65,379,241,Cerundolo F.,21,104,58,46,3,7,55,39,2022-03-28,Miami,Miami Open,Outdoor,Hard,1.16,5.0,0
Kudla D.,137,198,70,128,5,14,65,114,Kokkinakis T.,86,124,55,69,0,4,55,65,2022-03-28,Miami,Miami Open,Outdoor,Hard,3.4,1.33,0
Zverev A.,19,500,346,154,60,31,286,123,Mcdonald M.,60,190,87,103,11,15,76,88,2022-03-28,Miami,Miami Open,Outdoor,Hard,1.16,5.0,1
Brooksby J.,39,79,46,33,6,5,40,28,Bautista Agut R.,25,379,234,145,31,29,203,116,2022-03-28,Miami,Miami Open,Outdoor,Hard,1.66,2.2,1
Martinez P.,135,118,50,68,7,6,43,62,Medvedev D.,3,406,289,117,69,27,220,90,2022-03-28,Miami,Miami Open,Outdoor,Hard,11.0,1.05,0
Karatsev A.,75,136,66,70,10,22,56,48,Hurkacz H.,17,238,137,101,27,24,110,77,2022-03-28,Miami,Miami Open,Outdoor,Hard,3.0,1.4,0
Harris L.,186,129,59,70,7,8,52,62,Nishioka Y.,31,215,99,116,15,15,84,101,2022-03-28,Miami,Miami Open,Outdoor,Hard,1.5,2.62,1
Alcaraz C.,1,164,130,34,10,5,120,29,Cilic M.,100,853,543,310,119,65,424,245,2022-03-28,Miami,Miami Open,Outdoor,Hard,1.22,4.33,1
Kecmanovic M.,40,210,107,103,12,16,95,87,Korda S.,26,126,75,51,15,9,60,42,2022-03-28,Miami,Miami Open,Outdoor,Hard,1.72,2.1,1
Brooksby J.,39,79,46,33,6,5,40,28,Medvedev D.,3,406,289,117,69,27,220,90,2022-03-29,Miami,Miami Open,Outdoor,Hard,5.0,1.16,0
Hurkacz H.,17,238,137,101,27,24,110,77,Harris L.,186,129,59,70,7,8,52,62,2022-03-29,Miami,Miami Open,Outdoor,Hard,1.3,3.5,1
Kyrgios N.,25,303,195,108,11,7,184,101,Sinner J.,8,224,153,71,42,19,111,52,2022-03-29,Miami,Miami Open,Outdoor,Hard,1.44,2.75,0
Cerundolo F.,21,104,58,46,3,7,55,39,Tiafoe F.,10,303,158,145,24,23,134,122,2022-03-29,Miami,Miami Open,Outdoor,Hard,3.2,1.36,1
Norrie C.,13,287,172,115,15,18,157,97,Ruud C.,4,275,176,99,19,16,157,83,2022-03-29,Miami,Miami Open,Outdoor,Hard,2.37,1.57,0
De Minaur A.,19,272,161,111,30,19,131,92,Tsitsipas S.,5,390,264,126,49,32,215,94,2022-03-29,Miami,Miami Open,Outdoor,Hard,3.2,1.36,0
Zverev A.,19,500,346,154,60,31,286,123,Kokkinakis T.,86,124,55,69,0,4,55,65,2022-03-29,Miami,Miami Open,Outdoor,Hard,1.2,4.5,1
Tsitsipas S.,5,390,264,126,49,32,215,94,Alcaraz C.,1,164,130,34,10,5,120,29,2022-03-30,Miami,Miami Open,Outdoor,Hard,2.62,1.5,0
Kecmanovic M.,40,210,107,103,12,16,95,87,Fritz T.,9,356,205,151,26,22,179,129,2022-03-30,Miami,Miami Open,Outdoor,Hard,2.62,1.5,1
Sinner J.,8,224,153,71,42,19,111,52,Cerundolo F.,21,104,58,46,3,7,55,39,2022-03-30,Miami,Miami Open,Outdoor,Hard,1.14,5.5,0
Ruud C.,4,275,176,99,19,16,157,83,Zverev A.,19,500,346,154,60,31,286,123,2022-03-31,Miami,Miami Open,Outdoor,Hard,3.5,1.3,1
Hurkacz H.,17,238,137,101,27,24,110,77,Medvedev D.,3,406,289,117,69,27,220,90,2022-03-31,Miami,Miami Open,Outdoor,Hard,4.0,1.25,1
Kecmanovic M.,40,210,107,103,12,16,95,87,Alcaraz C.,1,164,130,34,10,5,120,29,2022-04-01,Miami,Miami Open,Outdoor,Hard,5.0,1.16,0
Ruud C.,4,275,176,99,19,16,157,83,Cerundolo F.,21,104,58,46,3,7,55,39,2022-04-01,Miami,Miami Open,Outdoor,Hard,1.14,5.5,1
Alcaraz C.,1,164,130,34,10,5,120,29,Hurkacz H.,17,238,137,101,27,24,110,77,2022-04-02,Miami,Miami Open,Outdoor,Hard,1.44,2.75,1
Alcaraz C.,1,164,130,34,10,5,120,29,Ruud C.,4,275,176,99,19,16,157,83,2022-04-03,Miami,Miami Open,Outdoor,Hard,1.33,3.4,1
Cecchinato M.,108,204,79,125,2,14,77,111,Carballes Baena R.,64,207,91,116,11,10,80,106,2022-04-05,Marrakech,Grand Prix Hassan II,Outdoor,Clay,3.2,1.36,0
Andujar P.,323,404,164,240,12,30,152,210,Evans D.,30,251,124,127,18,16,106,111,2022-04-05,Marrakech,Grand Prix Hassan II,Outdoor,Clay,1.61,2.3,1
Davidovich Fokina A.,39,168,84,84,17,20,67,64,Coria F.,108,99,43,56,2,6,41,50,2022-04-05,Marrakech,Grand Prix Hassan II,Outdoor,Clay,1.44,2.75,0
Travaglia S.,1024,81,27,54,5,12,22,42,Molcan A.,120,86,45,41,1,6,44,35,2022-04-05,Marrakech,Grand Prix Hassan II,Outdoor,Clay,2.62,1.5,0
Auger-Aliassime F.,12,268,163,105,48,22,115,83,Benchetrit E.,445,8,1,7,0,0,1,7,2022-04-05,Marrakech,Grand Prix Hassan II,Outdoor,Clay,1.04,13.0,1
Gasquet R.,48,948,581,367,133,82,448,285,Laaksonen H.,125,101,37,64,7,16,30,48,2022-04-05,Marrakech,Grand Prix Hassan II,Outdoor,Clay,1.57,2.37,1
Delbonis F.,131,340,152,188,19,23,133,165,Sousa J.,147,436,189,247,42,44,147,203,2022-04-05,Marrakech,Grand Prix Hassan II,Outdoor,Clay,1.4,3.0,0
Ramos-Vinolas A.,82,437,204,233,17,31,187,202,Musetti L.,18,143,79,64,12,12,67,52,2022-04-05,Marrakech,Grand Prix Hassan II,Outdoor,Clay,1.66,2.2,0
Jaziri M.,444,217,83,134,8,20,75,114,Vesely J.,528,288,130,158,6,19,124,139,2022-04-05,Marrakech,Grand Prix Hassan II,Outdoor,Clay,7.0,1.1,1
Taberner C.,181,37,13,24,4,6,9,18,Hanfmann Y.,50,99,50,49,5,4,45,45,2022-04-05,Marrakech,Grand Prix Hassan II,Outdoor,Clay,1.8,2.0,1
Djere L.,38,243,120,123,10,22,110,101,Lehecka J.,33,61,30,31,4,4,26,27,2022-04-05,Marrakech,Grand Prix Hassan II,Outdoor,Clay,1.53,2.5,1
Dellien H.,164,70,22,48,5,5,17,43,Van De Zandschulp B.,44,117,63,54,11,11,52,43,2022-04-05,Marrakech,Grand Prix Hassan II,Outdoor,Clay,2.1,1.72,0
Diez S.,292,10,2,8,0,0,2,8,Thompson J.,71,221,96,125,10,10,86,115,2022-04-05,Houston,U.S. Men's Clay Court Championships,Outdoor,Clay,2.62,1.5,0
Galan D.E.,76,78,33,45,3,5,30,40,Querrey S.,287,678,369,309,48,39,321,270,2022-04-05,Houston,U.S. Men's Clay Court Championships,Outdoor,Clay,1.44,2.75,0
Brooksby J.,39,79,46,33,6,5,40,28,Wolf J.J.,45,75,39,36,8,6,31,30,2022-04-05,Houston,U.S. Men's Clay Court Championships,Outdoor,Clay,1.28,3.75,0
Varillas J. P.,1345,20,9,11,2,1,7,10,Krueger M.,228,24,7,17,0,1,7,16,2022-04-05,Houston,U.S. Men's Clay Court Championships,Outdoor,Clay,1.44,2.75,0
Johnson S.,197,395,196,199,16,23,180,176,Kudla D.,137,198,70,128,5,14,65,114,2022-04-05,Houston,U.S. Men's Clay Court Championships,Outdoor,Clay,1.61,2.3,1
Lopez F.,634,863,441,422,71,82,370,340,Brouwer G.,144,21,11,10,3,2,8,8,2022-04-05,Houston,U.S. Men's Clay Court Championships,Outdoor,Clay,2.1,1.72,0
Kyrgios N.,25,303,195,108,11,7,184,101,Mcdonald M.,60,190,87,103,11,15,76,88,2022-04-05,Houston,U.S. Men's Clay Court Championships,Outdoor,Clay,1.44,2.75,1
Paul T.,14,204,111,93,19,13,92,80,Gojowczyk P.,108,172,75,97,17,18,58,79,2022-04-05,Houston,U.S. Men's Clay Court Championships,Outdoor,Clay,1.14,5.5,1
Querrey S.,287,678,369,309,48,39,321,270,Mmoh M.,112,55,20,35,0,3,20,32,2022-04-06,Houston,U.S. Men's Clay Court Championships,Outdoor,Clay,1.53,2.5,0
Tiafoe F.,10,303,158,145,24,23,134,122,Giron M.,69,150,68,82,20,14,48,68,2022-04-06,Houston,U.S. Men's Clay Court Championships,Outdoor,Clay,1.53,2.5,1
Musetti L.,18,143,79,64,12,12,67,52,Taberner C.,181,37,13,24,4,6,9,18,2022-04-06,Marrakech,Grand Prix Hassan II,Outdoor,Clay,1.44,2.75,1
Goffin D.,123,522,296,226,66,52,230,174,Dzumhur D.,202,234,107,127,31,29,76,98,2022-04-06,Marrakech,Grand Prix Hassan II,Outdoor,Clay,1.5,2.62,1
Kopriva V.,159,9,5,4,0,0,5,4,Zapata Miralles B.,54,80,32,48,1,6,31,42,2022-04-06,Marrakech,Grand Prix Hassan II,Outdoor,Clay,2.1,1.72,1
Kotov P.,89,25,10,15,1,4,9,11,Griekspoor T.,37,97,47,50,7,14,40,36,2022-04-06,Marrakech,Grand Prix Hassan II,Outdoor,Clay,3.2,1.36,1
Basic M.,292,50,22,28,12,7,10,21,Majchrzak K.,121,50,19,31,3,4,16,27,2022-04-06,Marrakech,Grand Prix Hassan II,Outdoor,Clay,4.33,1.22,1
Sock J.,166,324,177,147,38,24,139,123,Garin C.,101,190,103,87,15,13,88,74,2022-04-06,Houston,U.S. Men's Clay Court Championships,Outdoor,Clay,1.9,1.9,0
Djere L.,38,243,120,123,10,22,110,101,Jaziri M.,444,217,83,134,8,20,75,114,2022-04-06,Marrakech,Grand Prix Hassan II,Outdoor,Clay,1.1,7.0,1
Tabilo A.,122,44,21,23,5,4,16,19,Harrison C.,251,15,6,9,0,0,6,9,2022-04-06,Houston,U.S. Men's Clay Court Championships,Outdoor,Clay,1.22,4.33,1
Purcell M.,78,28,9,19,0,0,9,19,Cuevas P.,149,421,210,211,34,25,176,186,2022-04-06,Houston,U.S. Men's Clay Court Championships,Outdoor,Clay,2.75,1.44,0
Paul T.,14,204,111,93,19,13,92,80,Kyrgios N.,25,303,195,108,11,7,184,101,2022-04-06,Houston,U.S. Men's Clay Court Championships,Outdoor,Clay,2.3,1.61,0
Auger-Aliassime F.,12,268,163,105,48,22,115,83,Molcan A.,120,86,45,41,1,6,44,35,2022-04-07,Marrakech,Grand Prix Hassan II,Outdoor,Clay,1.28,3.75,0
Kopriva V.,159,9,5,4,0,0,5,4,Van De Zandschulp B.,44,117,63,54,11,11,52,43,2022-04-07,Marrakech,Grand Prix Hassan II,Outdoor,Clay,3.0,1.4,0
Gasquet R.,48,948,581,367,133,82,448,285,Kotov P.,89,25,10,15,1,4,9,11,2022-04-07,Marrakech,Grand Prix Hassan II,Outdoor,Clay,1.44,2.75,1
Carballes Baena R.,64,207,91,116,11,10,80,106,Sousa J.,147,436,189,247,42,44,147,203,2022-04-07,Marrakech,Grand Prix Hassan II,Outdoor,Clay,1.44,2.75,1
Goffin D.,123,522,296,226,66,52,230,174,Andujar P.,323,404,164,240,12,30,152,210,2022-04-07,Marrakech,Grand Prix Hassan II,Outdoor,Clay,2.3,1.61,1
Basic M.,292,50,22,28,12,7,10,21,Coria F.,108,99,43,56,2,6,41,50,2022-04-07,Marrakech,Grand Prix Hassan II,Outdoor,Clay,3.75,1.28,0
Cuevas P.,149,421,210,211,34,25,176,186,Tiafoe F.,10,303,158,145,24,23,134,122,2022-04-07,Houston,U.S. Men's Clay Court Championships,Outdoor,Clay,3.0,1.4,0
Garin C.,101,190,103,87,15,13,88,74,Thompson J.,71,221,96,125,10,10,86,115,2022-04-07,Houston,U.S. Men's Clay Court Championships,Outdoor,Clay,1.36,3.2,1
Wolf J.J.,45,75,39,36,8,6,31,30,Brouwer G.,144,21,11,10,3,2,8,8,2022-04-07,Houston,U.S. Men's Clay Court Championships,Outdoor,Clay,1.33,3.4,0
Opelka R.,17,168,88,80,17,10,71,70,Krueger M.,228,24,7,17,0,1,7,16,2022-04-07,Houston,U.S. Men's Clay Court Championships,Outdoor,Clay,1.36,3.2,1
Van De Zandschulp B.,44,117,63,54,11,11,52,43,Molcan A.,120,86,45,41,1,6,44,35,2022-04-08,Marrakech,Grand Prix Hassan II,Outdoor,Clay,1.9,1.9,0
Coria F.,108,99,43,56,2,6,41,50,Gasquet R.,48,948,581,367,133,82,448,285,2022-04-08,Marrakech,Grand Prix Hassan II,Outdoor,Clay,1.61,2.3,1
Carballes Baena R.,64,207,91,116,11,10,80,106,Goffin D.,123,522,296,226,66,52,230,174,2022-04-08,Marrakech,Grand Prix Hassan II,Outdoor,Clay,2.2,1.66,0
Djere L.,38,243,120,123,10,22,110,101,Musetti L.,18,143,79,64,12,12,67,52,2022-04-08,Marrakech,Grand Prix Hassan II,Outdoor,Clay,2.1,1.72,1
Johnson S.,197,395,196,199,16,23,180,176,Isner J.,114,755,465,290,53,45,412,245,2022-04-08,Houston,U.S. Men's Clay Court Championships,Outdoor,Clay,2.2,1.66,0
Brouwer G.,144,21,11,10,3,2,8,8,Opelka R.,17,168,88,80,17,10,71,70,2022-04-08,Houston,U.S. Men's Clay Court Championships,Outdoor,Clay,4.0,1.25,0
Mmoh M.,112,55,20,35,0,3,20,32,Kyrgios N.,25,303,195,108,11,7,184,101,2022-04-08,Houston,U.S. Men's Clay Court Championships,Outdoor,Clay,7.0,1.1,0
Garin C.,101,190,103,87,15,13,88,74,Fritz T.,9,356,205,151,26,22,179,129,2022-04-08,Houston,U.S. Men's Clay Court Championships,Outdoor,Clay,3.5,1.3,1
Fritz T.,9,356,205,151,26,22,179,129,Tabilo A.,122,44,21,23,5,4,16,19,2022-04-08,Houston,U.S. Men's Clay Court Championships,Outdoor,Clay,1.66,2.2,1
Tiafoe F.,10,303,158,145,24,23,134,122,Isner J.,114,755,465,290,53,45,412,245,2022-04-09,Houston,U.S. Men's Clay Court Championships,Outdoor,Clay,1.9,1.9,0
Kyrgios N.,25,303,195,108,11,7,184,101,Opelka R.,17,168,88,80,17,10,71,70,2022-04-09,Houston,U.S. Men's Clay Court Championships,Outdoor,Clay,1.53,2.5,0
Isner J.,114,755,465,290,53,45,412,245,Garin C.,101,190,103,87,15,13,88,74,2022-04-09,Houston,U.S. Men's Clay Court Championships,Outdoor,Clay,1.8,2.0,1
Coria F.,108,99,43,56,2,6,41,50,Goffin D.,123,522,296,226,66,52,230,174,2022-04-09,Marrakech,Grand Prix Hassan II,Outdoor,Clay,2.2,1.66,0
Molcan A.,120,86,45,41,1,6,44,35,Djere L.,38,243,120,123,10,22,110,101,2022-04-09,Marrakech,Grand Prix Hassan II,Outdoor,Clay,2.2,1.66,1
Harris L.,186,129,59,70,7,8,52,62,Fucsovics M.,67,249,121,128,26,24,95,104,2022-04-10,Monte Carlo,Monte Carlo Masters,Outdoor,Clay,2.62,1.5,0
Basilashvili N.,118,301,138,163,26,34,112,129,Dimitrov G.,20,651,389,262,79,50,310,212,2022-04-10,Monte Carlo,Monte Carlo Masters,Outdoor,Clay,2.75,1.44,0
Lajovic D.,66,378,163,215,21,36,142,179,Krajinovic F.,93,240,115,125,38,34,77,91,2022-04-10,Monte Carlo,Monte Carlo Masters,Outdoor,Clay,2.2,1.66,1
Goffin D.,123,522,296,226,66,52,230,174,Molcan A.,120,86,45,41,1,6,44,35,2022-04-10,Marrakech,Grand Prix Hassan II,Outdoor,Clay,2.0,1.8,1
Isner J.,114,755,465,290,53,45,412,245,Opelka R.,17,168,88,80,17,10,71,70,2022-04-10,Houston,U.S. Men's Clay Court Championships,Outdoor,Clay,2.3,1.61,0
Giron M.,69,150,68,82,20,14,48,68,Davidovich Fokina A.,39,168,84,84,17,20,67,64,2022-04-10,Monte Carlo,Monte Carlo Masters,Outdoor,Clay,2.75,1.44,0
Cilic M.,100,853,543,310,119,65,424,245,Tsonga J.W.,297,672,444,228,139,62,305,166,2022-04-11,Monte Carlo,Monte Carlo Masters,Outdoor,Clay,1.22,4.33,1
Hurkacz H.,17,238,137,101,27,24,110,77,Dellien H.,164,70,22,48,5,5,17,43,2022-04-11,Monte Carlo,Monte Carlo Masters,Outdoor,Clay,1.4,3.0,1
Carreno Busta P.,16,352,214,138,33,25,181,113,Baez S.,72,95,47,48,6,6,41,42,2022-04-11,Monte Carlo,Monte Carlo Masters,Outdoor,Clay,1.44,2.75,1
Sinner J.,8,224,153,71,42,19,111,52,Coric B.,15,343,185,158,28,28,157,130,2022-04-11,Monte Carlo,Monte Carlo Masters,Outdoor,Clay,1.36,3.2,1
De Minaur A.,19,272,161,111,30,19,131,92,Zapata Miralles B.,54,80,32,48,1,6,31,42,2022-04-11,Monte Carlo,Monte Carlo Masters,Outdoor,Clay,1.3,3.5,1
Bublik A.,25,219,110,109,39,30,71,79,Wawrinka S.,72,854,535,319,84,69,451,250,2022-04-11,Monte Carlo,Monte Carlo Masters,Outdoor,Clay,1.44,2.75,1
Khachanov K.,11,378,217,161,44,38,173,123,Schwartzman D.,95,428,233,195,32,27,201,168,2022-04-11,Monte Carlo,Monte Carlo Masters,Outdoor,Clay,2.75,1.44,0
Fognini F.,128,742,383,359,39,48,344,311,Rinderknech A.,67,96,46,50,16,12,30,38,2022-04-11,Monte Carlo,Monte Carlo Masters,Outdoor,Clay,1.44,2.75,1
Ramos-Vinolas A.,82,437,204,233,17,31,187,202,Griekspoor T.,37,97,47,50,7,14,40,36,2022-04-11,Monte Carlo,Monte Carlo Masters,Outdoor,Clay,1.57,2.37,1
Korda S.,26,126,75,51,15,9,60,42,Van De Zandschulp B.,44,117,63,54,11,11,52,43,2022-04-11,Monte Carlo,Monte Carlo Masters,Outdoor,Clay,1.66,2.2,1
Delbonis F.,131,340,152,188,19,23,133,165,Munar J.,104,178,75,103,7,12,68,91,2022-04-11,Monte Carlo,Monte Carlo Masters,Outdoor,Clay,3.5,1.3,1
Goffin D.,123,522,296,226,66,52,230,174,Lehecka J.,33,61,30,31,4,4,26,27,2022-04-12,Monte Carlo,Monte Carlo Masters,Outdoor,Clay,1.66,2.2,1
Fognini F.,128,742,383,359,39,48,344,311,Tsitsipas S.,5,390,264,126,49,32,215,94,2022-04-12,Monte Carlo,Monte Carlo Masters,Outdoor,Clay,3.75,1.28,0
Davidovich Fokina A.,39,168,84,84,17,20,67,64,Djokovic N.,2,1207,1012,195,146,42,866,153,2022-04-12,Monte Carlo,Monte Carlo Masters,Outdoor,Clay,5.0,1.16,1
Karatsev A.,75,136,66,70,10,22,56,48,Rune H.,6,131,83,48,28,9,55,39,2022-04-12,Monte Carlo,Monte Carlo Masters,Outdoor,Clay,2.2,1.66,0
Musetti L.,18,143,79,64,12,12,67,52,Paire B.,149,527,237,290,39,56,198,234,2022-04-12,Monte Carlo,Monte Carlo Masters,Outdoor,Clay,1.4,3.0,1
Lajovic D.,66,378,163,215,21,36,142,179,Dimitrov G.,20,651,389,262,79,50,310,212,2022-04-12,Monte Carlo,Monte Carlo Masters,Outdoor,Clay,2.62,1.5,0
Djere L.,38,243,120,123,10,22,110,101,Cressy M.,96,96,42,54,10,11,32,43,2022-04-12,Monte Carlo,Monte Carlo Masters,Outdoor,Clay,1.28,3.75,1
Humbert U.,36,170,80,90,23,21,57,69,Martinez P.,135,118,50,68,7,6,43,62,2022-04-12,Monte Carlo,Monte Carlo Masters,Outdoor,Clay,3.0,1.4,0
Ivashka I.,113,159,78,81,19,18,59,63,Sonego L.,43,221,107,114,19,17,88,97,2022-04-12,Monte Carlo,Monte Carlo Masters,Outdoor,Clay,3.0,1.4,0
Evans D.,30,251,124,127,18,16,106,111,Bonzi B.,107,83,37,46,10,13,27,33,2022-04-12,Monte Carlo,Monte Carlo Masters,Outdoor,Clay,1.8,2.0,1
Otte O.,233,78,33,45,6,14,27,31,Ruusuvuori E.,55,158,79,79,16,18,63,61,2022-04-12,Monte Carlo,Monte Carlo Masters,Outdoor,Clay,2.2,1.66,0
Fritz T.,9,356,205,151,26,22,179,129,Catarina L.,430,4,0,4,0,0,0,4,2022-04-12,Monte Carlo,Monte Carlo Masters,Outdoor,Clay,1.02,17.0,1
Delbonis F.,131,340,152,188,19,23,133,165,Zverev A.,19,500,346,154,60,31,286,123,2022-04-13,Monte Carlo,Monte Carlo Masters,Outdoor,Clay,5.5,1.14,0
Rublev A.,7,392,255,137,57,34,198,103,De Minaur A.,19,272,161,111,30,19,131,92,2022-04-13,Monte Carlo,Monte Carlo Masters,Outdoor,Clay,1.3,3.5,1
Auger-Aliassime F.,12,268,163,105,48,22,115,83,Musetti L.,18,143,79,64,12,12,67,52,2022-04-13,Monte Carlo,Monte Carlo Masters,Outdoor,Clay,1.57,2.37,0
Sinner J.,8,224,153,71,42,19,111,52,Ruusuvuori E.,55,158,79,79,16,18,63,61,2022-04-13,Monte Carlo,Monte Carlo Masters,Outdoor,Clay,1.3,3.5,1
Bublik A.,25,219,110,109,39,30,71,79,Carreno Busta P.,16,352,214,138,33,25,181,113,2022-04-13,Monte Carlo,Monte Carlo Masters,Outdoor,Clay,4.33,1.22,0
Rune H.,6,131,83,48,28,9,55,39,Ruud C.,4,275,176,99,19,16,157,83,2022-04-13,Monte Carlo,Monte Carlo Masters,Outdoor,Clay,5.0,1.16,0
Fucsovics M.,67,249,121,128,26,24,95,104,Schwartzman D.,95,428,233,195,32,27,201,168,2022-04-13,Monte Carlo,Monte Carlo Masters,Outdoor,Clay,3.5,1.3,0
Evans D.,30,251,124,127,18,16,106,111,Goffin D.,123,522,296,226,66,52,230,174,2022-04-13,Monte Carlo,Monte Carlo Masters,Outdoor,Clay,2.2,1.66,0
Hurkacz H.,17,238,137,101,27,24,110,77,Martinez P.,135,118,50,68,7,6,43,62,2022-04-13,Monte Carlo,Monte Carlo Masters,Outdoor,Clay,1.5,2.62,1
Djere L.,38,243,120,123,10,22,110,101,Sonego L.,43,221,107,114,19,17,88,97,2022-04-13,Monte Carlo,Monte Carlo Masters,Outdoor,Clay,2.2,1.66,1
Korda S.,26,126,75,51,15,9,60,42,Alcaraz C.,1,164,130,34,10,5,120,29,2022-04-13,Monte Carlo,Monte Carlo Masters,Outdoor,Clay,4.33,1.22,1
Ramos-Vinolas A.,82,437,204,233,17,31,187,202,Norrie C.,13,287,172,115,15,18,157,97,2022-04-13,Monte Carlo,Monte Carlo Masters,Outdoor,Clay,2.2,1.66,1
Cilic M.,100,853,543,310,119,65,424,245,Fritz T.,9,356,205,151,26,22,179,129,2022-04-13,Monte Carlo,Monte Carlo Masters,Outdoor,Clay,1.57,2.37,0
Fritz T.,9,356,205,151,26,22,179,129,Korda S.,26,126,75,51,15,9,60,42,2022-04-14,Monte Carlo,Monte Carlo Masters,Outdoor,Clay,2.2,1.66,1
Dimitrov G.,20,651,389,262,79,50,310,212,Ruud C.,4,275,176,99,19,16,157,83,2022-04-14,Monte Carlo,Monte Carlo Masters,Outdoor,Clay,4.5,1.2,1
Goffin D.,123,522,296,226,66,52,230,174,Davidovich Fokina A.,39,168,84,84,17,20,67,64,2022-04-14,Monte Carlo,Monte Carlo Masters,Outdoor,Clay,1.72,2.1,0
Schwartzman D.,95,428,233,195,32,27,201,168,Musetti L.,18,143,79,64,12,12,67,52,2022-04-14,Monte Carlo,Monte Carlo Masters,Outdoor,Clay,1.57,2.37,1
Tsitsipas S.,5,390,264,126,49,32,215,94,Djere L.,38,243,120,123,10,22,110,101,2022-04-14,Monte Carlo,Monte Carlo Masters,Outdoor,Clay,1.12,6.0,1
Zverev A.,19,500,346,154,60,31,286,123,Carreno Busta P.,16,352,214,138,33,25,181,113,2022-04-14,Monte Carlo,Monte Carlo Masters,Outdoor,Clay,1.3,3.5,1
Hurkacz H.,17,238,137,101,27,24,110,77,Ramos-Vinolas A.,82,437,204,233,17,31,187,202,2022-04-14,Monte Carlo,Monte Carlo Masters,Outdoor,Clay,1.61,2.3,1
Sinner J.,8,224,153,71,42,19,111,52,Rublev A.,7,392,255,137,57,34,198,103,2022-04-14,Monte Carlo,Monte Carlo Masters,Outdoor,Clay,1.9,1.9,1
Schwartzman D.,95,428,233,195,32,27,201,168,Tsitsipas S.,5,390,264,126,49,32,215,94,2022-04-15,Monte Carlo,Monte Carlo Masters,Outdoor,Clay,3.4,1.33,0
Sinner J.,8,224,153,71,42,19,111,52,Zverev A.,19,500,346,154,60,31,286,123,2022-04-15,Monte Carlo,Monte Carlo Masters,Outdoor,Clay,2.75,1.44,0
Davidovich Fokina A.,39,168,84,84,17,20,67,64,Fritz T.,9,356,205,151,26,22,179,129,2022-04-15,Monte Carlo,Monte Carlo Masters,Outdoor,Clay,1.8,2.0,1
Hurkacz H.,17,238,137,101,27,24,110,77,Dimitrov G.,20,651,389,262,79,50,310,212,2022-04-15,Monte Carlo,Monte Carlo Masters,Outdoor,Clay,1.8,2.0,0
Davidovich Fokina A.,39,168,84,84,17,20,67,64,Dimitrov G.,20,651,389,262,79,50,310,212,2022-04-16,Monte Carlo,Monte Carlo Masters,Outdoor,Clay,1.72,2.1,1
Zverev A.,19,500,346,154,60,31,286,123,Tsitsipas S.,5,390,264,126,49,32,215,94,2022-04-16,Monte Carlo,Monte Carlo Masters,Outdoor,Clay,1.9,1.9,0
Tsitsipas S.,5,390,264,126,49,32,215,94,Davidovich Fokina A.,39,168,84,84,17,20,67,64,2022-04-17,Monte Carlo,Monte Carlo Masters,Outdoor,Clay,1.22,4.33,1
Garin C.,101,190,103,87,15,13,88,74,Rune H.,6,131,83,48,28,9,55,39,2022-04-18,Belgrade,Serbia Open,Outdoor,Clay,2.1,1.72,0
Kecmanovic M.,40,210,107,103,12,16,95,87,Gasquet R.,48,948,581,367,133,82,448,285,2022-04-18,Belgrade,Serbia Open,Outdoor,Clay,1.28,3.75,1
Fognini F.,128,742,383,359,39,48,344,311,Cecchinato M.,108,204,79,125,2,14,77,111,2022-04-18,Belgrade,Serbia Open,Outdoor,Clay,1.4,3.0,1
Moroni G.M.,181,2,0,2,0,0,0,2,Munar J.,104,178,75,103,7,12,68,91,2022-04-18,Barcelona,Barcelona Open,Outdoor,Clay,6.0,1.12,0
Ymer E.,186,81,24,57,3,11,21,46,Cressy M.,96,96,42,54,10,11,32,43,2022-04-18,Barcelona,Barcelona Open,Outdoor,Clay,1.44,2.75,1
Robredo T.,362,684,411,273,44,41,367,232,Zapata Miralles B.,54,80,32,48,1,6,31,42,2022-04-18,Barcelona,Barcelona Open,Outdoor,Clay,7.0,1.1,0
Nakashima B.,70,106,57,49,6,5,51,44,Alvarez Varona N.,231,3,1,2,1,1,0,1,2022-04-18,Barcelona,Barcelona Open,Outdoor,Clay,1.33,3.4,1
Mannarino A.,27,567,264,303,60,73,204,230,Gerasimov E.,150,93,43,50,19,19,24,31,2022-04-18,Barcelona,Barcelona Open,Outdoor,Clay,2.5,1.53,0
Musetti L.,18,143,79,64,12,12,67,52,Baez S.,72,95,47,48,6,6,41,42,2022-04-18,Barcelona,Barcelona Open,Outdoor,Clay,1.9,1.9,1
Coria F.,108,99,43,56,2,6,41,50,Giron M.,69,150,68,82,20,14,48,68,2022-04-18,Barcelona,Barcelona Open,Outdoor,Clay,1.4,3.0,1
Kwon S.W.,68,108,53,55,12,6,41,49,Paire B.,149,527,237,290,39,56,198,234,2022-04-18,Barcelona,Barcelona Open,Outdoor,Clay,2.1,1.72,1
Mcdonald M.,60,190,87,103,11,15,76,88,Grenier H.,122,16,5,11,1,2,4,9,2022-04-18,Barcelona,Barcelona Open,Outdoor,Clay,1.28,3.75,1
Kukushkin M.,221,352,141,211,50,49,91,162,Bedene A.,347,291,131,160,18,23,113,137,2022-04-18,Belgrade,Serbia Open,Outdoor,Clay,2.2,1.66,0
Otte O.,233,78,33,45,6,14,27,31,Tabilo A.,122,44,21,23,5,4,16,19,2022-04-19,Belgrade,Serbia Open,Outdoor,Clay,2.3,1.61,1
Krajinovic F.,93,240,115,125,38,34,77,91,Goffin D.,123,522,296,226,66,52,230,174,2022-04-19,Belgrade,Serbia Open,Outdoor,Clay,2.3,1.61,1
Sousa J.,147,436,189,247,42,44,147,203,Monteiro T.,121,171,69,102,9,11,60,91,2022-04-19,Belgrade,Serbia Open,Outdoor,Clay,2.37,1.57,0
Thiem D.,116,517,327,190,53,39,274,151,Millman J.,140,256,113,143,21,22,92,121,2022-04-19,Belgrade,Serbia Open,Outdoor,Clay,1.5,2.62,0
Ymer M.,59,130,58,72,18,23,40,49,Safiullin R.,92,42,20,22,7,7,13,15,2022-04-19,Belgrade,Serbia Open,Outdoor,Clay,1.72,2.1,0
Medjedovic H.,147,11,3,8,0,1,3,7,Djere L.,38,243,120,123,10,22,110,101,2022-04-19,Belgrade,Serbia Open,Outdoor,Clay,5.5,1.14,0
Lehecka J.,33,61,30,31,4,4,26,27,Laaksonen H.,125,101,37,64,7,16,30,48,2022-04-19,Belgrade,Serbia Open,Outdoor,Clay,1.5,2.62,1
Lajovic D.,66,378,163,215,21,36,142,179,Daniel T.,111,178,67,111,3,10,64,101,2022-04-19,Belgrade,Serbia Open,Outdoor,Clay,1.8,2.0,0
Ymer E.,186,81,24,57,3,11,21,46,Sonego L.,43,221,107,114,19,17,88,97,2022-04-19,Barcelona,Barcelona Open,Outdoor,Clay,2.62,1.5,0
Nakashima B.,70,106,57,49,6,5,51,44,Ruud C.,4,275,176,99,19,16,157,83,2022-04-19,Barcelona,Barcelona Open,Outdoor,Clay,7.0,1.1,0
Norrie C.,13,287,172,115,15,18,157,97,Gerasimov E.,150,93,43,50,19,19,24,31,2022-04-19,Barcelona,Barcelona Open,Outdoor,Clay,1.12,6.0,1
Musetti L.,18,143,79,64,12,12,67,52,Evans D.,30,251,124,127,18,16,106,111,2022-04-19,Barcelona,Barcelona Open,Outdoor,Clay,1.36,3.2,1
Martinez P.,135,118,50,68,7,6,43,62,Ivashka I.,113,159,78,81,19,18,59,63,2022-04-19,Barcelona,Barcelona Open,Outdoor,Clay,1.36,3.2,0
Andujar P.,323,404,164,240,12,30,152,210,Humbert U.,36,170,80,90,23,21,57,69,2022-04-19,Barcelona,Barcelona Open,Outdoor,Clay,1.44,2.75,0
Dellien H.,164,70,22,48,5,5,17,43,Guinard M.,148,9,4,5,2,2,2,3,2022-04-19,Barcelona,Barcelona Open,Outdoor,Clay,1.4,3.0,1
Lopez F.,634,863,441,422,71,82,370,340,Ruusuvuori E.,55,158,79,79,16,18,63,61,2022-04-19,Barcelona,Barcelona Open,Outdoor,Clay,5.0,1.16,0
Fucsovics M.,67,249,121,128,26,24,95,104,Thompson J.,71,221,96,125,10,10,86,115,2022-04-19,Barcelona,Barcelona Open,Outdoor,Clay,1.25,4.0,1
Korda S.,26,126,75,51,15,9,60,42,Taberner C.,181,37,13,24,4,6,9,18,2022-04-19,Barcelona,Barcelona Open,Outdoor,Clay,1.3,3.5,0
Carballes Baena R.,64,207,91,116,11,10,80,106,Harris L.,186,129,59,70,7,8,52,62,2022-04-19,Barcelona,Barcelona Open,Outdoor,Clay,1.57,2.37,0
Schwartzman D.,95,428,233,195,32,27,201,168,Mcdonald M.,60,190,87,103,11,15,76,88,2022-04-19,Barcelona,Barcelona Open,Outdoor,Clay,1.12,6.0,1
Delbonis F.,131,340,152,188,19,23,133,165,Fucsovics M.,67,249,121,128,26,24,95,104,2022-04-20,Barcelona,Barcelona Open,Outdoor,Clay,2.2,1.66,0
Kecmanovic M.,40,210,107,103,12,16,95,87,Millman J.,140,256,113,143,21,22,92,121,2022-04-20,Belgrade,Serbia Open,Outdoor,Clay,1.16,5.0,1
Carreno Busta P.,16,352,214,138,33,25,181,113,Zapata Miralles B.,54,80,32,48,1,6,31,42,2022-04-20,Barcelona,Barcelona Open,Outdoor,Clay,1.25,4.0,1
Monteiro T.,121,171,69,102,9,11,60,91,Krajinovic F.,93,240,115,125,38,34,77,91,2022-04-20,Belgrade,Serbia Open,Outdoor,Clay,2.37,1.57,1
Kwon S.W.,68,108,53,55,12,6,41,49,Alcaraz C.,1,164,130,34,10,5,120,29,2022-04-20,Barcelona,Barcelona Open,Outdoor,Clay,10.0,1.06,0
Munar J.,104,178,75,103,7,12,68,91,Basilashvili N.,118,301,138,163,26,34,112,129,2022-04-20,Barcelona,Barcelona Open,Outdoor,Clay,1.25,4.0,1
De Minaur A.,19,272,161,111,30,19,131,92,Humbert U.,36,170,80,90,23,21,57,69,2022-04-20,Barcelona,Barcelona Open,Outdoor,Clay,1.4,3.0,1
Auger-Aliassime F.,12,268,163,105,48,22,115,83,Taberner C.,181,37,13,24,4,6,9,18,2022-04-20,Barcelona,Barcelona Open,Outdoor,Clay,1.44,2.75,1
Ramos-Vinolas A.,82,437,204,233,17,31,187,202,Harris L.,186,129,59,70,7,8,52,62,2022-04-20,Barcelona,Barcelona Open,Outdoor,Clay,1.44,2.75,0
Ruusuvuori E.,55,158,79,79,16,18,63,61,Bublik A.,25,219,110,109,39,30,71,79,2022-04-20,Barcelona,Barcelona Open,Outdoor,Clay,1.44,2.75,1
Dellien H.,164,70,22,48,5,5,17,43,Tiafoe F.,10,303,158,145,24,23,134,122,2022-04-20,Barcelona,Barcelona Open,Outdoor,Clay,2.1,1.72,0
Djere L.,38,243,120,123,10,22,110,101,Djokovic N.,2,1207,1012,195,146,42,866,153,2022-04-20,Belgrade,Serbia Open,Outdoor,Clay,5.5,1.14,0
Khachanov K.,11,378,217,161,44,38,173,123,Safiullin R.,92,42,20,22,7,7,13,15,2022-04-20,Belgrade,Serbia Open,Outdoor,Clay,1.4,3.0,1
Fognini F.,128,742,383,359,39,48,344,311,Bedene A.,347,291,131,160,18,23,113,137,2022-04-21,Belgrade,Serbia Open,Outdoor,Clay,1.33,3.4,1
Kecmanovic M.,40,210,107,103,12,16,95,87,Djokovic N.,2,1207,1012,195,146,42,866,153,2022-04-21,Belgrade,Serbia Open,Outdoor,Clay,2.5,1.53,0
Otte O.,233,78,33,45,6,14,27,31,Karatsev A.,75,136,66,70,10,22,56,48,2022-04-21,Belgrade,Serbia Open,Outdoor,Clay,2.62,1.5,1
Lehecka J.,33,61,30,31,4,4,26,27,Rublev A.,7,392,255,137,57,34,198,103,2022-04-21,Belgrade,Serbia Open,Outdoor,Clay,4.5,1.2,0
Rune H.,6,131,83,48,28,9,55,39,Daniel T.,111,178,67,111,3,10,64,101,2022-04-21,Belgrade,Serbia Open,Outdoor,Clay,1.36,3.2,0
Monteiro T.,121,171,69,102,9,11,60,91,Khachanov K.,11,378,217,161,44,38,173,123,2022-04-21,Belgrade,Serbia Open,Outdoor,Clay,2.2,1.66,0
Dimitrov G.,20,651,389,262,79,50,310,212,Coria F.,108,99,43,56,2,6,41,50,2022-04-21,Barcelona,Barcelona Open,Outdoor,Clay,1.44,2.75,1
Tsitsipas S.,5,390,264,126,49,32,215,94,Ivashka I.,113,159,78,81,19,18,59,63,2022-04-21,Barcelona,Barcelona Open,Outdoor,Clay,1.12,6.0,1
Fucsovics M.,67,249,121,128,26,24,95,104,Norrie C.,13,287,172,115,15,18,157,97,2022-04-22,Barcelona,Barcelona Open,Outdoor,Clay,2.2,1.66,0
Ruusuvuori E.,55,158,79,79,16,18,63,61,Ruud C.,4,275,176,99,19,16,157,83,2022-04-22,Barcelona,Barcelona Open,Outdoor,Clay,5.0,1.16,0
Carreno Busta P.,16,352,214,138,33,25,181,113,Sonego L.,43,221,107,114,19,17,88,97,2022-04-22,Barcelona,Barcelona Open,Outdoor,Clay,1.53,2.5,1
Musetti L.,18,143,79,64,12,12,67,52,Schwartzman D.,95,428,233,195,32,27,201,168,2022-04-22,Barcelona,Barcelona Open,Outdoor,Clay,2.75,1.44,0
Tiafoe F.,10,303,158,145,24,23,134,122,Auger-Aliassime F.,12,268,163,105,48,22,115,83,2022-04-22,Barcelona,Barcelona Open,Outdoor,Clay,2.75,1.44,0
Fognini F.,128,742,383,359,39,48,344,311,Otte O.,233,78,33,45,6,14,27,31,2022-04-22,Belgrade,Serbia Open,Outdoor,Clay,1.44,2.75,1
Daniel T.,111,178,67,111,3,10,64,101,Rublev A.,7,392,255,137,57,34,198,103,2022-04-22,Belgrade,Serbia Open,Outdoor,Clay,3.5,1.3,0
Harris L.,186,129,59,70,7,8,52,62,De Minaur A.,19,272,161,111,30,19,131,92,2022-04-22,Barcelona,Barcelona Open,Outdoor,Clay,2.5,1.53,0
Dimitrov G.,20,651,389,262,79,50,310,212,Tsitsipas S.,5,390,264,126,49,32,215,94,2022-04-22,Barcelona,Barcelona Open,Outdoor,Clay,4.33,1.22,0
Schwartzman D.,95,428,233,195,32,27,201,168,Auger-Aliassime F.,12,268,163,105,48,22,115,83,2022-04-22,Barcelona,Barcelona Open,Outdoor,Clay,1.57,2.37,1
Carreno Busta P.,16,352,214,138,33,25,181,113,Ruud C.,4,275,176,99,19,16,157,83,2022-04-22,Barcelona,Barcelona Open,Outdoor,Clay,3.5,1.3,1
De Minaur A.,19,272,161,111,30,19,131,92,Norrie C.,13,287,172,115,15,18,157,97,2022-04-22,Barcelona,Barcelona Open,Outdoor,Clay,1.53,2.5,1
Alcaraz C.,1,164,130,34,10,5,120,29,Tsitsipas S.,5,390,264,126,49,32,215,94,2022-04-22,Barcelona,Barcelona Open,Outdoor,Clay,1.66,2.2,1
Alcaraz C.,1,164,130,34,10,5,120,29,Munar J.,104,178,75,103,7,12,68,91,2022-04-22,Barcelona,Barcelona Open,Outdoor,Clay,1.2,4.5,1
Rublev A.,7,392,255,137,57,34,198,103,Fognini F.,128,742,383,359,39,48,344,311,2022-04-23,Belgrade,Serbia Open,Outdoor,Clay,1.33,3.4,1
Khachanov K.,11,378,217,161,44,38,173,123,Djokovic N.,2,1207,1012,195,146,42,866,153,2022-04-23,Belgrade,Serbia Open,Outdoor,Clay,4.0,1.25,0
Alcaraz C.,1,164,130,34,10,5,120,29,De Minaur A.,19,272,161,111,30,19,131,92,2022-04-24,Barcelona,Barcelona Open,Outdoor,Clay,1.08,8.0,1
Carreno Busta P.,16,352,214,138,33,25,181,113,Schwartzman D.,95,428,233,195,32,27,201,168,2022-04-24,Barcelona,Barcelona Open,Outdoor,Clay,2.1,1.72,1
Carreno Busta P.,16,352,214,138,33,25,181,113,Alcaraz C.,1,164,130,34,10,5,120,29,2022-04-24,Barcelona,Barcelona Open,Outdoor,Clay,2.37,1.57,0
Djokovic N.,2,1207,1012,195,146,42,866,153,Rublev A.,7,392,255,137,57,34,198,103,2022-04-24,Belgrade,Serbia Open,Outdoor,Clay,1.4,3.0,0
Kohlschreiber P.,132,812,446,366,76,73,370,293,Altmaier D.,51,79,28,51,1,5,27,46,2022-04-25,Munich,BMW Open,Outdoor,Clay,2.1,1.72,0
Ruusuvuori E.,55,158,79,79,16,18,63,61,Nishioka Y.,31,215,99,116,15,15,84,101,2022-04-25,Munich,BMW Open,Outdoor,Clay,1.5,2.62,1
Lehecka J.,33,61,30,31,4,4,26,27,Rune H.,6,131,83,48,28,9,55,39,2022-04-25,Munich,BMW Open,Outdoor,Clay,2.5,1.53,0
Molcan A.,120,86,45,41,1,6,44,35,Gombos N.,114,66,21,45,6,14,15,31,2022-04-25,Munich,BMW Open,Outdoor,Clay,1.3,3.5,1
Kecmanovic M.,40,210,107,103,12,16,95,87,Rehberg M.,412,3,0,3,0,0,0,3,2022-04-25,Munich,BMW Open,Outdoor,Clay,1.02,19.0,1
Kwon S.W.,68,108,53,55,12,6,41,49,Paire B.,149,527,237,290,39,56,198,234,2022-04-25,Estoril,Millennium Estoril Open,Outdoor,Clay,1.53,2.5,1
Borges N.,69,28,10,18,1,1,9,17,Andujar P.,323,404,164,240,12,30,152,210,2022-04-25,Estoril,Millennium Estoril Open,Outdoor,Clay,2.0,1.8,1
Lajovic D.,66,378,163,215,21,36,142,179,Tiafoe F.,10,303,158,145,24,23,134,122,2022-04-25,Estoril,Millennium Estoril Open,Outdoor,Clay,2.5,1.53,0
Coria F.,108,99,43,56,2,6,41,50,Zapata Miralles B.,54,80,32,48,1,6,31,42,2022-04-25,Estoril,Millennium Estoril Open,Outdoor,Clay,1.66,2.2,0
Taberner C.,181,37,13,24,4,6,9,18,Harris L.,186,129,59,70,7,8,52,62,2022-04-26,Estoril,Millennium Estoril Open,Outdoor,Clay,1.57,2.37,1
Cressy M.,96,96,42,54,10,11,32,43,Evans D.,30,251,124,127,18,16,106,111,2022-04-26,Munich,BMW Open,Outdoor,Clay,3.5,1.3,1
Mcdonald M.,60,190,87,103,11,15,76,88,Ivashka I.,113,159,78,81,19,18,59,63,2022-04-26,Munich,BMW Open,Outdoor,Clay,2.5,1.53,0
Gaston H.,109,58,24,34,5,9,19,25,Giron M.,69,150,68,82,20,14,48,68,2022-04-26,Munich,BMW Open,Outdoor,Clay,1.66,2.2,1
Topo M.,478,4,0,4,0,0,0,4,Otte O.,233,78,33,45,6,14,27,31,2022-04-26,Munich,BMW Open,Outdoor,Clay,4.5,1.2,0
Carballes Baena R.,64,207,91,116,11,10,80,106,Cuevas P.,149,421,210,211,34,25,176,186,2022-04-26,Estoril,Millennium Estoril Open,Outdoor,Clay,1.8,2.0,0
Herbert P.H.,157,202,89,113,31,38,58,75,Korda S.,26,126,75,51,15,9,60,42,2022-04-26,Estoril,Millennium Estoril Open,Outdoor,Clay,4.0,1.25,0
Thiem D.,116,517,327,190,53,39,274,151,Bonzi B.,107,83,37,46,10,13,27,33,2022-04-26,Estoril,Millennium Estoril Open,Outdoor,Clay,1.44,2.75,0
Ramos-Vinolas A.,82,437,204,233,17,31,187,202,Thompson J.,71,221,96,125,10,10,86,115,2022-04-26,Estoril,Millennium Estoril Open,Outdoor,Clay,1.22,4.33,1
Sousa J.,147,436,189,247,42,44,147,203,Baez S.,72,95,47,48,6,6,41,42,2022-04-26,Estoril,Millennium Estoril Open,Outdoor,Clay,3.4,1.33,0
Vesely J.,528,288,130,158,6,19,124,139,Dellien H.,164,70,22,48,5,5,17,43,2022-04-26,Estoril,Millennium Estoril Open,Outdoor,Clay,2.5,1.53,0
Paul T.,14,204,111,93,19,13,92,80,Gasquet R.,48,948,581,367,133,82,448,285,2022-04-26,Estoril,Millennium Estoril Open,Outdoor,Clay,1.44,2.75,0
Gerasimov E.,150,93,43,50,19,19,24,31,Millman J.,140,256,113,143,21,22,92,121,2022-04-27,Munich,BMW Open,Outdoor,Clay,1.66,2.2,1
Van De Zandschulp B.,44,117,63,54,11,11,52,43,Nakashima B.,70,106,57,49,6,5,51,44,2022-04-27,Munich,BMW Open,Outdoor,Clay,1.57,2.37,1
Zverev A.,19,500,346,154,60,31,286,123,Rune H.,6,131,83,48,28,9,55,39,2022-04-27,Munich,BMW Open,Outdoor,Clay,1.14,5.5,0
Ruusuvuori E.,55,158,79,79,16,18,63,61,Cressy M.,96,96,42,54,10,11,32,43,2022-04-27,Munich,BMW Open,Outdoor,Clay,1.28,3.75,1
Kecmanovic M.,40,210,107,103,12,16,95,87,Altmaier D.,51,79,28,51,1,5,27,46,2022-04-27,Munich,BMW Open,Outdoor,Clay,1.16,5.0,1
Garin C.,101,190,103,87,15,13,88,74,Tabilo A.,122,44,21,23,5,4,16,19,2022-04-27,Munich,BMW Open,Outdoor,Clay,1.66,2.2,0
Ivashka I.,113,159,78,81,19,18,59,63,Basilashvili N.,118,301,138,163,26,34,112,129,2022-04-27,Munich,BMW Open,Outdoor,Clay,1.5,2.62,0
Ramos-Vinolas A.,82,437,204,233,17,31,187,202,Kwon S.W.,68,108,53,55,12,6,41,49,2022-04-27,Estoril,Millennium Estoril Open,Outdoor,Clay,1.44,2.75,1
Davidovich Fokina A.,39,168,84,84,17,20,67,64,Zapata Miralles B.,54,80,32,48,1,6,31,42,2022-04-27,Estoril,Millennium Estoril Open,Outdoor,Clay,1.36,3.2,1
Tiafoe F.,10,303,158,145,24,23,134,122,Borges N.,69,28,10,18,1,1,9,17,2022-04-27,Estoril,Millennium Estoril Open,Outdoor,Clay,1.61,2.3,1
Cuevas P.,149,421,210,211,34,25,176,186,Verdasco F.,244,962,537,425,79,79,458,346,2022-04-27,Estoril,Millennium Estoril Open,Outdoor,Clay,1.72,2.1,0
Gaston H.,109,58,24,34,5,9,19,25,Tabilo A.,122,44,21,23,5,4,16,19,2022-04-28,Munich,BMW Open,Outdoor,Clay,2.3,1.61,0
Molcan A.,120,86,45,41,1,6,44,35,Ruud C.,4,275,176,99,19,16,157,83,2022-04-28,Munich,BMW Open,Outdoor,Clay,4.5,1.2,0
Van De Zandschulp B.,44,117,63,54,11,11,52,43,Gerasimov E.,150,93,43,50,19,19,24,31,2022-04-28,Munich,BMW Open,Outdoor,Clay,1.44,2.75,1
Gasquet R.,48,948,581,367,133,82,448,285,Dellien H.,164,70,22,48,5,5,17,43,2022-04-28,Estoril,Millennium Estoril Open,Outdoor,Clay,2.2,1.66,1
Otte O.,233,78,33,45,6,14,27,31,Opelka R.,17,168,88,80,17,10,71,70,2022-04-28,Munich,BMW Open,Outdoor,Clay,2.5,1.53,1
Auger-Aliassime F.,12,268,163,105,48,22,115,83,Taberner C.,181,37,13,24,4,6,9,18,2022-04-28,Estoril,Millennium Estoril Open,Outdoor,Clay,1.33,3.4,1
Korda S.,26,126,75,51,15,9,60,42,Bonzi B.,107,83,37,46,10,13,27,33,2022-04-28,Estoril,Millennium Estoril Open,Outdoor,Clay,1.36,3.2,1
Baez S.,72,95,47,48,6,6,41,42,Cilic M.,100,853,543,310,119,65,424,245,2022-04-28,Estoril,Millennium Estoril Open,Outdoor,Clay,1.72,2.1,1
Van De Zandschulp B.,44,117,63,54,11,11,52,43,Ruud C.,4,275,176,99,19,16,157,83,2022-04-29,Munich,BMW Open,Outdoor,Clay,3.75,1.28,1
Ramos-Vinolas A.,82,437,204,233,17,31,187,202,Verdasco F.,244,962,537,425,79,79,458,346,2022-04-29,Estoril,Millennium Estoril Open,Outdoor,Clay,1.36,3.2,1
Baez S.,72,95,47,48,6,6,41,42,Gasquet R.,48,948,581,367,133,82,448,285,2022-04-29,Estoril,Millennium Estoril Open,Outdoor,Clay,1.4,3.0,1
Davidovich Fokina A.,39,168,84,84,17,20,67,64,Tiafoe F.,10,303,158,145,24,23,134,122,2022-04-29,Estoril,Millennium Estoril Open,Outdoor,Clay,1.44,2.75,0
Auger-Aliassime F.,12,268,163,105,48,22,115,83,Korda S.,26,126,75,51,15,9,60,42,2022-04-29,Estoril,Millennium Estoril Open,Outdoor,Clay,1.8,2.0,0
Ruusuvuori E.,55,158,79,79,16,18,63,61,Rune H.,6,131,83,48,28,9,55,39,2022-04-29,Munich,BMW Open,Outdoor,Clay,2.5,1.53,0
Basilashvili N.,118,301,138,163,26,34,112,129,Kecmanovic M.,40,210,107,103,12,16,95,87,2022-04-29,Munich,BMW Open,Outdoor,Clay,3.2,1.36,0
Otte O.,233,78,33,45,6,14,27,31,Tabilo A.,122,44,21,23,5,4,16,19,2022-04-29,Munich,BMW Open,Outdoor,Clay,1.72,2.1,1
Kecmanovic M.,40,210,107,103,12,16,95,87,Van De Zandschulp B.,44,117,63,54,11,11,52,43,2022-04-30,Munich,BMW Open,Outdoor,Clay,1.53,2.5,0
Rune H.,6,131,83,48,28,9,55,39,Otte O.,233,78,33,45,6,14,27,31,2022-04-30,Munich,BMW Open,Outdoor,Clay,1.3,3.5,1
Tiafoe F.,10,303,158,145,24,23,134,122,Korda S.,26,126,75,51,15,9,60,42,2022-04-30,Estoril,Millennium Estoril Open,Outdoor,Clay,3.2,1.36,1
Ramos-Vinolas A.,82,437,204,233,17,31,187,202,Baez S.,72,95,47,48,6,6,41,42,2022-04-30,Estoril,Millennium Estoril Open,Outdoor,Clay,2.3,1.61,0
Van De Zandschulp B.,44,117,63,54,11,11,52,43,Rune H.,6,131,83,48,28,9,55,39,2022-05-01,Munich,BMW Open,Outdoor,Clay,2.62,1.5,0
Sonego L.,43,221,107,114,19,17,88,97,Draper J.,55,51,29,22,2,3,27,19,2022-05-01,Madrid,Mutua Madrid Open,Outdoor,Clay,1.3,3.5,0
Krajinovic F.,93,240,115,125,38,34,77,91,Isner J.,114,755,465,290,53,45,412,245,2022-05-01,Madrid,Mutua Madrid Open,Outdoor,Clay,2.37,1.57,0
Delbonis F.,131,340,152,188,19,23,133,165,Evans D.,30,251,124,127,18,16,106,111,2022-05-01,Madrid,Mutua Madrid Open,Outdoor,Clay,1.72,2.1,0
Baez S.,72,95,47,48,6,6,41,42,Tiafoe F.,10,303,158,145,24,23,134,122,2022-05-01,Estoril,Millennium Estoril Open,Outdoor,Clay,1.57,2.37,1
Pouille L.,675,259,134,125,35,26,99,99,Khachanov K.,11,378,217,161,44,38,173,123,2022-05-02,Madrid,Mutua Madrid Open,Outdoor,Clay,5.0,1.16,1
Humbert U.,36,170,80,90,23,21,57,69,Shapovalov D.,29,298,166,132,30,27,136,105,2022-05-02,Madrid,Mutua Madrid Open,Outdoor,Clay,2.2,1.66,0
Thiem D.,116,517,327,190,53,39,274,151,Murray A.,44,932,687,245,132,47,555,198,2022-05-02,Madrid,Mutua Madrid Open,Outdoor,Clay,1.66,2.2,0
Cressy M.,96,96,42,54,10,11,32,43,Dimitrov G.,20,651,389,262,79,50,310,212,2022-05-02,Madrid,Mutua Madrid Open,Outdoor,Clay,3.4,1.33,0
Norrie C.,13,287,172,115,15,18,157,97,Kwon S.W.,68,108,53,55,12,6,41,49,2022-05-02,Madrid,Mutua Madrid Open,Outdoor,Clay,1.3,3.5,1
Goffin D.,123,522,296,226,66,52,230,174,Karatsev A.,75,136,66,70,10,22,56,48,2022-05-02,Madrid,Mutua Madrid Open,Outdoor,Clay,1.66,2.2,1
Paire B.,149,527,237,290,39,56,198,234,Schwartzman D.,95,428,233,195,32,27,201,168,2022-05-02,Madrid,Mutua Madrid Open,Outdoor,Clay,4.5,1.2,0
Harris L.,186,129,59,70,7,8,52,62,Davidovich Fokina A.,39,168,84,84,17,20,67,64,2022-05-02,Madrid,Mutua Madrid Open,Outdoor,Clay,3.4,1.33,0
Gimeno Valero C.,369,1,0,1,0,0,0,1,Monfils G.,323,816,510,306,131,65,379,241,2022-05-02,Madrid,Mutua Madrid Open,Outdoor,Clay,4.0,1.25,0
Ivashka I.,113,159,78,81,19,18,59,63,Musetti L.,18,143,79,64,12,12,67,52,2022-05-02,Madrid,Mutua Madrid Open,Outdoor,Clay,2.75,1.44,0
Lajovic D.,66,378,163,215,21,36,142,179,Coric B.,15,343,185,158,28,28,157,130,2022-05-02,Madrid,Mutua Madrid Open,Outdoor,Clay,1.8,2.0,1
Paul T.,14,204,111,93,19,13,92,80,Sinner J.,8,224,153,71,42,19,111,52,2022-05-02,Madrid,Mutua Madrid Open,Outdoor,Clay,4.0,1.25,0
Martinez P.,135,118,50,68,7,6,43,62,De Minaur A.,19,272,161,111,30,19,131,92,2022-05-02,Madrid,Mutua Madrid Open,Outdoor,Clay,2.62,1.5,0
Basilashvili N.,118,301,138,163,26,34,112,129,Fognini F.,128,742,383,359,39,48,344,311,2022-05-02,Madrid,Mutua Madrid Open,Outdoor,Clay,2.5,1.53,1
Alcaraz C.,1,164,130,34,10,5,120,29,Basilashvili N.,118,301,138,163,26,34,112,129,2022-05-03,Madrid,Mutua Madrid Open,Outdoor,Clay,1.08,8.0,1
Murray A.,44,932,687,245,132,47,555,198,Shapovalov D.,29,298,166,132,30,27,136,105,2022-05-03,Madrid,Mutua Madrid Open,Outdoor,Clay,2.62,1.5,1
Djokovic N.,2,1207,1012,195,146,42,866,153,Monfils G.,323,816,510,306,131,65,379,241,2022-05-03,Madrid,Mutua Madrid Open,Outdoor,Clay,1.2,4.5,1
Draper J.,55,51,29,22,2,3,27,19,Rublev A.,7,392,255,137,57,34,198,103,2022-05-03,Madrid,Mutua Madrid Open,Outdoor,Clay,5.5,1.14,0
Opelka R.,17,168,88,80,17,10,71,70,Korda S.,26,126,75,51,15,9,60,42,2022-05-03,Madrid,Mutua Madrid Open,Outdoor,Clay,2.2,1.66,0
Van De Zandschulp B.,44,117,63,54,11,11,52,43,Carreno Busta P.,16,352,214,138,33,25,181,113,2022-05-03,Madrid,Mutua Madrid Open,Outdoor,Clay,3.2,1.36,1
Kecmanovic M.,40,210,107,103,12,16,95,87,Bublik A.,25,219,110,109,39,30,71,79,2022-05-03,Madrid,Mutua Madrid Open,Outdoor,Clay,1.33,3.4,1
Bautista Agut R.,25,379,234,145,31,29,203,116,Brooksby J.,39,79,46,33,6,5,40,28,2022-05-03,Madrid,Mutua Madrid Open,Outdoor,Clay,1.72,2.1,1
Ramos-Vinolas A.,82,437,204,233,17,31,187,202,Cilic M.,100,853,543,310,119,65,424,245,2022-05-03,Madrid,Mutua Madrid Open,Outdoor,Clay,2.1,1.72,0
Hurkacz H.,17,238,137,101,27,24,110,77,Dellien H.,164,70,22,48,5,5,17,43,2022-05-03,Madrid,Mutua Madrid Open,Outdoor,Clay,1.3,3.5,1
Tiafoe F.,10,303,158,145,24,23,134,122,Garin C.,101,190,103,87,15,13,88,74,2022-05-03,Madrid,Mutua Madrid Open,Outdoor,Clay,1.72,2.1,0
Schwartzman D.,95,428,233,195,32,27,201,168,Dimitrov G.,20,651,389,262,79,50,310,212,2022-05-04,Madrid,Mutua Madrid Open,Outdoor,Clay,1.53,2.5,0
Pouille L.,675,259,134,125,35,26,99,99,Tsitsipas S.,5,390,264,126,49,32,215,94,2022-05-04,Madrid,Mutua Madrid Open,Outdoor,Clay,10.0,1.06,0
Auger-Aliassime F.,12,268,163,105,48,22,115,83,Garin C.,101,190,103,87,15,13,88,74,2022-05-04,Madrid,Mutua Madrid Open,Outdoor,Clay,1.5,2.62,1
Sinner J.,8,224,153,71,42,19,111,52,De Minaur A.,19,272,161,111,30,19,131,92,2022-05-04,Madrid,Mutua Madrid Open,Outdoor,Clay,1.44,2.75,1
Musetti L.,18,143,79,64,12,12,67,52,Korda S.,26,126,75,51,15,9,60,42,2022-05-04,Madrid,Mutua Madrid Open,Outdoor,Clay,2.62,1.5,1
Van De Zandschulp B.,44,117,63,54,11,11,52,43,Goffin D.,123,522,296,226,66,52,230,174,2022-05-04,Madrid,Mutua Madrid Open,Outdoor,Clay,1.72,2.1,0
Isner J.,114,755,465,290,53,45,412,245,Norrie C.,13,287,172,115,15,18,157,97,2022-05-04,Madrid,Mutua Madrid Open,Outdoor,Clay,2.2,1.66,0
Kecmanovic M.,40,210,107,103,12,16,95,87,Nadal R.,2,1223,1017,206,76,40,941,166,2022-05-04,Madrid,Mutua Madrid Open,Outdoor,Clay,3.4,1.33,0
Evans D.,30,251,124,127,18,16,106,111,Bautista Agut R.,25,379,234,145,31,29,203,116,2022-05-04,Madrid,Mutua Madrid Open,Outdoor,Clay,3.5,1.3,1
Ruud C.,4,275,176,99,19,16,157,83,Lajovic D.,66,378,163,215,21,36,142,179,2022-05-04,Madrid,Mutua Madrid Open,Outdoor,Clay,1.12,6.0,0
Davidovich Fokina A.,39,168,84,84,17,20,67,64,Hurkacz H.,17,238,137,101,27,24,110,77,2022-05-04,Madrid,Mutua Madrid Open,Outdoor,Clay,1.72,2.1,0
Cilic M.,100,853,543,310,119,65,424,245,Zverev A.,19,500,346,154,60,31,286,123,2022-05-04,Madrid,Mutua Madrid Open,Outdoor,Clay,5.0,1.16,0
Alcaraz C.,1,164,130,34,10,5,120,29,Norrie C.,13,287,172,115,15,18,157,97,2022-05-05,Madrid,Mutua Madrid Open,Outdoor,Clay,1.16,5.0,1
Murray A.,44,932,687,245,132,47,555,198,Djokovic N.,2,1207,1012,195,146,42,866,153,2022-05-05,Madrid,Mutua Madrid Open,Outdoor,Clay,6.0,1.12,0
Rublev A.,7,392,255,137,57,34,198,103,Evans D.,30,251,124,127,18,16,106,111,2022-05-05,Madrid,Mutua Madrid Open,Outdoor,Clay,1.22,4.33,1
Hurkacz H.,17,238,137,101,27,24,110,77,Lajovic D.,66,378,163,215,21,36,142,179,2022-05-05,Madrid,Mutua Madrid Open,Outdoor,Clay,1.28,3.75,1
Musetti L.,18,143,79,64,12,12,67,52,Zverev A.,19,500,346,154,60,31,286,123,2022-05-05,Madrid,Mutua Madrid Open,Outdoor,Clay,3.75,1.28,0
Nadal R.,2,1223,1017,206,76,40,941,166,Goffin D.,123,522,296,226,66,52,230,174,2022-05-05,Madrid,Mutua Madrid Open,Outdoor,Clay,1.12,6.0,1
Auger-Aliassime F.,12,268,163,105,48,22,115,83,Sinner J.,8,224,153,71,42,19,111,52,2022-05-05,Madrid,Mutua Madrid Open,Outdoor,Clay,2.37,1.57,1
Dimitrov G.,20,651,389,262,79,50,310,212,Tsitsipas S.,5,390,264,126,49,32,215,94,2022-05-05,Madrid,Mutua Madrid Open,Outdoor,Clay,3.5,1.3,0
Hurkacz H.,17,238,137,101,27,24,110,77,Djokovic N.,2,1207,1012,195,146,42,866,153,2022-05-06,Madrid,Mutua Madrid Open,Outdoor,Clay,3.5,1.3,0
Nadal R.,2,1223,1017,206,76,40,941,166,Alcaraz C.,1,164,130,34,10,5,120,29,2022-05-06,Madrid,Mutua Madrid Open,Outdoor,Clay,2.0,1.8,0
Rublev A.,7,392,255,137,57,34,198,103,Tsitsipas S.,5,390,264,126,49,32,215,94,2022-05-06,Madrid,Mutua Madrid Open,Outdoor,Clay,3.0,1.4,0
Zverev A.,19,500,346,154,60,31,286,123,Auger-Aliassime F.,12,268,163,105,48,22,115,83,2022-05-06,Madrid,Mutua Madrid Open,Outdoor,Clay,1.5,2.62,1
Djokovic N.,2,1207,1012,195,146,42,866,153,Alcaraz C.,1,164,130,34,10,5,120,29,2022-05-07,Madrid,Mutua Madrid Open,Outdoor,Clay,1.72,2.1,0
Tsitsipas S.,5,390,264,126,49,32,215,94,Zverev A.,19,500,346,154,60,31,286,123,2022-05-07,Madrid,Mutua Madrid Open,Outdoor,Clay,1.61,2.3,0
Cilic M.,100,853,543,310,119,65,424,245,Arnaldi M.,76,18,9,9,0,0,9,9,2022-05-08,Rome,Internazionali BNL d'Italia,Outdoor,Clay,1.16,5.0,1
Harris L.,186,129,59,70,7,8,52,62,Karatsev A.,75,136,66,70,10,22,56,48,2022-05-08,Rome,Internazionali BNL d'Italia,Outdoor,Clay,2.2,1.66,0
Passaro F.,126,10,3,7,1,1,2,6,Garin C.,101,190,103,87,15,13,88,74,2022-05-08,Rome,Internazionali BNL d'Italia,Outdoor,Clay,3.5,1.3,0
Tiafoe F.,10,303,158,145,24,23,134,122,Krajinovic F.,93,240,115,125,38,34,77,91,2022-05-08,Rome,Internazionali BNL d'Italia,Outdoor,Clay,1.61,2.3,0
Zverev A.,19,500,346,154,60,31,286,123,Alcaraz C.,1,164,130,34,10,5,120,29,2022-05-08,Madrid,Mutua Madrid Open,Outdoor,Clay,2.5,1.53,0
Carreno Busta P.,16,352,214,138,33,25,181,113,Delbonis F.,131,340,152,188,19,23,133,165,2022-05-09,Rome,Internazionali BNL d'Italia,Outdoor,Clay,1.22,4.33,1
Lajovic D.,66,378,163,215,21,36,142,179,De Minaur A.,19,272,161,111,30,19,131,92,2022-05-09,Rome,Internazionali BNL d'Italia,Outdoor,Clay,2.2,1.66,0
Thiem D.,116,517,327,190,53,39,274,151,Fognini F.,128,742,383,359,39,48,344,311,2022-05-09,Rome,Internazionali BNL d'Italia,Outdoor,Clay,2.37,1.57,0
Paul T.,14,204,111,93,19,13,92,80,Ramos-Vinolas A.,82,437,204,233,17,31,187,202,2022-05-09,Rome,Internazionali BNL d'Italia,Outdoor,Clay,2.2,1.66,1
Van De Zandschulp B.,44,117,63,54,11,11,52,43,Korda S.,26,126,75,51,15,9,60,42,2022-05-09,Rome,Internazionali BNL d'Italia,Outdoor,Clay,2.3,1.61,1
Khachanov K.,11,378,217,161,44,38,173,123,Zeppieri G.,129,13,4,9,0,1,4,8,2022-05-09,Rome,Internazionali BNL d'Italia,Outdoor,Clay,1.28,3.75,1
Bublik A.,25,219,110,109,39,30,71,79,Giron M.,69,150,68,82,20,14,48,68,2022-05-09,Rome,Internazionali BNL d'Italia,Outdoor,Clay,1.72,2.1,0
Sonego L.,43,221,107,114,19,17,88,97,Shapovalov D.,29,298,166,132,30,27,136,105,2022-05-09,Rome,Internazionali BNL d'Italia,Outdoor,Clay,1.9,1.9,0
Djere L.,38,243,120,123,10,22,110,101,Coric B.,15,343,185,158,28,28,157,130,2022-05-09,Rome,Internazionali BNL d'Italia,Outdoor,Clay,1.5,2.62,1
Brooksby J.,39,79,46,33,6,5,40,28,Cobolli F.,148,14,5,9,0,1,5,8,2022-05-09,Rome,Internazionali BNL d'Italia,Outdoor,Clay,1.53,2.5,1
Davidovich Fokina A.,39,168,84,84,17,20,67,64,Ivashka I.,113,159,78,81,19,18,59,63,2022-05-09,Rome,Internazionali BNL d'Italia,Outdoor,Clay,1.33,3.4,1
Opelka R.,17,168,88,80,17,10,71,70,Wawrinka S.,72,854,535,319,84,69,451,250,2022-05-09,Rome,Internazionali BNL d'Italia,Outdoor,Clay,1.33,3.4,0
Evans D.,30,251,124,127,18,16,106,111,Basilashvili N.,118,301,138,163,26,34,112,129,2022-05-09,Rome,Internazionali BNL d'Italia,Outdoor,Clay,1.72,2.1,0
Ruusuvuori E.,55,158,79,79,16,18,63,61,Garin C.,101,190,103,87,15,13,88,74,2022-05-10,Rome,Internazionali BNL d'Italia,Outdoor,Clay,1.8,2.0,0
Rublev A.,7,392,255,137,57,34,198,103,Krajinovic F.,93,240,115,125,38,34,77,91,2022-05-10,Rome,Internazionali BNL d'Italia,Outdoor,Clay,1.16,5.0,0
Auger-Aliassime F.,12,268,163,105,48,22,115,83,Davidovich Fokina A.,39,168,84,84,17,20,67,64,2022-05-10,Rome,Internazionali BNL d'Italia,Outdoor,Clay,1.72,2.1,1
Basilashvili N.,118,301,138,163,26,34,112,129,Shapovalov D.,29,298,166,132,30,27,136,105,2022-05-10,Rome,Internazionali BNL d'Italia,Outdoor,Clay,2.37,1.57,0
Karatsev A.,75,136,66,70,10,22,56,48,Djokovic N.,2,1207,1012,195,146,42,866,153,2022-05-10,Rome,Internazionali BNL d'Italia,Outdoor,Clay,8.0,1.08,0
Van De Zandschulp B.,44,117,63,54,11,11,52,43,Ruud C.,4,275,176,99,19,16,157,83,2022-05-10,Rome,Internazionali BNL d'Italia,Outdoor,Clay,2.75,1.44,0
Goffin D.,123,522,296,226,66,52,230,174,Hurkacz H.,17,238,137,101,27,24,110,77,2022-05-10,Rome,Internazionali BNL d'Italia,Outdoor,Clay,2.2,1.66,1
Cerundolo F.,21,104,58,46,3,7,55,39,Isner J.,114,755,465,290,53,45,412,245,2022-05-10,Rome,Internazionali BNL d'Italia,Outdoor,Clay,2.0,1.8,0
Dimitrov G.,20,651,389,262,79,50,310,212,Nakashima B.,70,106,57,49,6,5,51,44,2022-05-10,Rome,Internazionali BNL d'Italia,Outdoor,Clay,1.28,3.75,1
Griekspoor T.,37,97,47,50,7,14,40,36,Baez S.,72,95,47,48,6,6,41,42,2022-05-10,Rome,Internazionali BNL d'Italia,Outdoor,Clay,3.2,1.36,0
Martinez P.,135,118,50,68,7,6,43,62,Sinner J.,8,224,153,71,42,19,111,52,2022-05-10,Rome,Internazionali BNL d'Italia,Outdoor,Clay,5.0,1.16,0
Norrie C.,13,287,172,115,15,18,157,97,Nardi L.,151,11,2,9,1,3,1,6,2022-05-10,Rome,Internazionali BNL d'Italia,Outdoor,Clay,1.14,5.5,1
Schwartzman D.,95,428,233,195,32,27,201,168,Kecmanovic M.,40,210,107,103,12,16,95,87,2022-05-10,Rome,Internazionali BNL d'Italia,Outdoor,Clay,1.61,2.3,1
Zverev A.,19,500,346,154,60,31,286,123,Baez S.,72,95,47,48,6,6,41,42,2022-05-11,Rome,Internazionali BNL d'Italia,Outdoor,Clay,1.2,4.5,1
Khachanov K.,11,378,217,161,44,38,173,123,Carreno Busta P.,16,352,214,138,33,25,181,113,2022-05-11,Rome,Internazionali BNL d'Italia,Outdoor,Clay,2.62,1.5,1
Nadal R.,2,1223,1017,206,76,40,941,166,Isner J.,114,755,465,290,53,45,412,245,2022-05-11,Rome,Internazionali BNL d'Italia,Outdoor,Clay,1.1,7.0,1
Dimitrov G.,20,651,389,262,79,50,310,212,Tsitsipas S.,5,390,264,126,49,32,215,94,2022-05-11,Rome,Internazionali BNL d'Italia,Outdoor,Clay,4.33,1.22,0
Schwartzman D.,95,428,233,195,32,27,201,168,Giron M.,69,150,68,82,20,14,48,68,2022-05-11,Rome,Internazionali BNL d'Italia,Outdoor,Clay,1.12,6.0,0
Brooksby J.,39,79,46,33,6,5,40,28,Goffin D.,123,522,296,226,66,52,230,174,2022-05-11,Rome,Internazionali BNL d'Italia,Outdoor,Clay,3.2,1.36,1
Djere L.,38,243,120,123,10,22,110,101,Wawrinka S.,72,854,535,319,84,69,451,250,2022-05-11,Rome,Internazionali BNL d'Italia,Outdoor,Clay,1.36,3.2,0
Sinner J.,8,224,153,71,42,19,111,52,Fognini F.,128,742,383,359,39,48,344,311,2022-05-11,Rome,Internazionali BNL d'Italia,Outdoor,Clay,1.3,3.5,1
Norrie C.,13,287,172,115,15,18,157,97,Cilic M.,100,853,543,310,119,65,424,245,2022-05-11,Rome,Internazionali BNL d'Italia,Outdoor,Clay,1.61,2.3,0
Paul T.,14,204,111,93,19,13,92,80,De Minaur A.,19,272,161,111,30,19,131,92,2022-05-11,Rome,Internazionali BNL d'Italia,Outdoor,Clay,2.2,1.66,0
Nadal R.,2,1223,1017,206,76,40,941,166,Shapovalov D.,29,298,166,132,30,27,136,105,2022-05-12,Rome,Internazionali BNL d'Italia,Outdoor,Clay,1.16,5.0,0
Djokovic N.,2,1207,1012,195,146,42,866,153,Wawrinka S.,72,854,535,319,84,69,451,250,2022-05-12,Rome,Internazionali BNL d'Italia,Outdoor,Clay,1.07,9.0,1
Brooksby J.,39,79,46,33,6,5,40,28,Ruud C.,4,275,176,99,19,16,157,83,2022-05-12,Rome,Internazionali BNL d'Italia,Outdoor,Clay,4.33,1.22,0
Cilic M.,100,853,543,310,119,65,424,245,Garin C.,101,190,103,87,15,13,88,74,2022-05-12,Rome,Internazionali BNL d'Italia,Outdoor,Clay,1.57,2.37,0
Auger-Aliassime F.,12,268,163,105,48,22,115,83,Giron M.,69,150,68,82,20,14,48,68,2022-05-12,Rome,Internazionali BNL d'Italia,Outdoor,Clay,1.16,5.0,1
Khachanov K.,11,378,217,161,44,38,173,123,Tsitsipas S.,5,390,264,126,49,32,215,94,2022-05-12,Rome,Internazionali BNL d'Italia,Outdoor,Clay,4.5,1.2,0
Zverev A.,19,500,346,154,60,31,286,123,De Minaur A.,19,272,161,111,30,19,131,92,2022-05-12,Rome,Internazionali BNL d'Italia,Outdoor,Clay,1.22,4.33,1
Sinner J.,8,224,153,71,42,19,111,52,Krajinovic F.,93,240,115,125,38,34,77,91,2022-05-12,Rome,Internazionali BNL d'Italia,Outdoor,Clay,1.25,4.0,1
Garin C.,101,190,103,87,15,13,88,74,Zverev A.,19,500,346,154,60,31,286,123,2022-05-13,Rome,Internazionali BNL d'Italia,Outdoor,Clay,5.5,1.14,0
Sinner J.,8,224,153,71,42,19,111,52,Tsitsipas S.,5,390,264,126,49,32,215,94,2022-05-13,Rome,Internazionali BNL d'Italia,Outdoor,Clay,2.75,1.44,0
Ruud C.,4,275,176,99,19,16,157,83,Shapovalov D.,29,298,166,132,30,27,136,105,2022-05-13,Rome,Internazionali BNL d'Italia,Outdoor,Clay,1.4,3.0,1
Auger-Aliassime F.,12,268,163,105,48,22,115,83,Djokovic N.,2,1207,1012,195,146,42,866,153,2022-05-13,Rome,Internazionali BNL d'Italia,Outdoor,Clay,5.0,1.16,0
Tsitsipas S.,5,390,264,126,49,32,215,94,Zverev A.,19,500,346,154,60,31,286,123,2022-05-14,Rome,Internazionali BNL d'Italia,Outdoor,Clay,1.61,2.3,1
Ruud C.,4,275,176,99,19,16,157,83,Djokovic N.,2,1207,1012,195,146,42,866,153,2022-05-14,Rome,Internazionali BNL d'Italia,Outdoor,Clay,4.5,1.2,0
Rinderknech A.,67,96,46,50,16,12,30,38,Rune H.,6,131,83,48,28,9,55,39,2022-05-15,Lyon,Lyon Open,Outdoor,Clay,4.0,1.25,0
Majchrzak K.,121,50,19,31,3,4,16,27,Bublik A.,25,219,110,109,39,30,71,79,2022-05-15,Geneva,Geneva Open,Outdoor,Clay,1.61,2.3,1
Djokovic N.,2,1207,1012,195,146,42,866,153,Tsitsipas S.,5,390,264,126,49,32,215,94,2022-05-15,Rome,Internazionali BNL d'Italia,Outdoor,Clay,1.44,2.75,1
Mannarino A.,27,567,264,303,60,73,204,230,Karatsev A.,75,136,66,70,10,22,56,48,2022-05-15,Lyon,Lyon Open,Outdoor,Clay,3.75,1.28,1
Paul T.,14,204,111,93,19,13,92,80,Griekspoor T.,37,97,47,50,7,14,40,36,2022-05-15,Geneva,Geneva Open,Outdoor,Clay,1.66,2.2,0
Cerundolo F.,21,104,58,46,3,7,55,39,Duckworth J.,123,143,55,88,10,9,45,79,2022-05-15,Lyon,Lyon Open,Outdoor,Clay,1.12,6.0,1
Khachanov K.,11,378,217,161,44,38,173,123,Simon G.,188,869,491,378,135,94,356,284,2022-05-16,Lyon,Lyon Open,Outdoor,Clay,1.12,6.0,1
Molcan A.,120,86,45,41,1,6,44,35,Tsonga J.W.,297,672,444,228,139,62,305,166,2022-05-16,Lyon,Lyon Open,Outdoor,Clay,1.2,4.5,1
Martinez P.,135,118,50,68,7,6,43,62,Watanuki Y.,99,25,11,14,0,0,11,14,2022-05-16,Lyon,Lyon Open,Outdoor,Clay,1.12,6.0,0
Otte O.,233,78,33,45,6,14,27,31,Pouille L.,675,259,134,125,35,26,99,99,2022-05-16,Lyon,Lyon Open,Outdoor,Clay,1.5,2.62,1
Bedene A.,347,291,131,160,18,23,113,137,Kwon S.W.,68,108,53,55,12,6,41,49,2022-05-16,Lyon,Lyon Open,Outdoor,Clay,2.75,1.44,0
Barrere G.,59,79,31,48,11,16,20,32,Humbert U.,36,170,80,90,23,21,57,69,2022-05-16,Lyon,Lyon Open,Outdoor,Clay,2.62,1.5,0
Baez S.,72,95,47,48,6,6,41,42,Etcheverry T.,34,60,26,34,5,3,21,31,2022-05-16,Lyon,Lyon Open,Outdoor,Clay,1.2,4.5,1
Giron M.,69,150,68,82,20,14,48,68,Ivashka I.,113,159,78,81,19,18,59,63,2022-05-16,Geneva,Geneva Open,Outdoor,Clay,2.62,1.5,0
Delbonis F.,131,340,152,188,19,23,133,165,Berankis R.,212,249,104,145,36,31,68,114,2022-05-16,Geneva,Geneva Open,Outdoor,Clay,1.28,3.75,1
Millman J.,140,256,113,143,21,22,92,121,Gasquet R.,48,948,581,367,133,82,448,285,2022-05-16,Geneva,Geneva Open,Outdoor,Clay,2.37,1.57,0
Thiem D.,116,517,327,190,53,39,274,151,Cecchinato M.,108,204,79,125,2,14,77,111,2022-05-16,Geneva,Geneva Open,Outdoor,Clay,1.4,3.0,0
Ruusuvuori E.,55,158,79,79,16,18,63,61,Paire B.,149,527,237,290,39,56,198,234,2022-05-16,Geneva,Geneva Open,Outdoor,Clay,1.4,3.0,0
Medvedev D.,3,406,289,117,69,27,220,90,Gasquet R.,48,948,581,367,133,82,448,285,2022-05-17,Geneva,Geneva Open,Outdoor,Clay,1.4,3.0,0
Humbert U.,36,170,80,90,23,21,57,69,De Minaur A.,19,272,161,111,30,19,131,92,2022-05-17,Lyon,Lyon Open,Outdoor,Clay,3.2,1.36,0
Cerundolo F.,21,104,58,46,3,7,55,39,Norrie C.,13,287,172,115,15,18,157,97,2022-05-17,Lyon,Lyon Open,Outdoor,Clay,3.0,1.4,0
Baez S.,72,95,47,48,6,6,41,42,Otte O.,233,78,33,45,6,14,27,31,2022-05-17,Lyon,Lyon Open,Outdoor,Clay,1.4,3.0,1
Watanuki Y.,99,25,11,14,0,0,11,14,Kwon S.W.,68,108,53,55,12,6,41,49,2022-05-17,Lyon,Lyon Open,Outdoor,Clay,3.0,1.4,1
Gaston H.,109,58,24,34,5,9,19,25,Guinard M.,148,9,4,5,2,2,2,3,2022-05-17,Lyon,Lyon Open,Outdoor,Clay,1.72,2.1,0
Altmaier D.,51,79,28,51,1,5,27,46,Coria F.,108,99,43,56,2,6,41,50,2022-05-17,Lyon,Lyon Open,Outdoor,Clay,1.72,2.1,0
Basilashvili N.,118,301,138,163,26,34,112,129,Bagnis F.,135,121,39,82,9,8,30,74,2022-05-17,Geneva,Geneva Open,Outdoor,Clay,1.61,2.3,1
Sousa J.,147,436,189,247,42,44,147,203,Andujar P.,323,404,164,240,12,30,152,210,2022-05-17,Geneva,Geneva Open,Outdoor,Clay,2.3,1.61,1
Ramos-Vinolas A.,82,437,204,233,17,31,187,202,O Connell C.,74,65,26,39,0,0,26,39,2022-05-17,Geneva,Geneva Open,Outdoor,Clay,1.57,2.37,0
Nikles J.,317,4,1,3,0,0,1,3,Riedi L.,135,5,1,4,1,1,0,3,2022-05-17,Geneva,Geneva Open,Outdoor,Clay,2.2,1.66,1
Cecchinato M.,108,204,79,125,2,14,77,111,Majchrzak K.,121,50,19,31,3,4,16,27,2022-05-17,Geneva,Geneva Open,Outdoor,Clay,2.3,1.61,0
Kokkinakis T.,86,124,55,69,0,4,55,65,Fognini F.,128,742,383,359,39,48,344,311,2022-05-17,Geneva,Geneva Open,Outdoor,Clay,2.2,1.66,1
Mannarino A.,27,567,264,303,60,73,204,230,Rune H.,6,131,83,48,28,9,55,39,2022-05-18,Lyon,Lyon Open,Outdoor,Clay,7.0,1.1,0
Khachanov K.,11,378,217,161,44,38,173,123,Molcan A.,120,86,45,41,1,6,44,35,2022-05-18,Lyon,Lyon Open,Outdoor,Clay,1.53,2.5,0
Coria F.,108,99,43,56,2,6,41,50,Carreno Busta P.,16,352,214,138,33,25,181,113,2022-05-18,Lyon,Lyon Open,Outdoor,Clay,4.33,1.22,1
Opelka R.,17,168,88,80,17,10,71,70,O Connell C.,74,65,26,39,0,0,26,39,2022-05-18,Geneva,Geneva Open,Outdoor,Clay,1.8,2.0,1
Delbonis F.,131,340,152,188,19,23,133,165,Kokkinakis T.,86,124,55,69,0,4,55,65,2022-05-18,Geneva,Geneva Open,Outdoor,Clay,2.3,1.61,0
Griekspoor T.,37,97,47,50,7,14,40,36,Nikles J.,317,4,1,3,0,0,1,3,2022-05-18,Geneva,Geneva Open,Outdoor,Clay,1.22,4.33,1
Paire B.,149,527,237,290,39,56,198,234,Ruud C.,4,275,176,99,19,16,157,83,2022-05-18,Geneva,Geneva Open,Outdoor,Clay,6.0,1.12,0
Sousa J.,147,436,189,247,42,44,147,203,Basilashvili N.,118,301,138,163,26,34,112,129,2022-05-18,Geneva,Geneva Open,Outdoor,Clay,2.75,1.44,1
Shapovalov D.,29,298,166,132,30,27,136,105,Ivashka I.,113,159,78,81,19,18,59,63,2022-05-18,Geneva,Geneva Open,Outdoor,Clay,1.44,2.75,0
Griekspoor T.,37,97,47,50,7,14,40,36,Opelka R.,17,168,88,80,17,10,71,70,2022-05-19,Geneva,Geneva Open,Outdoor,Clay,2.3,1.61,0
Ruud C.,4,275,176,99,19,16,157,83,Kokkinakis T.,86,124,55,69,0,4,55,65,2022-05-19,Geneva,Geneva Open,Outdoor,Clay,1.2,4.5,1
Gasquet R.,48,948,581,367,133,82,448,285,Majchrzak K.,121,50,19,31,3,4,16,27,2022-05-19,Geneva,Geneva Open,Outdoor,Clay,1.72,2.1,1
Ivashka I.,113,159,78,81,19,18,59,63,Sousa J.,147,436,189,247,42,44,147,203,2022-05-19,Geneva,Geneva Open,Outdoor,Clay,1.4,3.0,0
Molcan A.,120,86,45,41,1,6,44,35,Coria F.,108,99,43,56,2,6,41,50,2022-05-19,Lyon,Lyon Open,Outdoor,Clay,1.66,2.2,1
Guinard M.,148,9,4,5,2,2,2,3,Mmoh M.,112,55,20,35,0,3,20,32,2022-05-19,Lyon,Lyon Open,Outdoor,Clay,1.57,2.37,1
De Minaur A.,19,272,161,111,30,19,131,92,Watanuki Y.,99,25,11,14,0,0,11,14,2022-05-19,Lyon,Lyon Open,Outdoor,Clay,1.16,5.0,1
Rune H.,6,131,83,48,28,9,55,39,Guinard M.,148,9,4,5,2,2,2,3,2022-05-19,Lyon,Lyon Open,Outdoor,Clay,1.14,5.5,1
Baez S.,72,95,47,48,6,6,41,42,Norrie C.,13,287,172,115,15,18,157,97,2022-05-19,Lyon,Lyon Open,Outdoor,Clay,1.72,2.1,0
De Minaur A.,19,272,161,111,30,19,131,92,Molcan A.,120,86,45,41,1,6,44,35,2022-05-20,Lyon,Lyon Open,Outdoor,Clay,1.66,2.2,0
Opelka R.,17,168,88,80,17,10,71,70,Ruud C.,4,275,176,99,19,16,157,83,2022-05-20,Geneva,Geneva Open,Outdoor,Clay,4.0,1.25,0
Sousa J.,147,436,189,247,42,44,147,203,Gasquet R.,48,948,581,367,133,82,448,285,2022-05-20,Geneva,Geneva Open,Outdoor,Clay,2.75,1.44,1
Norrie C.,13,287,172,115,15,18,157,97,Rune H.,6,131,83,48,28,9,55,39,2022-05-20,Lyon,Lyon Open,Outdoor,Clay,1.57,2.37,1
Norrie C.,13,287,172,115,15,18,157,97,Molcan A.,120,86,45,41,1,6,44,35,2022-05-21,Lyon,Lyon Open,Outdoor,Clay,1.61,2.3,1
Sousa J.,147,436,189,247,42,44,147,203,Ruud C.,4,275,176,99,19,16,157,83,2022-05-21,Geneva,Geneva Open,Outdoor,Clay,6.0,1.12,0
Alcaraz C.,1,164,130,34,10,5,120,29,Londero J.I.,142,83,34,49,3,5,31,44,2022-05-22,Paris,French Open,Outdoor,Clay,1.02,19.0,1
Mmoh M.,112,55,20,35,0,3,20,32,Zapata Miralles B.,54,80,32,48,1,6,31,42,2022-05-22,Paris,French Open,Outdoor,Clay,4.0,1.25,0
Kubler J.,77,53,24,29,0,1,24,28,Kudla D.,137,198,70,128,5,14,65,114,2022-05-22,Paris,French Open,Outdoor,Clay,1.5,2.62,1
Zverev A.,19,500,346,154,60,31,286,123,Ofner S.,61,34,16,18,1,2,15,16,2022-05-22,Paris,French Open,Outdoor,Clay,1.05,11.0,1
Ugo Carabelli C.,122,5,2,3,0,1,2,2,Karatsev A.,75,136,66,70,10,22,56,48,2022-05-22,Paris,French Open,Outdoor,Clay,2.2,1.66,1
Borges N.,69,28,10,18,1,1,9,17,Khachanov K.,11,378,217,161,44,38,173,123,2022-05-22,Paris,French Open,Outdoor,Clay,3.75,1.28,0
Fognini F.,128,742,383,359,39,48,344,311,Popyrin A.,90,140,59,81,9,13,50,68,2022-05-22,Paris,French Open,Outdoor,Clay,1.5,2.62,1
Davidovich Fokina A.,39,168,84,84,17,20,67,64,Griekspoor T.,37,97,47,50,7,14,40,36,2022-05-22,Paris,French Open,Outdoor,Clay,1.25,4.0,0
Cuevas P.,149,421,210,211,34,25,176,186,Brooksby J.,39,79,46,33,6,5,40,28,2022-05-22,Paris,French Open,Outdoor,Clay,3.0,1.4,1
Kokkinakis T.,86,124,55,69,0,4,55,65,Ramos-Vinolas A.,82,437,204,233,17,31,187,202,2022-05-22,Paris,French Open,Outdoor,Clay,1.8,2.0,0
Halys Q.,79,72,23,49,3,10,20,39,Isner J.,114,755,465,290,53,45,412,245,2022-05-22,Paris,French Open,Outdoor,Clay,2.62,1.5,0
Thiem D.,116,517,327,190,53,39,274,151,Dellien H.,164,70,22,48,5,5,17,43,2022-05-22,Paris,French Open,Outdoor,Clay,2.0,1.8,0
Coric B.,15,343,185,158,28,28,157,130,Taberner C.,181,37,13,24,4,6,9,18,2022-05-22,Paris,French Open,Outdoor,Clay,1.9,1.9,1
Dimitrov G.,20,651,389,262,79,50,310,212,Giron M.,69,150,68,82,20,14,48,68,2022-05-22,Paris,French Open,Outdoor,Clay,1.14,5.5,1
Bedene A.,347,291,131,160,18,23,113,137,O Connell C.,74,65,26,39,0,0,26,39,2022-05-22,Paris,French Open,Outdoor,Clay,3.75,1.28,1
Munar J.,104,178,75,103,7,12,68,91,Altmaier D.,51,79,28,51,1,5,27,46,2022-05-22,Paris,French Open,Outdoor,Clay,1.4,3.0,1
Kuznetsov An.,228,162,70,92,9,19,61,73,Schwartzman D.,95,428,233,195,32,27,201,168,2022-05-22,Paris,French Open,Outdoor,Clay,9.0,1.07,0
Daniel T.,111,178,67,111,3,10,64,101,Barrere G.,59,79,31,48,11,16,20,32,2022-05-22,Paris,French Open,Outdoor,Clay,1.3,3.5,0
Van De Zandschulp B.,44,117,63,54,11,11,52,43,Kotov P.,89,25,10,15,1,4,9,11,2022-05-22,Paris,French Open,Outdoor,Clay,1.28,3.75,1
Auger-Aliassime F.,12,268,163,105,48,22,115,83,Varillas J. P.,1345,20,9,11,2,1,7,10,2022-05-22,Paris,French Open,Outdoor,Clay,1.16,5.0,1
Agamenone F.,136,5,3,2,0,0,3,2,Mcdonald M.,60,190,87,103,11,15,76,88,2022-05-23,Paris,French Open,Outdoor,Clay,2.3,1.61,0
Djokovic N.,2,1207,1012,195,146,42,866,153,Nishioka Y.,31,215,99,116,15,15,84,101,2022-05-23,Paris,French Open,Outdoor,Clay,1.01,26.0,1
Balazs A.,745,33,16,17,0,1,16,16,Cilic M.,100,853,543,310,119,65,424,245,2022-05-23,Paris,French Open,Outdoor,Clay,10.0,1.06,0
Duckworth J.,123,143,55,88,10,9,45,79,Ymer M.,59,130,58,72,18,23,40,49,2022-05-23,Paris,French Open,Outdoor,Clay,3.4,1.33,0
Fucsovics M.,67,249,121,128,26,24,95,104,Blancaneaux G.,152,6,0,6,0,4,0,2,2022-05-23,Paris,French Open,Outdoor,Clay,1.33,3.4,1
Cachin P.,54,52,23,29,1,3,22,26,Gombos N.,114,66,21,45,6,14,15,31,2022-05-23,Paris,French Open,Outdoor,Clay,1.44,2.75,1
Kecmanovic M.,40,210,107,103,12,16,95,87,Etcheverry T.,34,60,26,34,5,3,21,31,2022-05-23,Paris,French Open,Outdoor,Clay,1.11,6.5,1
Thompson J.,71,221,96,125,10,10,86,115,Nadal R.,2,1223,1017,206,76,40,941,166,2022-05-23,Paris,French Open,Outdoor,Clay,23.0,1.01,0
Rodriguez Taverna S.,201,1,0,1,0,0,0,1,Fritz T.,9,356,205,151,26,22,179,129,2022-05-23,Paris,French Open,Outdoor,Clay,6.0,1.12,0
Moutet C.,80,118,50,68,5,11,45,57,Wawrinka S.,72,854,535,319,84,69,451,250,2022-05-23,Paris,French Open,Outdoor,Clay,2.3,1.61,1
Gojo B.,115,14,3,11,0,1,3,10,Giannessi A.,224,35,12,23,1,4,11,19,2022-05-23,Paris,French Open,Outdoor,Clay,1.72,2.1,1
Opelka R.,17,168,88,80,17,10,71,70,Krajinovic F.,93,240,115,125,38,34,77,91,2022-05-23,Paris,French Open,Outdoor,Clay,1.66,2.2,0
Baez S.,72,95,47,48,6,6,41,42,Lajovic D.,66,378,163,215,21,36,142,179,2022-05-23,Paris,French Open,Outdoor,Clay,1.33,3.4,1
Evans D.,30,251,124,127,18,16,106,111,Cerundolo F.,21,104,58,46,3,7,55,39,2022-05-23,Paris,French Open,Outdoor,Clay,2.0,1.8,1
Basilashvili N.,118,301,138,163,26,34,112,129,Cressy M.,96,96,42,54,10,11,32,43,2022-05-23,Paris,French Open,Outdoor,Clay,1.3,3.5,1
Norrie C.,13,287,172,115,15,18,157,97,Guinard M.,148,9,4,5,2,2,2,3,2022-05-23,Paris,French Open,Outdoor,Clay,1.08,8.0,1
Nakashima B.,70,106,57,49,6,5,51,44,Majchrzak K.,121,50,19,31,3,4,16,27,2022-05-23,Paris,French Open,Outdoor,Clay,2.0,1.8,1
Simon G.,188,869,491,378,135,94,356,284,Carreno Busta P.,16,352,214,138,33,25,181,113,2022-05-24,Paris,French Open,Outdoor,Clay,13.0,1.04,1
Musetti L.,18,143,79,64,12,12,67,52,Tsitsipas S.,5,390,264,126,49,32,215,94,2022-05-24,Paris,French Open,Outdoor,Clay,7.0,1.1,0
Johnson S.,197,395,196,199,16,23,180,176,Vesely J.,528,288,130,158,6,19,124,139,2022-05-24,Paris,French Open,Outdoor,Clay,2.3,1.61,1
Kwon S.W.,68,108,53,55,12,6,41,49,Rublev A.,7,392,255,137,57,34,198,103,2022-05-24,Paris,French Open,Outdoor,Clay,8.0,1.08,0
Fratangelo B.,695,62,22,40,0,1,22,39,Sinner J.,8,224,153,71,42,19,111,52,2022-05-24,Paris,French Open,Outdoor,Clay,10.0,1.06,0
Zeppieri G.,129,13,4,9,0,1,4,8,Hurkacz H.,17,238,137,101,27,24,110,77,2022-05-24,Paris,French Open,Outdoor,Clay,6.0,1.12,0
Cecchinato M.,108,204,79,125,2,14,77,111,Andujar P.,323,404,164,240,12,30,152,210,2022-05-24,Paris,French Open,Outdoor,Clay,1.9,1.9,1
Carballes Baena R.,64,207,91,116,11,10,80,106,Otte O.,233,78,33,45,6,14,27,31,2022-05-24,Paris,French Open,Outdoor,Clay,2.2,1.66,1
Gaston H.,109,58,24,34,5,9,19,25,De Minaur A.,19,272,161,111,30,19,131,92,2022-05-24,Paris,French Open,Outdoor,Clay,4.5,1.2,1
Bonzi B.,107,83,37,46,10,13,27,33,Tiafoe F.,10,303,158,145,24,23,134,122,2022-05-24,Paris,French Open,Outdoor,Clay,2.5,1.53,0
Delbonis F.,131,340,152,188,19,23,133,165,Mannarino A.,27,567,264,303,60,73,204,230,2022-05-24,Paris,French Open,Outdoor,Clay,1.36,3.2,1
Sonego L.,43,221,107,114,19,17,88,97,Gojowczyk P.,108,172,75,97,17,18,58,79,2022-05-24,Paris,French Open,Outdoor,Clay,1.08,8.0,1
Kolar Z.,119,4,1,3,0,0,1,3,Pouille L.,675,259,134,125,35,26,99,99,2022-05-24,Paris,French Open,Outdoor,Clay,1.9,1.9,1
Laaksonen H.,125,101,37,64,7,16,30,48,Martinez P.,135,118,50,68,7,6,43,62,2022-05-24,Paris,French Open,Outdoor,Clay,4.0,1.25,1
Ruud C.,4,275,176,99,19,16,157,83,Tsonga J.W.,297,672,444,228,139,62,305,166,2022-05-24,Paris,French Open,Outdoor,Clay,1.03,15.0,1
Tseng C. H.,108,8,2,6,0,1,2,5,Sousa J.,147,436,189,247,42,44,147,203,2022-05-24,Paris,French Open,Outdoor,Clay,2.0,1.8,0
Paire B.,149,527,237,290,39,56,198,234,Ivashka I.,113,159,78,81,19,18,59,63,2022-05-24,Paris,French Open,Outdoor,Clay,2.62,1.5,0
Ruusuvuori E.,55,158,79,79,16,18,63,61,Humbert U.,36,170,80,90,23,21,57,69,2022-05-24,Paris,French Open,Outdoor,Clay,1.66,2.2,1
Berankis R.,212,249,104,145,36,31,68,114,Djere L.,38,243,120,123,10,22,110,101,2022-05-24,Paris,French Open,Outdoor,Clay,6.0,1.12,0
Korda S.,26,126,75,51,15,9,60,42,Millman J.,140,256,113,143,21,22,92,121,2022-05-24,Paris,French Open,Outdoor,Clay,1.14,5.5,1
Rune H.,6,131,83,48,28,9,55,39,Shapovalov D.,29,298,166,132,30,27,136,105,2022-05-24,Paris,French Open,Outdoor,Clay,2.0,1.8,1
Molcan A.,120,86,45,41,1,6,44,35,Coria F.,108,99,43,56,2,6,41,50,2022-05-24,Paris,French Open,Outdoor,Clay,1.44,2.75,1
Gasquet R.,48,948,581,367,133,82,448,285,Harris L.,186,129,59,70,7,8,52,62,2022-05-24,Paris,French Open,Outdoor,Clay,1.5,2.62,1
Paul T.,14,204,111,93,19,13,92,80,Garin C.,101,190,103,87,15,13,88,74,2022-05-24,Paris,French Open,Outdoor,Clay,2.3,1.61,0
Goffin D.,123,522,296,226,66,52,230,174,Lehecka J.,33,61,30,31,4,4,26,27,2022-05-24,Paris,French Open,Outdoor,Clay,1.36,3.2,1
Bublik A.,25,219,110,109,39,30,71,79,Rinderknech A.,67,96,46,50,16,12,30,38,2022-05-24,Paris,French Open,Outdoor,Clay,2.5,1.53,1
Bagnis F.,135,121,39,82,9,8,30,74,Medvedev D.,3,406,289,117,69,27,220,90,2022-05-24,Paris,French Open,Outdoor,Clay,7.0,1.1,0
Schwartzman D.,95,428,233,195,32,27,201,168,Munar J.,104,178,75,103,7,12,68,91,2022-05-25,Paris,French Open,Outdoor,Clay,1.33,3.4,1
Nadal R.,2,1223,1017,206,76,40,941,166,Moutet C.,80,118,50,68,5,11,45,57,2022-05-25,Paris,French Open,Outdoor,Clay,1.03,15.0,1
Korda S.,26,126,75,51,15,9,60,42,Gasquet R.,48,948,581,367,133,82,448,285,2022-05-25,Paris,French Open,Outdoor,Clay,1.4,3.0,1
Dimitrov G.,20,651,389,262,79,50,310,212,Coric B.,15,343,185,158,28,28,157,130,2022-05-25,Paris,French Open,Outdoor,Clay,1.25,4.0,1
Van De Zandschulp B.,44,117,63,54,11,11,52,43,Fognini F.,128,742,383,359,39,48,344,311,2022-05-25,Paris,French Open,Outdoor,Clay,1.57,2.37,1
Nakashima B.,70,106,57,49,6,5,51,44,Griekspoor T.,37,97,47,50,7,14,40,36,2022-05-25,Paris,French Open,Outdoor,Clay,2.62,1.5,1
Molcan A.,120,86,45,41,1,6,44,35,Djokovic N.,2,1207,1012,195,146,42,866,153,2022-05-25,Paris,French Open,Outdoor,Clay,15.0,1.03,0
Ramos-Vinolas A.,82,437,204,233,17,31,187,202,Alcaraz C.,1,164,130,34,10,5,120,29,2022-05-25,Paris,French Open,Outdoor,Clay,15.0,1.03,0
Baez S.,72,95,47,48,6,6,41,42,Zverev A.,19,500,346,154,60,31,286,123,2022-05-25,Paris,French Open,Outdoor,Clay,5.5,1.14,0
Zapata Miralles B.,54,80,32,48,1,6,31,42,Fritz T.,9,356,205,151,26,22,179,129,2022-05-25,Paris,French Open,Outdoor,Clay,2.75,1.44,1
Kubler J.,77,53,24,29,0,1,24,28,Norrie C.,13,287,172,115,15,18,157,97,2022-05-25,Paris,French Open,Outdoor,Clay,8.0,1.08,0
Cuevas P.,149,421,210,211,34,25,176,186,Bedene A.,347,291,131,160,18,23,113,137,2022-05-25,Paris,French Open,Outdoor,Clay,1.53,2.5,0
Barrere G.,59,79,31,48,11,16,20,32,Isner J.,114,755,465,290,53,45,412,245,2022-05-25,Paris,French Open,Outdoor,Clay,4.0,1.25,0
Auger-Aliassime F.,12,268,163,105,48,22,115,83,Ugo Carabelli C.,122,5,2,3,0,1,2,2,2022-05-25,Paris,French Open,Outdoor,Clay,1.1,7.0,1
Dellien H.,164,70,22,48,5,5,17,43,Khachanov K.,11,378,217,161,44,38,173,123,2022-05-25,Paris,French Open,Outdoor,Clay,2.75,1.44,0
Krajinovic F.,93,240,115,125,38,34,77,91,Gojo B.,115,14,3,11,0,1,3,10,2022-05-25,Paris,French Open,Outdoor,Clay,1.16,5.0,1
Rublev A.,7,392,255,137,57,34,198,103,Delbonis F.,131,340,152,188,19,23,133,165,2022-05-26,Paris,French Open,Outdoor,Clay,1.12,6.0,1
Carballes Baena R.,64,207,91,116,11,10,80,106,Sinner J.,8,224,153,71,42,19,111,52,2022-05-26,Paris,French Open,Outdoor,Clay,9.0,1.07,0
Kolar Z.,119,4,1,3,0,0,1,3,Tsitsipas S.,5,390,264,126,49,32,215,94,2022-05-26,Paris,French Open,Outdoor,Clay,17.0,1.02,0
Johnson S.,197,395,196,199,16,23,180,176,Simon G.,188,869,491,378,135,94,356,284,2022-05-26,Paris,French Open,Outdoor,Clay,1.5,2.62,0
Evans D.,30,251,124,127,18,16,106,111,Ymer M.,59,130,58,72,18,23,40,49,2022-05-26,Paris,French Open,Outdoor,Clay,1.44,2.75,0
Cecchinato M.,108,204,79,125,2,14,77,111,Hurkacz H.,17,238,137,101,27,24,110,77,2022-05-26,Paris,French Open,Outdoor,Clay,5.5,1.14,0
Mcdonald M.,60,190,87,103,11,15,76,88,Basilashvili N.,118,301,138,163,26,34,112,129,2022-05-26,Paris,French Open,Outdoor,Clay,2.5,1.53,1
Ivashka I.,113,159,78,81,19,18,59,63,Garin C.,101,190,103,87,15,13,88,74,2022-05-26,Paris,French Open,Outdoor,Clay,2.62,1.5,0
Cilic M.,100,853,543,310,119,65,424,245,Fucsovics M.,67,249,121,128,26,24,95,104,2022-05-26,Paris,French Open,Outdoor,Clay,1.44,2.75,1
Cachin P.,54,52,23,29,1,3,22,26,Gaston H.,109,58,24,34,5,9,19,25,2022-05-26,Paris,French Open,Outdoor,Clay,1.9,1.9,0
Tiafoe F.,10,303,158,145,24,23,134,122,Goffin D.,123,522,296,226,66,52,230,174,2022-05-26,Paris,French Open,Outdoor,Clay,2.2,1.66,0
Kecmanovic M.,40,210,107,103,12,16,95,87,Bublik A.,25,219,110,109,39,30,71,79,2022-05-26,Paris,French Open,Outdoor,Clay,1.2,4.5,1
Djere L.,38,243,120,123,10,22,110,101,Medvedev D.,3,406,289,117,69,27,220,90,2022-05-26,Paris,French Open,Outdoor,Clay,3.2,1.36,0
Rune H.,6,131,83,48,28,9,55,39,Laaksonen H.,125,101,37,64,7,16,30,48,2022-05-26,Paris,French Open,Outdoor,Clay,1.12,6.0,1
Ruusuvuori E.,55,158,79,79,16,18,63,61,Ruud C.,4,275,176,99,19,16,157,83,2022-05-26,Paris,French Open,Outdoor,Clay,6.0,1.12,0
Sousa J.,147,436,189,247,42,44,147,203,Sonego L.,43,221,107,114,19,17,88,97,2022-05-26,Paris,French Open,Outdoor,Clay,3.0,1.4,0
Korda S.,26,126,75,51,15,9,60,42,Alcaraz C.,1,164,130,34,10,5,120,29,2022-05-27,Paris,French Open,Outdoor,Clay,5.0,1.16,0
Khachanov K.,11,378,217,161,44,38,173,123,Norrie C.,13,287,172,115,15,18,157,97,2022-05-27,Paris,French Open,Outdoor,Clay,2.5,1.53,1
Nakashima B.,70,106,57,49,6,5,51,44,Zverev A.,19,500,346,154,60,31,286,123,2022-05-27,Paris,French Open,Outdoor,Clay,8.0,1.08,0
Zapata Miralles B.,54,80,32,48,1,6,31,42,Isner J.,114,755,465,290,53,45,412,245,2022-05-27,Paris,French Open,Outdoor,Clay,2.37,1.57,1
Krajinovic F.,93,240,115,125,38,34,77,91,Auger-Aliassime F.,12,268,163,105,48,22,115,83,2022-05-27,Paris,French Open,Outdoor,Clay,3.5,1.3,0
Djokovic N.,2,1207,1012,195,146,42,866,153,Bedene A.,347,291,131,160,18,23,113,137,2022-05-27,Paris,French Open,Outdoor,Clay,1.01,21.0,1
Dimitrov G.,20,651,389,262,79,50,310,212,Schwartzman D.,95,428,233,195,32,27,201,168,2022-05-27,Paris,French Open,Outdoor,Clay,1.57,2.37,0
Van De Zandschulp B.,44,117,63,54,11,11,52,43,Nadal R.,2,1223,1017,206,76,40,941,166,2022-05-27,Paris,French Open,Outdoor,Clay,11.0,1.05,0
Ymer M.,59,130,58,72,18,23,40,49,Tsitsipas S.,5,390,264,126,49,32,215,94,2022-05-28,Paris,French Open,Outdoor,Clay,11.0,1.05,0
Rune H.,6,131,83,48,28,9,55,39,Gaston H.,109,58,24,34,5,9,19,25,2022-05-28,Paris,French Open,Outdoor,Clay,1.3,3.5,1
Ruud C.,4,275,176,99,19,16,157,83,Sonego L.,43,221,107,114,19,17,88,97,2022-05-28,Paris,French Open,Outdoor,Clay,1.16,5.0,1
Hurkacz H.,17,238,137,101,27,24,110,77,Goffin D.,123,522,296,226,66,52,230,174,2022-05-28,Paris,French Open,Outdoor,Clay,1.66,2.2,1
Garin C.,101,190,103,87,15,13,88,74,Rublev A.,7,392,255,137,57,34,198,103,2022-05-28,Paris,French Open,Outdoor,Clay,4.0,1.25,0
Kecmanovic M.,40,210,107,103,12,16,95,87,Medvedev D.,3,406,289,117,69,27,220,90,2022-05-28,Paris,French Open,Outdoor,Clay,2.2,1.66,0
Cilic M.,100,853,543,310,119,65,424,245,Simon G.,188,869,491,378,135,94,356,284,2022-05-28,Paris,French Open,Outdoor,Clay,1.22,4.33,1
Sinner J.,8,224,153,71,42,19,111,52,Mcdonald M.,60,190,87,103,11,15,76,88,2022-05-28,Paris,French Open,Outdoor,Clay,1.07,9.0,1
Djokovic N.,2,1207,1012,195,146,42,866,153,Schwartzman D.,95,428,233,195,32,27,201,168,2022-05-29,Paris,French Open,Outdoor,Clay,1.07,9.0,1
Zapata Miralles B.,54,80,32,48,1,6,31,42,Zverev A.,19,500,346,154,60,31,286,123,2022-05-29,Paris,French Open,Outdoor,Clay,10.0,1.06,0
Nadal R.,2,1223,1017,206,76,40,941,166,Auger-Aliassime F.,12,268,163,105,48,22,115,83,2022-05-29,Paris,French Open,Outdoor,Clay,1.14,5.5,1
Khachanov K.,11,378,217,161,44,38,173,123,Alcaraz C.,1,164,130,34,10,5,120,29,2022-05-29,Paris,French Open,Outdoor,Clay,7.0,1.1,0
Hurkacz H.,17,238,137,101,27,24,110,77,Ruud C.,4,275,176,99,19,16,157,83,2022-05-30,Paris,French Open,Outdoor,Clay,2.37,1.57,0
Rune H.,6,131,83,48,28,9,55,39,Tsitsipas S.,5,390,264,126,49,32,215,94,2022-05-30,Paris,French Open,Outdoor,Clay,4.5,1.2,1
Sinner J.,8,224,153,71,42,19,111,52,Rublev A.,7,392,255,137,57,34,198,103,2022-05-30,Paris,French Open,Outdoor,Clay,2.0,1.8,0
Medvedev D.,3,406,289,117,69,27,220,90,Cilic M.,100,853,543,310,119,65,424,245,2022-05-30,Paris,French Open,Outdoor,Clay,1.28,3.75,0
Zverev A.,19,500,346,154,60,31,286,123,Alcaraz C.,1,164,130,34,10,5,120,29,2022-05-31,Paris,French Open,Outdoor,Clay,4.33,1.22,1
Nadal R.,2,1223,1017,206,76,40,941,166,Djokovic N.,2,1207,1012,195,146,42,866,153,2022-05-31,Paris,French Open,Outdoor,Clay,2.75,1.44,1
Rune H.,6,131,83,48,28,9,55,39,Ruud C.,4,275,176,99,19,16,157,83,2022-06-01,Paris,French Open,Outdoor,Clay,2.75,1.44,0
Cilic M.,100,853,543,310,119,65,424,245,Rublev A.,7,392,255,137,57,34,198,103,2022-06-01,Paris,French Open,Outdoor,Clay,2.1,1.72,1
Zverev A.,19,500,346,154,60,31,286,123,Nadal R.,2,1223,1017,206,76,40,941,166,2022-06-03,Paris,French Open,Outdoor,Clay,3.4,1.33,0
Ruud C.,4,275,176,99,19,16,157,83,Cilic M.,100,853,543,310,119,65,424,245,2022-06-03,Paris,French Open,Outdoor,Clay,1.44,2.75,1
Nadal R.,2,1223,1017,206,76,40,941,166,Ruud C.,4,275,176,99,19,16,157,83,2022-06-05,Paris,French Open,Outdoor,Clay,1.16,5.5,1
Otte O.,233,78,33,45,6,14,27,31,Altmaier D.,51,79,28,51,1,5,27,46,2022-06-06,Stuttgart,Mercedes Cup,Outdoor,Grass,1.33,3.4,1
Kwon S.W.,68,108,53,55,12,6,41,49,Gaston H.,109,58,24,34,5,9,19,25,2022-06-06,'s-Hertogenbosch,Rosmalen Grass Court Championships,Outdoor,Grass,1.28,3.75,0
Sonego L.,43,221,107,114,19,17,88,97,Paire B.,149,527,237,290,39,56,198,234,2022-06-06,Stuttgart,Mercedes Cup,Outdoor,Grass,1.36,3.2,1
Sousa J.,147,436,189,247,42,44,147,203,Albot R.,97,215,86,129,26,26,60,103,2022-06-06,Stuttgart,Mercedes Cup,Outdoor,Grass,1.72,2.1,0
Struff J.L.,21,369,170,199,43,42,127,157,Giron M.,69,150,68,82,20,14,48,68,2022-06-06,Stuttgart,Mercedes Cup,Outdoor,Grass,2.5,1.53,1
Bonzi B.,107,83,37,46,10,13,27,33,Lopez F.,634,863,441,422,71,82,370,340,2022-06-06,Stuttgart,Mercedes Cup,Outdoor,Grass,1.3,3.5,1
Kyrgios N.,25,303,195,108,11,7,184,101,Lehecka J.,33,61,30,31,4,4,26,27,2022-06-07,Stuttgart,Mercedes Cup,Outdoor,Grass,1.22,4.33,1
Kudla D.,137,198,70,128,5,14,65,114,Bublik A.,25,219,110,109,39,30,71,79,2022-06-07,Stuttgart,Mercedes Cup,Outdoor,Grass,2.2,1.66,0
Murray A.,44,932,687,245,132,47,555,198,O Connell C.,74,65,26,39,0,0,26,39,2022-06-07,Stuttgart,Mercedes Cup,Outdoor,Grass,1.4,3.0,1
Humbert U.,36,170,80,90,23,21,57,69,Rinderknech A.,67,96,46,50,16,12,30,38,2022-06-07,Stuttgart,Mercedes Cup,Outdoor,Grass,1.4,3.0,0
Rodionov J.,118,26,9,17,2,3,7,14,Fucsovics M.,67,249,121,128,26,24,95,104,2022-06-07,Stuttgart,Mercedes Cup,Outdoor,Grass,3.2,1.36,0
Cressy M.,96,96,42,54,10,11,32,43,Stricker D.,106,20,10,10,2,2,8,8,2022-06-07,Stuttgart,Mercedes Cup,Outdoor,Grass,1.61,2.3,0
Van De Zandschulp B.,44,117,63,54,11,11,52,43,Ruusuvuori E.,55,158,79,79,16,18,63,61,2022-06-07,'s-Hertogenbosch,Rosmalen Grass Court Championships,Outdoor,Grass,1.66,2.2,0
Brooksby J.,39,79,46,33,6,5,40,28,De Jong J.,180,3,0,3,0,1,0,2,2022-06-07,'s-Hertogenbosch,Rosmalen Grass Court Championships,Outdoor,Grass,1.16,5.0,1
Seppi A.,141,758,363,395,74,85,289,310,Mannarino A.,27,567,264,303,60,73,204,230,2022-06-07,'s-Hertogenbosch,Rosmalen Grass Court Championships,Outdoor,Grass,3.0,1.4,0
Van Rijthoven T.,110,19,10,9,0,4,10,5,Ebden M.,432,203,75,128,13,18,62,110,2022-06-07,'s-Hertogenbosch,Rosmalen Grass Court Championships,Outdoor,Grass,2.5,1.53,1
Koepfer D.,84,86,38,48,3,3,35,45,Majchrzak K.,121,50,19,31,3,4,16,27,2022-06-07,'s-Hertogenbosch,Rosmalen Grass Court Championships,Outdoor,Grass,2.75,1.44,0
Tabilo A.,122,44,21,23,5,4,16,19,Khachanov K.,11,378,217,161,44,38,173,123,2022-06-07,'s-Hertogenbosch,Rosmalen Grass Court Championships,Outdoor,Grass,5.5,1.14,0
Nakashima B.,70,106,57,49,6,5,51,44,Paul T.,14,204,111,93,19,13,92,80,2022-06-07,'s-Hertogenbosch,Rosmalen Grass Court Championships,Outdoor,Grass,1.5,2.62,1
Bedene A.,347,291,131,160,18,23,113,137,Griekspoor T.,37,97,47,50,7,14,40,36,2022-06-07,'s-Hertogenbosch,Rosmalen Grass Court Championships,Outdoor,Grass,2.0,1.8,0
Haase R.,257,458,202,256,35,54,167,202,Querrey S.,287,678,369,309,48,39,321,270,2022-06-07,'s-Hertogenbosch,Rosmalen Grass Court Championships,Outdoor,Grass,3.0,1.4,0
Ivashka I.,113,159,78,81,19,18,59,63,Mcdonald M.,60,190,87,103,11,15,76,88,2022-06-07,'s-Hertogenbosch,Rosmalen Grass Court Championships,Outdoor,Grass,1.72,2.1,1
Albot R.,97,215,86,129,26,26,60,103,Berrettini M.,38,217,142,75,14,11,128,64,2022-06-08,Stuttgart,Mercedes Cup,Outdoor,Grass,3.75,1.28,0
Bonzi B.,107,83,37,46,10,13,27,33,Rinderknech A.,67,96,46,50,16,12,30,38,2022-06-08,Stuttgart,Mercedes Cup,Outdoor,Grass,1.72,2.1,1
Musetti L.,18,143,79,64,12,12,67,52,Basilashvili N.,118,301,138,163,26,34,112,129,2022-06-08,Stuttgart,Mercedes Cup,Outdoor,Grass,2.3,1.61,0
Shapovalov D.,29,298,166,132,30,27,136,105,Otte O.,233,78,33,45,6,14,27,31,2022-06-09,Stuttgart,Mercedes Cup,Outdoor,Grass,1.4,3.0,0
Brooksby J.,39,79,46,33,6,5,40,28,Gaston H.,109,58,24,34,5,9,19,25,2022-06-09,'s-Hertogenbosch,Rosmalen Grass Court Championships,Outdoor,Grass,1.25,4.0,0
Sonego L.,43,221,107,114,19,17,88,97,Struff J.L.,21,369,170,199,43,42,127,157,2022-06-09,Stuttgart,Mercedes Cup,Outdoor,Grass,1.5,2.62,1
Murray A.,44,932,687,245,132,47,555,198,Bublik A.,25,219,110,109,39,30,71,79,2022-06-09,Stuttgart,Mercedes Cup,Outdoor,Grass,1.66,2.2,1
Hurkacz H.,17,238,137,101,27,24,110,77,Fucsovics M.,67,249,121,128,26,24,95,104,2022-06-09,Stuttgart,Mercedes Cup,Outdoor,Grass,1.4,3.0,0
Tsitsipas S.,5,390,264,126,49,32,215,94,Stricker D.,106,20,10,10,2,2,8,8,2022-06-09,Stuttgart,Mercedes Cup,Outdoor,Grass,1.28,3.75,1
Basilashvili N.,118,301,138,163,26,34,112,129,Kyrgios N.,25,303,195,108,11,7,184,101,2022-06-09,Stuttgart,Mercedes Cup,Outdoor,Grass,3.75,1.28,0
Van Rijthoven T.,110,19,10,9,0,4,10,5,Fritz T.,9,356,205,151,26,22,179,129,2022-06-09,'s-Hertogenbosch,Rosmalen Grass Court Championships,Outdoor,Grass,4.5,1.2,1
Griekspoor T.,37,97,47,50,7,14,40,36,Auger-Aliassime F.,12,268,163,105,48,22,115,83,2022-06-09,'s-Hertogenbosch,Rosmalen Grass Court Championships,Outdoor,Grass,4.5,1.2,0
Querrey S.,287,678,369,309,48,39,321,270,Nakashima B.,70,106,57,49,6,5,51,44,2022-06-09,'s-Hertogenbosch,Rosmalen Grass Court Championships,Outdoor,Grass,2.5,1.53,0
Duckworth J.,123,143,55,88,10,9,45,79,Simon G.,188,869,491,378,135,94,356,284,2022-06-09,'s-Hertogenbosch,Rosmalen Grass Court Championships,Outdoor,Grass,1.72,2.1,0
De Minaur A.,19,272,161,111,30,19,131,92,Mannarino A.,27,567,264,303,60,73,204,230,2022-06-09,'s-Hertogenbosch,Rosmalen Grass Court Championships,Outdoor,Grass,1.36,3.2,0
Ruusuvuori E.,55,158,79,79,16,18,63,61,Ivashka I.,113,159,78,81,19,18,59,63,2022-06-09,'s-Hertogenbosch,Rosmalen Grass Court Championships,Outdoor,Grass,2.3,1.61,0
Khachanov K.,11,378,217,161,44,38,173,123,Majchrzak K.,121,50,19,31,3,4,16,27,2022-06-09,'s-Hertogenbosch,Rosmalen Grass Court Championships,Outdoor,Grass,1.36,3.2,1
Medvedev D.,3,406,289,117,69,27,220,90,Simon G.,188,869,491,378,135,94,356,284,2022-06-09,'s-Hertogenbosch,Rosmalen Grass Court Championships,Outdoor,Grass,1.06,10.0,1
Van Rijthoven T.,110,19,10,9,0,4,10,5,Gaston H.,109,58,24,34,5,9,19,25,2022-06-10,'s-Hertogenbosch,Rosmalen Grass Court Championships,Outdoor,Grass,2.0,1.8,1
Auger-Aliassime F.,12,268,163,105,48,22,115,83,Khachanov K.,11,378,217,161,44,38,173,123,2022-06-10,'s-Hertogenbosch,Rosmalen Grass Court Championships,Outdoor,Grass,1.33,3.4,1
Medvedev D.,3,406,289,117,69,27,220,90,Ivashka I.,113,159,78,81,19,18,59,63,2022-06-10,'s-Hertogenbosch,Rosmalen Grass Court Championships,Outdoor,Grass,1.2,4.5,1
Otte O.,233,78,33,45,6,14,27,31,Bonzi B.,107,83,37,46,10,13,27,33,2022-06-10,Stuttgart,Mercedes Cup,Outdoor,Grass,1.72,2.1,1
Berrettini M.,38,217,142,75,14,11,128,64,Sonego L.,43,221,107,114,19,17,88,97,2022-06-10,Stuttgart,Mercedes Cup,Outdoor,Grass,1.44,2.75,1
Murray A.,44,932,687,245,132,47,555,198,Tsitsipas S.,5,390,264,126,49,32,215,94,2022-06-10,Stuttgart,Mercedes Cup,Outdoor,Grass,2.3,1.61,1
Kyrgios N.,25,303,195,108,11,7,184,101,Fucsovics M.,67,249,121,128,26,24,95,104,2022-06-10,Stuttgart,Mercedes Cup,Outdoor,Grass,1.44,2.75,1
Mannarino A.,27,567,264,303,60,73,204,230,Nakashima B.,70,106,57,49,6,5,51,44,2022-06-10,'s-Hertogenbosch,Rosmalen Grass Court Championships,Outdoor,Grass,2.0,1.8,1
Berrettini M.,38,217,142,75,14,11,128,64,Otte O.,233,78,33,45,6,14,27,31,2022-06-11,Stuttgart,Mercedes Cup,Outdoor,Grass,1.4,3.0,1
Auger-Aliassime F.,12,268,163,105,48,22,115,83,Van Rijthoven T.,110,19,10,9,0,4,10,5,2022-06-11,'s-Hertogenbosch,Rosmalen Grass Court Championships,Outdoor,Grass,1.14,5.5,0
Medvedev D.,3,406,289,117,69,27,220,90,Mannarino A.,27,567,264,303,60,73,204,230,2022-06-11,'s-Hertogenbosch,Rosmalen Grass Court Championships,Outdoor,Grass,1.22,4.33,1
Kyrgios N.,25,303,195,108,11,7,184,101,Murray A.,44,932,687,245,132,47,555,198,2022-06-11,Stuttgart,Mercedes Cup,Outdoor,Grass,1.66,2.2,0
Murray A.,44,932,687,245,132,47,555,198,Berrettini M.,38,217,142,75,14,11,128,64,2022-06-12,Stuttgart,Mercedes Cup,Outdoor,Grass,1.9,1.9,0
Van Rijthoven T.,110,19,10,9,0,4,10,5,Medvedev D.,3,406,289,117,69,27,220,90,2022-06-12,'s-Hertogenbosch,Rosmalen Grass Court Championships,Outdoor,Grass,5.5,1.14,1
Cilic M.,100,853,543,310,119,65,424,245,Broady L.,125,47,18,29,5,3,13,26,2022-06-13,Queens Club,Queen's Club Championships,Outdoor,Grass,1.22,4.33,1
Bublik A.,25,219,110,109,39,30,71,79,Musetti L.,18,143,79,64,12,12,67,52,2022-06-13,Queens Club,Queen's Club Championships,Outdoor,Grass,1.44,2.75,1
Norrie C.,13,287,172,115,15,18,157,97,Dimitrov G.,20,651,389,262,79,50,310,212,2022-06-13,Queens Club,Queen's Club Championships,Outdoor,Grass,1.66,2.2,0
Fritz T.,9,356,205,151,26,22,179,129,Draper J.,55,51,29,22,2,3,27,19,2022-06-13,Queens Club,Queen's Club Championships,Outdoor,Grass,1.44,2.75,0
De Minaur A.,19,272,161,111,30,19,131,92,Opelka R.,17,168,88,80,17,10,71,70,2022-06-13,Queens Club,Queen's Club Championships,Outdoor,Grass,1.72,2.1,1
Davidovich Fokina A.,39,168,84,84,17,20,67,64,Ramos-Vinolas A.,82,437,204,233,17,31,187,202,2022-06-13,Queens Club,Queen's Club Championships,Outdoor,Grass,1.36,3.2,1
Ivashka I.,113,159,78,81,19,18,59,63,Struff J.L.,21,369,170,199,43,42,127,157,2022-06-13,Halle,Halle Open,Outdoor,Grass,1.36,3.2,1
Carreno Busta P.,16,352,214,138,33,25,181,113,Rune H.,6,131,83,48,28,9,55,39,2022-06-13,Halle,Halle Open,Outdoor,Grass,2.1,1.72,1
Rublev A.,7,392,255,137,57,34,198,103,Basilashvili N.,118,301,138,163,26,34,112,129,2022-06-13,Halle,Halle Open,Outdoor,Grass,1.25,4.0,0
Albot R.,97,215,86,129,26,26,60,103,Humbert U.,36,170,80,90,23,21,57,69,2022-06-13,Halle,Halle Open,Outdoor,Grass,3.2,1.36,0
Squire H.,291,1,0,1,0,0,0,1,Djere L.,38,243,120,123,10,22,110,101,2022-06-13,Halle,Halle Open,Outdoor,Grass,2.75,1.44,0
Huesler M.A.,88,58,21,37,8,8,13,29,Mcdonald M.,60,190,87,103,11,15,76,88,2022-06-13,Halle,Halle Open,Outdoor,Grass,2.37,1.57,0
Tiafoe F.,10,303,158,145,24,23,134,122,Wawrinka S.,72,854,535,319,84,69,451,250,2022-06-14,Queens Club,Queen's Club Championships,Outdoor,Grass,1.5,2.62,0
Kudla D.,137,198,70,128,5,14,65,114,Sonego L.,43,221,107,114,19,17,88,97,2022-06-14,Queens Club,Queen's Club Championships,Outdoor,Grass,2.3,1.61,1
Evans D.,30,251,124,127,18,16,106,111,Berrettini M.,38,217,142,75,14,11,128,64,2022-06-14,Queens Club,Queen's Club Championships,Outdoor,Grass,2.75,1.44,0
Brooksby J.,39,79,46,33,6,5,40,28,Krajinovic F.,93,240,115,125,38,34,77,91,2022-06-14,Queens Club,Queen's Club Championships,Outdoor,Grass,1.44,2.75,0
Cerundolo F.,21,104,58,46,3,7,55,39,Martinez P.,135,118,50,68,7,6,43,62,2022-06-14,Queens Club,Queen's Club Championships,Outdoor,Grass,2.1,1.72,1
Peniston R.,268,13,6,7,0,0,6,7,Ruud C.,4,275,176,99,19,16,157,83,2022-06-14,Queens Club,Queen's Club Championships,Outdoor,Grass,3.5,1.3,1
Jubb P.,219,4,0,4,0,0,0,4,Van De Zandschulp B.,44,117,63,54,11,11,52,43,2022-06-14,Queens Club,Queen's Club Championships,Outdoor,Grass,2.37,1.57,0
Ruusuvuori E.,55,158,79,79,16,18,63,61,Halys Q.,79,72,23,49,3,10,20,39,2022-06-14,Queens Club,Queen's Club Championships,Outdoor,Grass,1.57,2.37,1
Schwartzman D.,95,428,233,195,32,27,201,168,Querrey S.,287,678,369,309,48,39,321,270,2022-06-14,Queens Club,Queen's Club Championships,Outdoor,Grass,2.0,1.8,0
Garin C.,101,190,103,87,15,13,88,74,Korda S.,26,126,75,51,15,9,60,42,2022-06-14,Halle,Halle Open,Outdoor,Grass,3.75,1.28,0
Giron M.,69,150,68,82,20,14,48,68,Auger-Aliassime F.,12,268,163,105,48,22,115,83,2022-06-14,Halle,Halle Open,Outdoor,Grass,5.5,1.14,0
Griekspoor T.,37,97,47,50,7,14,40,36,Molcan A.,120,86,45,41,1,6,44,35,2022-06-14,Halle,Halle Open,Outdoor,Grass,1.5,2.62,1
Hurkacz H.,17,238,137,101,27,24,110,77,Cressy M.,96,96,42,54,10,11,32,43,2022-06-14,Halle,Halle Open,Outdoor,Grass,1.4,3.0,1
Kyrgios N.,25,303,195,108,11,7,184,101,Altmaier D.,51,79,28,51,1,5,27,46,2022-06-14,Halle,Halle Open,Outdoor,Grass,1.16,5.0,1
Tsitsipas S.,5,390,264,126,49,32,215,94,Bonzi B.,107,83,37,46,10,13,27,33,2022-06-14,Halle,Halle Open,Outdoor,Grass,1.3,3.5,1
Karatsev A.,75,136,66,70,10,22,56,48,Khachanov K.,11,378,217,161,44,38,173,123,2022-06-14,Halle,Halle Open,Outdoor,Grass,4.0,1.25,0
Kecmanovic M.,40,210,107,103,12,16,95,87,Otte O.,233,78,33,45,6,14,27,31,2022-06-14,Halle,Halle Open,Outdoor,Grass,1.8,2.0,0
Bautista Agut R.,25,379,234,145,31,29,203,116,Fucsovics M.,67,249,121,128,26,24,95,104,2022-06-14,Halle,Halle Open,Outdoor,Grass,2.1,1.72,1
Hurkacz H.,17,238,137,101,27,24,110,77,Humbert U.,36,170,80,90,23,21,57,69,2022-06-15,Halle,Halle Open,Outdoor,Grass,1.44,2.75,1
Van De Zandschulp B.,44,117,63,54,11,11,52,43,Dimitrov G.,20,651,389,262,79,50,310,212,2022-06-15,Queens Club,Queen's Club Championships,Outdoor,Grass,3.5,1.3,1
Davidovich Fokina A.,39,168,84,84,17,20,67,64,De Minaur A.,19,272,161,111,30,19,131,92,2022-06-15,Queens Club,Queen's Club Championships,Outdoor,Grass,2.75,1.44,1
Shapovalov D.,29,298,166,132,30,27,136,105,Paul T.,14,204,111,93,19,13,92,80,2022-06-15,Queens Club,Queen's Club Championships,Outdoor,Grass,1.44,2.75,0
Goffin D.,123,522,296,226,66,52,230,174,Medvedev D.,3,406,289,117,69,27,220,90,2022-06-15,Halle,Halle Open,Outdoor,Grass,4.5,1.2,0
Ruusuvuori E.,55,158,79,79,16,18,63,61,Draper J.,55,51,29,22,2,3,27,19,2022-06-15,Queens Club,Queen's Club Championships,Outdoor,Grass,2.37,1.57,1
Bublik A.,25,219,110,109,39,30,71,79,Cilic M.,100,853,543,310,119,65,424,245,2022-06-15,Queens Club,Queen's Club Championships,Outdoor,Grass,2.75,1.44,0
Kyrgios N.,25,303,195,108,11,7,184,101,Tsitsipas S.,5,390,264,126,49,32,215,94,2022-06-15,Halle,Halle Open,Outdoor,Grass,1.61,2.3,1
Auger-Aliassime F.,12,268,163,105,48,22,115,83,Mcdonald M.,60,190,87,103,11,15,76,88,2022-06-15,Halle,Halle Open,Outdoor,Grass,1.2,4.5,1
Korda S.,26,126,75,51,15,9,60,42,Carreno Busta P.,16,352,214,138,33,25,181,113,2022-06-15,Halle,Halle Open,Outdoor,Grass,1.36,3.2,0
Wawrinka S.,72,854,535,319,84,69,451,250,Paul T.,14,204,111,93,19,13,92,80,2022-06-16,Queens Club,Queen's Club Championships,Outdoor,Grass,2.3,1.61,0
Djere L.,38,243,120,123,10,22,110,101,Khachanov K.,11,378,217,161,44,38,173,123,2022-06-16,Halle,Halle Open,Outdoor,Grass,5.5,1.14,0
Berrettini M.,38,217,142,75,14,11,128,64,Kudla D.,137,198,70,128,5,14,65,114,2022-06-16,Queens Club,Queen's Club Championships,Outdoor,Grass,1.16,5.0,1
Peniston R.,268,13,6,7,0,0,6,7,Cerundolo F.,21,104,58,46,3,7,55,39,2022-06-16,Queens Club,Queen's Club Championships,Outdoor,Grass,1.53,2.5,1
Querrey S.,287,678,369,309,48,39,321,270,Krajinovic F.,93,240,115,125,38,34,77,91,2022-06-16,Queens Club,Queen's Club Championships,Outdoor,Grass,1.44,2.75,0
Basilashvili N.,118,301,138,163,26,34,112,129,Otte O.,233,78,33,45,6,14,27,31,2022-06-16,Halle,Halle Open,Outdoor,Grass,1.9,1.9,0
Bautista Agut R.,25,379,234,145,31,29,203,116,Griekspoor T.,37,97,47,50,7,14,40,36,2022-06-16,Halle,Halle Open,Outdoor,Grass,1.57,2.37,1
Medvedev D.,3,406,289,117,69,27,220,90,Ivashka I.,113,159,78,81,19,18,59,63,2022-06-16,Halle,Halle Open,Outdoor,Grass,1.16,5.0,1
Davidovich Fokina A.,39,168,84,84,17,20,67,64,Van De Zandschulp B.,44,117,63,54,11,11,52,43,2022-06-17,Queens Club,Queen's Club Championships,Outdoor,Grass,2.2,1.66,0
Paul T.,14,204,111,93,19,13,92,80,Berrettini M.,38,217,142,75,14,11,128,64,2022-06-17,Queens Club,Queen's Club Championships,Outdoor,Grass,3.2,1.36,0
Ruusuvuori E.,55,158,79,79,16,18,63,61,Cilic M.,100,853,543,310,119,65,424,245,2022-06-17,Queens Club,Queen's Club Championships,Outdoor,Grass,3.2,1.36,0
Krajinovic F.,93,240,115,125,38,34,77,91,Peniston R.,268,13,6,7,0,0,6,7,2022-06-17,Queens Club,Queen's Club Championships,Outdoor,Grass,1.5,2.62,1
Hurkacz H.,17,238,137,101,27,24,110,77,Auger-Aliassime F.,12,268,163,105,48,22,115,83,2022-06-17,Halle,Halle Open,Outdoor,Grass,2.5,1.53,1
Kyrgios N.,25,303,195,108,11,7,184,101,Carreno Busta P.,16,352,214,138,33,25,181,113,2022-06-17,Halle,Halle Open,Outdoor,Grass,1.25,4.0,1
Medvedev D.,3,406,289,117,69,27,220,90,Bautista Agut R.,25,379,234,145,31,29,203,116,2022-06-17,Halle,Halle Open,Outdoor,Grass,1.33,3.4,1
Otte O.,233,78,33,45,6,14,27,31,Khachanov K.,11,378,217,161,44,38,173,123,2022-06-17,Halle,Halle Open,Outdoor,Grass,2.3,1.61,1
Hurkacz H.,17,238,137,101,27,24,110,77,Kyrgios N.,25,303,195,108,11,7,184,101,2022-06-18,Halle,Halle Open,Outdoor,Grass,2.37,1.57,1
Otte O.,233,78,33,45,6,14,27,31,Medvedev D.,3,406,289,117,69,27,220,90,2022-06-18,Halle,Halle Open,Outdoor,Grass,5.5,1.14,0
Berrettini M.,38,217,142,75,14,11,128,64,Van De Zandschulp B.,44,117,63,54,11,11,52,43,2022-06-18,Queens Club,Queen's Club Championships,Outdoor,Grass,1.28,3.75,1
Cilic M.,100,853,543,310,119,65,424,245,Krajinovic F.,93,240,115,125,38,34,77,91,2022-06-18,Queens Club,Queen's Club Championships,Outdoor,Grass,1.2,4.5,0
Hurkacz H.,17,238,137,101,27,24,110,77,Medvedev D.,3,406,289,117,69,27,220,90,2022-06-19,Halle,Halle Open,Outdoor,Grass,3.0,1.4,1
Karatsev A.,75,136,66,70,10,22,56,48,Munar J.,104,178,75,103,7,12,68,91,2022-06-19,Mallorca,Mallorca Championships,Outdoor,Grass,1.8,2.0,1
Berrettini M.,38,217,142,75,14,11,128,64,Krajinovic F.,93,240,115,125,38,34,77,91,2022-06-19,Queens Club,Queen's Club Championships,Outdoor,Grass,1.16,5.0,1
Sousa J.,147,436,189,247,42,44,147,203,Mcdonald M.,60,190,87,103,11,15,76,88,2022-06-19,Mallorca,Mallorca Championships,Outdoor,Grass,2.62,1.5,0
Molcan A.,120,86,45,41,1,6,44,35,Kecmanovic M.,40,210,107,103,12,16,95,87,2022-06-19,Mallorca,Mallorca Championships,Outdoor,Grass,2.75,1.44,1
Lopez F.,634,863,441,422,71,82,370,340,Griekspoor T.,37,97,47,50,7,14,40,36,2022-06-20,Mallorca,Mallorca Championships,Outdoor,Grass,3.5,1.3,0
Bellier A.,190,9,4,5,1,2,3,3,Delbonis F.,131,340,152,188,19,23,133,165,2022-06-20,Mallorca,Mallorca Championships,Outdoor,Grass,1.57,2.37,1
Bautista Agut R.,25,379,234,145,31,29,203,116,Daniel T.,111,178,67,111,3,10,64,101,2022-06-20,Mallorca,Mallorca Championships,Outdoor,Grass,1.2,4.5,1
Bonzi B.,107,83,37,46,10,13,27,33,Tabilo A.,122,44,21,23,5,4,16,19,2022-06-20,Mallorca,Mallorca Championships,Outdoor,Grass,1.4,3.0,1
Ivashka I.,113,159,78,81,19,18,59,63,Ruusuvuori E.,55,158,79,79,16,18,63,61,2022-06-20,Mallorca,Mallorca Championships,Outdoor,Grass,1.57,2.37,1
Garin C.,101,190,103,87,15,13,88,74,De Minaur A.,19,272,161,111,30,19,131,92,2022-06-20,Eastbourne,Eastbourne International,Outdoor,Grass,5.0,1.16,0
Opelka R.,17,168,88,80,17,10,71,70,Cressy M.,96,96,42,54,10,11,32,43,2022-06-20,Eastbourne,Eastbourne International,Outdoor,Grass,1.72,2.1,0
Millman J.,140,256,113,143,21,22,92,121,Korda S.,26,126,75,51,15,9,60,42,2022-06-20,Eastbourne,Eastbourne International,Outdoor,Grass,3.75,1.28,1
Brooksby J.,39,79,46,33,6,5,40,28,Draper J.,55,51,29,22,2,3,27,19,2022-06-20,Eastbourne,Eastbourne International,Outdoor,Grass,2.0,1.8,0
Nakashima B.,70,106,57,49,6,5,51,44,Clarke J.,156,13,2,11,0,0,2,11,2022-06-20,Eastbourne,Eastbourne International,Outdoor,Grass,1.14,5.5,1
Tiafoe F.,10,303,158,145,24,23,134,122,Bublik A.,25,219,110,109,39,30,71,79,2022-06-20,Eastbourne,Eastbourne International,Outdoor,Grass,1.9,1.9,0
Duckworth J.,123,143,55,88,10,9,45,79,Sonego L.,43,221,107,114,19,17,88,97,2022-06-21,Eastbourne,Eastbourne International,Outdoor,Grass,3.4,1.33,0
Van De Zandschulp B.,44,117,63,54,11,11,52,43,Giron M.,69,150,68,82,20,14,48,68,2022-06-21,Mallorca,Mallorca Championships,Outdoor,Grass,1.44,2.75,0
Lajovic D.,66,378,163,215,21,36,142,179,Altmaier D.,51,79,28,51,1,5,27,46,2022-06-21,Mallorca,Mallorca Championships,Outdoor,Grass,2.5,1.53,0
Djere L.,38,243,120,123,10,22,110,101,Kyrgios N.,25,303,195,108,11,7,184,101,2022-06-21,Mallorca,Mallorca Championships,Outdoor,Grass,7.0,1.1,0
Baez S.,72,95,47,48,6,6,41,42,Thompson J.,71,221,96,125,10,10,86,115,2022-06-21,Mallorca,Mallorca Championships,Outdoor,Grass,3.75,1.28,1
Martinez P.,135,118,50,68,7,6,43,62,Davidovich Fokina A.,39,168,84,84,17,20,67,64,2022-06-21,Eastbourne,Eastbourne International,Outdoor,Grass,4.0,1.25,1
Evans D.,30,251,124,127,18,16,106,111,Mannarino A.,27,567,264,303,60,73,204,230,2022-06-21,Eastbourne,Eastbourne International,Outdoor,Grass,1.5,2.62,1
Cerundolo F.,21,104,58,46,3,7,55,39,Paul T.,14,204,111,93,19,13,92,80,2022-06-21,Eastbourne,Eastbourne International,Outdoor,Grass,3.75,1.28,0
Humbert U.,36,170,80,90,23,21,57,69,Monteiro T.,121,171,69,102,9,11,60,91,2022-06-21,Eastbourne,Eastbourne International,Outdoor,Grass,1.28,3.75,0
Peniston R.,268,13,6,7,0,0,6,7,Rune H.,6,131,83,48,28,9,55,39,2022-06-21,Eastbourne,Eastbourne International,Outdoor,Grass,2.5,1.53,1
Carreno Busta P.,16,352,214,138,33,25,181,113,Bellier A.,190,9,4,5,1,2,3,3,2022-06-22,Mallorca,Mallorca Championships,Outdoor,Grass,1.16,5.0,0
Mcdonald M.,60,190,87,103,11,15,76,88,Giron M.,69,150,68,82,20,14,48,68,2022-06-22,Mallorca,Mallorca Championships,Outdoor,Grass,1.61,2.3,0
Ivashka I.,113,159,78,81,19,18,59,63,Tsitsipas S.,5,390,264,126,49,32,215,94,2022-06-22,Mallorca,Mallorca Championships,Outdoor,Grass,2.62,1.5,0
Baez S.,72,95,47,48,6,6,41,42,Altmaier D.,51,79,28,51,1,5,27,46,2022-06-22,Mallorca,Mallorca Championships,Outdoor,Grass,1.66,2.2,0
Bonzi B.,107,83,37,46,10,13,27,33,Shapovalov D.,29,298,166,132,30,27,136,105,2022-06-22,Mallorca,Mallorca Championships,Outdoor,Grass,2.3,1.61,1
Medvedev D.,3,406,289,117,69,27,220,90,Karatsev A.,75,136,66,70,10,22,56,48,2022-06-22,Mallorca,Mallorca Championships,Outdoor,Grass,1.12,6.0,1
Bautista Agut R.,25,379,234,145,31,29,203,116,Kyrgios N.,25,303,195,108,11,7,184,101,2022-06-22,Mallorca,Mallorca Championships,Outdoor,Grass,2.3,1.61,1
Molcan A.,120,86,45,41,1,6,44,35,Griekspoor T.,37,97,47,50,7,14,40,36,2022-06-22,Mallorca,Mallorca Championships,Outdoor,Grass,2.3,1.61,0
Sonego L.,43,221,107,114,19,17,88,97,De Minaur A.,19,272,161,111,30,19,131,92,2022-06-22,Eastbourne,Eastbourne International,Outdoor,Grass,2.75,1.44,0
Millman J.,140,256,113,143,21,22,92,121,Bublik A.,25,219,110,109,39,30,71,79,2022-06-22,Eastbourne,Eastbourne International,Outdoor,Grass,2.75,1.44,0
Nakashima B.,70,106,57,49,6,5,51,44,Norrie C.,13,287,172,115,15,18,157,97,2022-06-22,Eastbourne,Eastbourne International,Outdoor,Grass,2.2,1.66,0
Fritz T.,9,356,205,151,26,22,179,129,Monteiro T.,121,171,69,102,9,11,60,91,2022-06-22,Eastbourne,Eastbourne International,Outdoor,Grass,1.28,3.75,1
Evans D.,30,251,124,127,18,16,106,111,Cressy M.,96,96,42,54,10,11,32,43,2022-06-22,Eastbourne,Eastbourne International,Outdoor,Grass,1.57,2.37,0
Sinner J.,8,224,153,71,42,19,111,52,Paul T.,14,204,111,93,19,13,92,80,2022-06-22,Eastbourne,Eastbourne International,Outdoor,Grass,1.61,2.3,0
Draper J.,55,51,29,22,2,3,27,19,Schwartzman D.,95,428,233,195,32,27,201,168,2022-06-22,Eastbourne,Eastbourne International,Outdoor,Grass,1.4,3.0,1
Bonzi B.,107,83,37,46,10,13,27,33,Altmaier D.,51,79,28,51,1,5,27,46,2022-06-23,Mallorca,Mallorca Championships,Outdoor,Grass,1.3,3.5,1
Giron M.,69,150,68,82,20,14,48,68,Tsitsipas S.,5,390,264,126,49,32,215,94,2022-06-23,Mallorca,Mallorca Championships,Outdoor,Grass,4.33,1.22,0
Medvedev D.,3,406,289,117,69,27,220,90,Bautista Agut R.,25,379,234,145,31,29,203,116,2022-06-23,Mallorca,Mallorca Championships,Outdoor,Grass,1.33,3.4,0
Norrie C.,13,287,172,115,15,18,157,97,Cressy M.,96,96,42,54,10,11,32,43,2022-06-23,Eastbourne,Eastbourne International,Outdoor,Grass,1.44,2.75,0
Fritz T.,9,356,205,151,26,22,179,129,Bublik A.,25,219,110,109,39,30,71,79,2022-06-23,Eastbourne,Eastbourne International,Outdoor,Grass,2.1,1.72,1
Peniston R.,268,13,6,7,0,0,6,7,Draper J.,55,51,29,22,2,3,27,19,2022-06-23,Eastbourne,Eastbourne International,Outdoor,Grass,3.0,1.4,0
Paul T.,14,204,111,93,19,13,92,80,De Minaur A.,19,272,161,111,30,19,131,92,2022-06-23,Eastbourne,Eastbourne International,Outdoor,Grass,3.0,1.4,0
Peniston R.,268,13,6,7,0,0,6,7,Martinez P.,135,118,50,68,7,6,43,62,2022-06-23,Eastbourne,Eastbourne International,Outdoor,Grass,1.4,3.0,1
Griekspoor T.,37,97,47,50,7,14,40,36,Bellier A.,190,9,4,5,1,2,3,3,2022-06-23,Mallorca,Mallorca Championships,Outdoor,Grass,1.33,3.4,0
Bonzi B.,107,83,37,46,10,13,27,33,Tsitsipas S.,5,390,264,126,49,32,215,94,2022-06-24,Mallorca,Mallorca Championships,Outdoor,Grass,2.75,1.44,0
Bellier A.,190,9,4,5,1,2,3,3,Bautista Agut R.,25,379,234,145,31,29,203,116,2022-06-24,Mallorca,Mallorca Championships,Outdoor,Grass,5.5,1.14,0
De Minaur A.,19,272,161,111,30,19,131,92,Fritz T.,9,356,205,151,26,22,179,129,2022-06-24,Eastbourne,Eastbourne International,Outdoor,Grass,1.72,2.1,0
Draper J.,55,51,29,22,2,3,27,19,Cressy M.,96,96,42,54,10,11,32,43,2022-06-24,Eastbourne,Eastbourne International,Outdoor,Grass,2.2,1.66,0
Tsitsipas S.,5,390,264,126,49,32,215,94,Bautista Agut R.,25,379,234,145,31,29,203,116,2022-06-25,Mallorca,Mallorca Championships,Outdoor,Grass,1.66,2.2,1
Cressy M.,96,96,42,54,10,11,32,43,Fritz T.,9,356,205,151,26,22,179,129,2022-06-25,Eastbourne,Eastbourne International,Outdoor,Grass,2.5,1.53,0
Gojowczyk P.,108,172,75,97,17,18,58,79,Otte O.,233,78,33,45,6,14,27,31,2022-06-27,London,Wimbledon,Outdoor,Grass,5.5,1.14,0
Bublik A.,25,219,110,109,39,30,71,79,Fucsovics M.,67,249,121,128,26,24,95,104,2022-06-27,London,Wimbledon,Outdoor,Grass,1.57,2.37,1
Murray A.,44,932,687,245,132,47,555,198,Duckworth J.,123,143,55,88,10,9,45,79,2022-06-27,London,Wimbledon,Outdoor,Grass,1.16,5.0,1
Fognini F.,128,742,383,359,39,48,344,311,Griekspoor T.,37,97,47,50,7,14,40,36,2022-06-27,London,Wimbledon,Outdoor,Grass,3.2,1.36,0
Carreno Busta P.,16,352,214,138,33,25,181,113,Lajovic D.,66,378,163,215,21,36,142,179,2022-06-27,London,Wimbledon,Outdoor,Grass,1.33,3.4,0
Kecmanovic M.,40,210,107,103,12,16,95,87,Millman J.,140,256,113,143,21,22,92,121,2022-06-27,London,Wimbledon,Outdoor,Grass,1.44,2.75,1
Wawrinka S.,72,854,535,319,84,69,451,250,Sinner J.,8,224,153,71,42,19,111,52,2022-06-27,London,Wimbledon,Outdoor,Grass,3.4,1.33,0
Van Rijthoven T.,110,19,10,9,0,4,10,5,Delbonis F.,131,340,152,188,19,23,133,165,2022-06-27,London,Wimbledon,Outdoor,Grass,1.12,6.0,1
Vesely J.,528,288,130,158,6,19,124,139,Coria F.,108,99,43,56,2,6,41,50,2022-06-27,London,Wimbledon,Outdoor,Grass,1.05,11.0,1
Djere L.,38,243,120,123,10,22,110,101,Tabilo A.,122,44,21,23,5,4,16,19,2022-06-27,London,Wimbledon,Outdoor,Grass,1.5,2.62,0
Struff J.L.,21,369,170,199,43,42,127,157,Alcaraz C.,1,164,130,34,10,5,120,29,2022-06-27,London,Wimbledon,Outdoor,Grass,4.0,1.25,0
Isner J.,114,755,465,290,53,45,412,245,Couacaud E.,158,9,2,7,0,1,2,6,2022-06-27,London,Wimbledon,Outdoor,Grass,1.16,5.0,1
Kokkinakis T.,86,124,55,69,0,4,55,65,Majchrzak K.,121,50,19,31,3,4,16,27,2022-06-27,London,Wimbledon,Outdoor,Grass,2.1,1.72,1
Tiafoe F.,10,303,158,145,24,23,134,122,Vavassori A.,128,12,5,7,1,1,4,6,2022-06-27,London,Wimbledon,Outdoor,Grass,1.11,6.5,1
Djokovic N.,2,1207,1012,195,146,42,866,153,Kwon S.W.,68,108,53,55,12,6,41,49,2022-06-27,London,Wimbledon,Outdoor,Grass,1.005,34.0,1
Rosol L.,226,259,110,149,22,34,88,115,Basilashvili N.,118,301,138,163,26,34,112,129,2022-06-27,London,Wimbledon,Outdoor,Grass,3.5,1.3,0
Halys Q.,79,72,23,49,3,10,20,39,Paire B.,149,527,237,290,39,56,198,234,2022-06-27,London,Wimbledon,Outdoor,Grass,1.36,3.2,1
Etcheverry T.,34,60,26,34,5,3,21,31,Humbert U.,36,170,80,90,23,21,57,69,2022-06-27,London,Wimbledon,Outdoor,Grass,6.5,1.11,0
Ramos-Vinolas A.,82,437,204,233,17,31,187,202,Ruud C.,4,275,176,99,19,16,157,83,2022-06-27,London,Wimbledon,Outdoor,Grass,4.5,1.2,0
Andujar P.,323,404,164,240,12,30,152,210,Norrie C.,13,287,172,115,15,18,157,97,2022-06-27,London,Wimbledon,Outdoor,Grass,17.0,1.02,0
Paul T.,14,204,111,93,19,13,92,80,Verdasco F.,244,962,537,425,79,79,458,346,2022-06-27,London,Wimbledon,Outdoor,Grass,1.14,5.5,1
Monteiro T.,121,171,69,102,9,11,60,91,Munar J.,104,178,75,103,7,12,68,91,2022-06-27,London,Wimbledon,Outdoor,Grass,1.61,2.3,0
Davidovich Fokina A.,39,168,84,84,17,20,67,64,Hurkacz H.,17,238,137,101,27,24,110,77,2022-06-27,London,Wimbledon,Outdoor,Grass,5.5,1.14,1
Purcell M.,78,28,9,19,0,0,9,19,Mannarino A.,27,567,264,303,60,73,204,230,2022-06-27,London,Wimbledon,Outdoor,Grass,3.75,1.28,0
Marterer M.,144,91,31,60,2,8,29,52,Bedene A.,347,291,131,160,18,23,113,137,2022-06-27,London,Wimbledon,Outdoor,Grass,2.1,1.72,1
Lehecka J.,33,61,30,31,4,4,26,27,Krajinovic F.,93,240,115,125,38,34,77,91,2022-06-28,London,Wimbledon,Outdoor,Grass,3.2,1.36,0
Draper J.,55,51,29,22,2,3,27,19,Bergs Z.,175,15,4,11,1,5,3,6,2022-06-28,London,Wimbledon,Outdoor,Grass,1.33,3.4,1
Nadal R.,2,1223,1017,206,76,40,941,166,Cerundolo F.,21,104,58,46,3,7,55,39,2022-06-28,London,Wimbledon,Outdoor,Grass,1.04,13.0,1
Thompson J.,71,221,96,125,10,10,86,115,Carballes Baena R.,64,207,91,116,11,10,80,106,2022-06-28,London,Wimbledon,Outdoor,Grass,1.08,8.0,1
Auger-Aliassime F.,12,268,163,105,48,22,115,83,Cressy M.,96,96,42,54,10,11,32,43,2022-06-28,London,Wimbledon,Outdoor,Grass,1.3,3.5,0
Van De Zandschulp B.,44,117,63,54,11,11,52,43,Lopez F.,634,863,441,422,71,82,370,340,2022-06-28,London,Wimbledon,Outdoor,Grass,1.2,4.5,1
Nishioka Y.,31,215,99,116,15,15,84,101,Ruusuvuori E.,55,158,79,79,16,18,63,61,2022-06-28,London,Wimbledon,Outdoor,Grass,5.5,1.14,0
Tseng C.H.,145,9,1,8,0,0,1,8,Gray A.,288,4,1,3,0,0,1,3,2022-06-28,London,Wimbledon,Outdoor,Grass,1.66,2.2,0
Shapovalov D.,29,298,166,132,30,27,136,105,Rinderknech A.,67,96,46,50,16,12,30,38,2022-06-28,London,Wimbledon,Outdoor,Grass,1.36,3.2,1
Nakashima B.,70,106,57,49,6,5,51,44,Kuhn N.,259,12,3,9,1,1,2,8,2022-06-28,London,Wimbledon,Outdoor,Grass,1.08,8.0,1
Broady L.,125,47,18,29,5,3,13,26,Klein L.,142,7,2,5,0,1,2,4,2022-06-28,London,Wimbledon,Outdoor,Grass,1.66,2.2,1
Tsitsipas S.,5,390,264,126,49,32,215,94,Ritschard A.,163,9,3,6,1,1,2,5,2022-06-28,London,Wimbledon,Outdoor,Grass,1.05,11.0,1
Koepfer D.,84,86,38,48,3,3,35,45,Galan D.E.,76,78,33,45,3,5,30,40,2022-06-28,London,Wimbledon,Outdoor,Grass,1.57,2.37,0
Bautista Agut R.,25,379,234,145,31,29,203,116,Balazs A.,745,33,16,17,0,1,16,16,2022-06-28,London,Wimbledon,Outdoor,Grass,1.02,19.0,1
Bagnis F.,135,121,39,82,9,8,30,74,Novak D.,166,58,15,43,6,16,9,27,2022-06-28,London,Wimbledon,Outdoor,Grass,4.5,1.2,0
Kubler J.,77,53,24,29,0,1,24,28,Evans D.,30,251,124,127,18,16,106,111,2022-06-28,London,Wimbledon,Outdoor,Grass,4.0,1.25,1
Musetti L.,18,143,79,64,12,12,67,52,Fritz T.,9,356,205,151,26,22,179,129,2022-06-28,London,Wimbledon,Outdoor,Grass,5.0,1.16,0
Kozlov S.,108,35,9,26,0,2,9,24,Schwartzman D.,95,428,233,195,32,27,201,168,2022-06-28,London,Wimbledon,Outdoor,Grass,4.5,1.2,0
Rune H.,6,131,83,48,28,9,55,39,Giron M.,69,150,68,82,20,14,48,68,2022-06-28,London,Wimbledon,Outdoor,Grass,2.1,1.72,0
Kudla D.,137,198,70,128,5,14,65,114,Sonego L.,43,221,107,114,19,17,88,97,2022-06-28,London,Wimbledon,Outdoor,Grass,1.9,1.9,0
Zapata Miralles B.,54,80,32,48,1,6,31,42,Sock J.,166,324,177,147,38,24,139,123,2022-06-28,London,Wimbledon,Outdoor,Grass,3.4,1.33,0
Laaksonen H.,125,101,37,64,7,16,30,48,Peniston R.,268,13,6,7,0,0,6,7,2022-06-28,London,Wimbledon,Outdoor,Grass,4.5,1.2,0
Huesler M.A.,88,58,21,37,8,8,13,29,Grenier H.,122,16,5,11,1,2,4,9,2022-06-28,London,Wimbledon,Outdoor,Grass,1.57,2.37,0
Goffin D.,123,522,296,226,66,52,230,174,Albot R.,97,215,86,129,26,26,60,103,2022-06-28,London,Wimbledon,Outdoor,Grass,1.5,2.62,1
Daniel T.,111,178,67,111,3,10,64,101,Baez S.,72,95,47,48,6,6,41,42,2022-06-28,London,Wimbledon,Outdoor,Grass,1.9,1.9,0
Dimitrov G.,20,651,389,262,79,50,310,212,Johnson S.,197,395,196,199,16,23,180,176,2022-06-28,London,Wimbledon,Outdoor,Grass,1.2,4.5,0
Gasquet R.,48,948,581,367,133,82,448,285,Sousa J.,147,436,189,247,42,44,147,203,2022-06-28,London,Wimbledon,Outdoor,Grass,1.5,2.62,1
Taberner C.,181,37,13,24,4,6,9,18,Opelka R.,17,168,88,80,17,10,71,70,2022-06-28,London,Wimbledon,Outdoor,Grass,5.0,1.16,0
Martinez P.,135,118,50,68,7,6,43,62,Molcan A.,120,86,45,41,1,6,44,35,2022-06-28,London,Wimbledon,Outdoor,Grass,2.75,1.44,0
Kyrgios N.,25,303,195,108,11,7,184,101,Jubb P.,219,4,0,4,0,0,0,4,2022-06-28,London,Wimbledon,Outdoor,Grass,1.07,9.0,1
De Minaur A.,19,272,161,111,30,19,131,92,Dellien H.,164,70,22,48,5,5,17,43,2022-06-28,London,Wimbledon,Outdoor,Grass,1.03,15.0,1
Brooksby J.,39,79,46,33,6,5,40,28,Kukushkin M.,221,352,141,211,50,49,91,162,2022-06-28,London,Wimbledon,Outdoor,Grass,1.4,3.0,1
Berankis R.,212,249,104,145,36,31,68,114,Querrey S.,287,678,369,309,48,39,321,270,2022-06-28,London,Wimbledon,Outdoor,Grass,4.0,1.25,1
Harrison C.,251,15,6,9,0,0,6,9,Clarke J.,156,13,2,11,0,0,2,11,2022-06-28,London,Wimbledon,Outdoor,Grass,1.72,2.1,1
Kolar Z.,119,4,1,3,0,0,1,3,Bonzi B.,107,83,37,46,10,13,27,33,2022-06-28,London,Wimbledon,Outdoor,Grass,7.0,1.1,0
Ymer E.,186,81,24,57,3,11,21,46,Garin C.,101,190,103,87,15,13,88,74,2022-06-28,London,Wimbledon,Outdoor,Grass,2.5,1.53,0
Gaston H.,109,58,24,34,5,9,19,25,Popyrin A.,90,140,59,81,9,13,50,68,2022-06-28,London,Wimbledon,Outdoor,Grass,2.5,1.53,1
Altmaier D.,51,79,28,51,1,5,27,46,Ymer M.,59,130,58,72,18,23,40,49,2022-06-28,London,Wimbledon,Outdoor,Grass,1.9,1.9,0
Mcdonald M.,60,190,87,103,11,15,76,88,Borges N.,69,28,10,18,1,1,9,17,2022-06-28,London,Wimbledon,Outdoor,Grass,1.33,3.4,1
Paul T.,14,204,111,93,19,13,92,80,Mannarino A.,27,567,264,303,60,73,204,230,2022-06-29,London,Wimbledon,Outdoor,Grass,1.61,2.3,1
Sinner J.,8,224,153,71,42,19,111,52,Ymer M.,59,130,58,72,18,23,40,49,2022-06-29,London,Wimbledon,Outdoor,Grass,1.2,4.5,1
Davidovich Fokina A.,39,168,84,84,17,20,67,64,Vesely J.,528,288,130,158,6,19,124,139,2022-06-29,London,Wimbledon,Outdoor,Grass,1.61,2.3,0
Harrison C.,251,15,6,9,0,0,6,9,Otte O.,233,78,33,45,6,14,27,31,2022-06-29,London,Wimbledon,Outdoor,Grass,5.0,1.16,0
Murray A.,44,932,687,245,132,47,555,198,Isner J.,114,755,465,290,53,45,412,245,2022-06-29,London,Wimbledon,Outdoor,Grass,1.36,3.2,0
Alcaraz C.,1,164,130,34,10,5,120,29,Griekspoor T.,37,97,47,50,7,14,40,36,2022-06-29,London,Wimbledon,Outdoor,Grass,1.33,3.4,1
Van Rijthoven T.,110,19,10,9,0,4,10,5,Opelka R.,17,168,88,80,17,10,71,70,2022-06-29,London,Wimbledon,Outdoor,Grass,1.8,2.0,1
Halys Q.,79,72,23,49,3,10,20,39,Basilashvili N.,118,301,138,163,26,34,112,129,2022-06-29,London,Wimbledon,Outdoor,Grass,2.2,1.66,0
Tabilo A.,122,44,21,23,5,4,16,19,Kecmanovic M.,40,210,107,103,12,16,95,87,2022-06-29,London,Wimbledon,Outdoor,Grass,4.33,1.22,0
Lajovic D.,66,378,163,215,21,36,142,179,Bublik A.,25,219,110,109,39,30,71,79,2022-06-29,London,Wimbledon,Outdoor,Grass,4.5,1.2,0
Djokovic N.,2,1207,1012,195,146,42,866,153,Kokkinakis T.,86,124,55,69,0,4,55,65,2022-06-29,London,Wimbledon,Outdoor,Grass,1.02,17.0,1
Tiafoe F.,10,303,158,145,24,23,134,122,Marterer M.,144,91,31,60,2,8,29,52,2022-06-29,London,Wimbledon,Outdoor,Grass,1.2,4.5,1
Humbert U.,36,170,80,90,23,21,57,69,Ruud C.,4,275,176,99,19,16,157,83,2022-06-29,London,Wimbledon,Outdoor,Grass,2.37,1.57,1
Johnson S.,197,395,196,199,16,23,180,176,Peniston R.,268,13,6,7,0,0,6,7,2022-06-29,London,Wimbledon,Outdoor,Grass,2.2,1.66,1
Baez S.,72,95,47,48,6,6,41,42,Goffin D.,123,522,296,226,66,52,230,174,2022-06-29,London,Wimbledon,Outdoor,Grass,2.37,1.57,0
Munar J.,104,178,75,103,7,12,68,91,Norrie C.,13,287,172,115,15,18,157,97,2022-06-29,London,Wimbledon,Outdoor,Grass,6.5,1.11,0
De Minaur A.,19,272,161,111,30,19,131,92,Draper J.,55,51,29,22,2,3,27,19,2022-06-30,London,Wimbledon,Outdoor,Grass,1.57,2.37,1
Bonzi B.,107,83,37,46,10,13,27,33,Brooksby J.,39,79,46,33,6,5,40,28,2022-06-30,London,Wimbledon,Outdoor,Grass,1.66,2.2,0
Nadal R.,2,1223,1017,206,76,40,941,166,Berankis R.,212,249,104,145,36,31,68,114,2022-06-30,London,Wimbledon,Outdoor,Grass,1.03,15.0,1
Shapovalov D.,29,298,166,132,30,27,136,105,Nakashima B.,70,106,57,49,6,5,51,44,2022-06-30,London,Wimbledon,Outdoor,Grass,1.61,2.3,0
Bautista Agut R.,25,379,234,145,31,29,203,116,Galan D.E.,76,78,33,45,3,5,30,40,2022-06-30,London,Wimbledon,Outdoor,Grass,1.1,7.0,0
Garin C.,101,190,103,87,15,13,88,74,Grenier H.,122,16,5,11,1,2,4,9,2022-06-30,London,Wimbledon,Outdoor,Grass,1.4,3.0,1
Tsitsipas S.,5,390,264,126,49,32,215,94,Thompson J.,71,221,96,125,10,10,86,115,2022-06-30,London,Wimbledon,Outdoor,Grass,1.2,4.5,1
Sonego L.,43,221,107,114,19,17,88,97,Gaston H.,109,58,24,34,5,9,19,25,2022-06-30,London,Wimbledon,Outdoor,Grass,1.25,4.0,1
Kyrgios N.,25,303,195,108,11,7,184,101,Krajinovic F.,93,240,115,125,38,34,77,91,2022-06-30,London,Wimbledon,Outdoor,Grass,1.28,3.75,1
Gray A.,288,4,1,3,0,0,1,3,Fritz T.,9,356,205,151,26,22,179,129,2022-06-30,London,Wimbledon,Outdoor,Grass,11.0,1.05,0
Van De Zandschulp B.,44,117,63,54,11,11,52,43,Ruusuvuori E.,55,158,79,79,16,18,63,61,2022-06-30,London,Wimbledon,Outdoor,Grass,1.72,2.1,1
Giron M.,69,150,68,82,20,14,48,68,Molcan A.,120,86,45,41,1,6,44,35,2022-06-30,London,Wimbledon,Outdoor,Grass,1.61,2.3,0
Mcdonald M.,60,190,87,103,11,15,76,88,Gasquet R.,48,948,581,367,133,82,448,285,2022-06-30,London,Wimbledon,Outdoor,Grass,1.66,2.2,0
Broady L.,125,47,18,29,5,3,13,26,Schwartzman D.,95,428,233,195,32,27,201,168,2022-06-30,London,Wimbledon,Outdoor,Grass,3.4,1.33,1
Djokovic N.,2,1207,1012,195,146,42,866,153,Kecmanovic M.,40,210,107,103,12,16,95,87,2022-07-01,London,Wimbledon,Outdoor,Grass,1.02,17.0,1
Otte O.,233,78,33,45,6,14,27,31,Alcaraz C.,1,164,130,34,10,5,120,29,2022-07-01,London,Wimbledon,Outdoor,Grass,3.4,1.33,0
Sinner J.,8,224,153,71,42,19,111,52,Isner J.,114,755,465,290,53,45,412,245,2022-07-01,London,Wimbledon,Outdoor,Grass,1.57,2.37,1
Johnson S.,197,395,196,199,16,23,180,176,Norrie C.,13,287,172,115,15,18,157,97,2022-07-01,London,Wimbledon,Outdoor,Grass,3.75,1.28,0
Paul T.,14,204,111,93,19,13,92,80,Vesely J.,528,288,130,158,6,19,124,139,2022-07-01,London,Wimbledon,Outdoor,Grass,1.44,2.75,1
Bublik A.,25,219,110,109,39,30,71,79,Tiafoe F.,10,303,158,145,24,23,134,122,2022-07-01,London,Wimbledon,Outdoor,Grass,1.8,2.0,0
Van Rijthoven T.,110,19,10,9,0,4,10,5,Basilashvili N.,118,301,138,163,26,34,112,129,2022-07-01,London,Wimbledon,Outdoor,Grass,1.4,3.0,1
Novak D.,166,58,15,43,6,16,9,27,Kubler J.,77,53,24,29,0,1,24,28,2022-07-01,London,Wimbledon,Outdoor,Grass,2.5,1.53,0
Sock J.,166,324,177,147,38,24,139,123,Cressy M.,96,96,42,54,10,11,32,43,2022-07-01,London,Wimbledon,Outdoor,Grass,2.75,1.44,1
Humbert U.,36,170,80,90,23,21,57,69,Goffin D.,123,522,296,226,66,52,230,174,2022-07-01,London,Wimbledon,Outdoor,Grass,2.2,1.66,0
Sonego L.,43,221,107,114,19,17,88,97,Nadal R.,2,1223,1017,206,76,40,941,166,2022-07-02,London,Wimbledon,Outdoor,Grass,5.0,1.16,0
Fritz T.,9,356,205,151,26,22,179,129,Molcan A.,120,86,45,41,1,6,44,35,2022-07-02,London,Wimbledon,Outdoor,Grass,1.2,4.5,1
Nakashima B.,70,106,57,49,6,5,51,44,Galan D.E.,76,78,33,45,3,5,30,40,2022-07-02,London,Wimbledon,Outdoor,Grass,1.1,7.0,1
Tsitsipas S.,5,390,264,126,49,32,215,94,Kyrgios N.,25,303,195,108,11,7,184,101,2022-07-02,London,Wimbledon,Outdoor,Grass,2.1,1.72,0
Van De Zandschulp B.,44,117,63,54,11,11,52,43,Gasquet R.,48,948,581,367,133,82,448,285,2022-07-02,London,Wimbledon,Outdoor,Grass,1.36,3.2,1
Sock J.,166,324,177,147,38,24,139,123,Kubler J.,77,53,24,29,0,1,24,28,2022-07-02,London,Wimbledon,Outdoor,Grass,1.57,2.37,0
Brooksby J.,39,79,46,33,6,5,40,28,Garin C.,101,190,103,87,15,13,88,74,2022-07-02,London,Wimbledon,Outdoor,Grass,1.4,3.0,0
De Minaur A.,19,272,161,111,30,19,131,92,Broady L.,125,47,18,29,5,3,13,26,2022-07-02,London,Wimbledon,Outdoor,Grass,1.12,6.0,1
Tiafoe F.,10,303,158,145,24,23,134,122,Goffin D.,123,522,296,226,66,52,230,174,2022-07-03,London,Wimbledon,Outdoor,Grass,2.0,1.8,0
Paul T.,14,204,111,93,19,13,92,80,Norrie C.,13,287,172,115,15,18,157,97,2022-07-03,London,Wimbledon,Outdoor,Grass,2.5,1.53,0
Sinner J.,8,224,153,71,42,19,111,52,Alcaraz C.,1,164,130,34,10,5,120,29,2022-07-03,London,Wimbledon,Outdoor,Grass,3.2,1.36,1
Djokovic N.,2,1207,1012,195,146,42,866,153,Van Rijthoven T.,110,19,10,9,0,4,10,5,2022-07-03,London,Wimbledon,Outdoor,Grass,1.05,11.0,1
Garin C.,101,190,103,87,15,13,88,74,De Minaur A.,19,272,161,111,30,19,131,92,2022-07-04,London,Wimbledon,Outdoor,Grass,5.5,1.14,1
Kyrgios N.,25,303,195,108,11,7,184,101,Nakashima B.,70,106,57,49,6,5,51,44,2022-07-04,London,Wimbledon,Outdoor,Grass,1.3,3.5,1
Fritz T.,9,356,205,151,26,22,179,129,Kubler J.,77,53,24,29,0,1,24,28,2022-07-04,London,Wimbledon,Outdoor,Grass,1.22,4.33,1
Nadal R.,2,1223,1017,206,76,40,941,166,Van De Zandschulp B.,44,117,63,54,11,11,52,43,2022-07-04,London,Wimbledon,Outdoor,Grass,1.16,5.0,1
Norrie C.,13,287,172,115,15,18,157,97,Goffin D.,123,522,296,226,66,52,230,174,2022-07-05,London,Wimbledon,Outdoor,Grass,1.44,2.75,1
Sinner J.,8,224,153,71,42,19,111,52,Djokovic N.,2,1207,1012,195,146,42,866,153,2022-07-05,London,Wimbledon,Outdoor,Grass,6.5,1.11,0
Fritz T.,9,356,205,151,26,22,179,129,Nadal R.,2,1223,1017,206,76,40,941,166,2022-07-06,London,Wimbledon,Outdoor,Grass,2.75,1.44,0
Kyrgios N.,25,303,195,108,11,7,184,101,Garin C.,101,190,103,87,15,13,88,74,2022-07-06,London,Wimbledon,Outdoor,Grass,1.22,4.33,1
Djokovic N.,2,1207,1012,195,146,42,866,153,Norrie C.,13,287,172,115,15,18,157,97,2022-07-08,London,Wimbledon,Outdoor,Grass,1.06,10.0,1
Kyrgios N.,25,303,195,108,11,7,184,101,Nadal R.,2,1223,1017,206,76,40,941,166,2022-07-08,London,Wimbledon,Outdoor,Grass,1.61,2.3,1
Kyrgios N.,25,303,195,108,11,7,184,101,Djokovic N.,2,1207,1012,195,146,42,866,153,2022-07-10,London,Wimbledon,Outdoor,Grass,3.75,1.28,0
Johnson S.,197,395,196,199,16,23,180,176,Kozlov S.,108,35,9,26,0,2,9,24,2022-07-11,Newport,Hall of Fame Championships,Outdoor,Grass,1.4,3.0,1
Albot R.,97,215,86,129,26,26,60,103,Sock J.,166,324,177,147,38,24,139,123,2022-07-11,Newport,Hall of Fame Championships,Outdoor,Grass,3.4,1.33,0
Thompson J.,71,221,96,125,10,10,86,115,Kubler J.,77,53,24,29,0,1,24,28,2022-07-11,Newport,Hall of Fame Championships,Outdoor,Grass,1.9,1.9,0
Gojowczyk P.,108,172,75,97,17,18,58,79,Humbert U.,36,170,80,90,23,21,57,69,2022-07-11,Newport,Hall of Fame Championships,Outdoor,Grass,4.5,1.2,1
Altmaier D.,51,79,28,51,1,5,27,46,Ymer E.,186,81,24,57,3,11,21,46,2022-07-11,Bastad,Nordea Open,Outdoor,Clay,1.72,2.1,0
Carreno Busta P.,16,352,214,138,33,25,181,113,Wawrinka S.,72,854,535,319,84,69,451,250,2022-07-11,Bastad,Nordea Open,Outdoor,Clay,1.53,2.5,1
Djere L.,38,243,120,123,10,22,110,101,Musetti L.,18,143,79,64,12,12,67,52,2022-07-11,Bastad,Nordea Open,Outdoor,Clay,1.8,2.0,1
Delbonis F.,131,340,152,188,19,23,133,165,Coria F.,108,99,43,56,2,6,41,50,2022-07-12,Bastad,Nordea Open,Outdoor,Clay,2.1,1.72,0
Koepfer D.,84,86,38,48,3,3,35,45,Eubanks C.,29,64,28,36,1,3,27,33,2022-07-12,Newport,Hall of Fame Championships,Outdoor,Grass,2.2,1.66,0
Blumberg W.,773,1,0,1,0,0,0,1,Bonzi B.,107,83,37,46,10,13,27,33,2022-07-12,Newport,Hall of Fame Championships,Outdoor,Grass,5.0,1.16,0
Lopez F.,634,863,441,422,71,82,370,340,Vesely J.,528,288,130,158,6,19,124,139,2022-07-12,Newport,Hall of Fame Championships,Outdoor,Grass,3.75,1.28,0
Broady L.,125,47,18,29,5,3,13,26,Duckworth J.,123,143,55,88,10,9,45,79,2022-07-12,Newport,Hall of Fame Championships,Outdoor,Grass,1.72,2.1,0
Purcell M.,78,28,9,19,0,0,9,19,Mannarino A.,27,567,264,303,60,73,204,230,2022-07-12,Newport,Hall of Fame Championships,Outdoor,Grass,3.0,1.4,1
Popyrin A.,90,140,59,81,9,13,50,68,Halys Q.,79,72,23,49,3,10,20,39,2022-07-12,Newport,Hall of Fame Championships,Outdoor,Grass,1.8,2.0,0
Van Rijthoven T.,110,19,10,9,0,4,10,5,Krueger M.,228,24,7,17,0,1,7,16,2022-07-12,Newport,Hall of Fame Championships,Outdoor,Grass,1.11,6.5,0
Murray A.,44,932,687,245,132,47,555,198,Querrey S.,287,678,369,309,48,39,321,270,2022-07-12,Newport,Hall of Fame Championships,Outdoor,Grass,1.33,3.4,1
Basilashvili N.,118,301,138,163,26,34,112,129,Gaston H.,109,58,24,34,5,9,19,25,2022-07-12,Bastad,Nordea Open,Outdoor,Clay,2.0,1.8,0
Rune H.,6,131,83,48,28,9,55,39,Huesler M.A.,88,58,21,37,8,8,13,29,2022-07-12,Bastad,Nordea Open,Outdoor,Clay,1.3,3.5,0
Sousa P.,475,36,9,27,1,3,8,24,Cerundolo F.,21,104,58,46,3,7,55,39,2022-07-12,Bastad,Nordea Open,Outdoor,Clay,3.5,1.3,0
Thiem D.,116,517,327,190,53,39,274,151,Ruusuvuori E.,55,158,79,79,16,18,63,61,2022-07-12,Bastad,Nordea Open,Outdoor,Clay,2.37,1.57,1
Sonego L.,43,221,107,114,19,17,88,97,Karatsev A.,75,136,66,70,10,22,56,48,2022-07-12,Bastad,Nordea Open,Outdoor,Clay,1.44,2.75,0
Davidovich Fokina A.,39,168,84,84,17,20,67,64,Sousa J.,147,436,189,247,42,44,147,203,2022-07-12,Bastad,Nordea Open,Outdoor,Clay,1.28,3.75,1
Ramos-Vinolas A.,82,437,204,233,17,31,187,202,Etcheverry T.,34,60,26,34,5,3,21,31,2022-07-12,Bastad,Nordea Open,Outdoor,Clay,1.57,2.37,1
Fognini F.,128,742,383,359,39,48,344,311,Baez S.,72,95,47,48,6,6,41,42,2022-07-12,Bastad,Nordea Open,Outdoor,Clay,3.0,1.4,0
Cressy M.,96,96,42,54,10,11,32,43,Krueger M.,228,24,7,17,0,1,7,16,2022-07-13,Newport,Hall of Fame Championships,Outdoor,Grass,1.25,4.0,1
Duckworth J.,123,143,55,88,10,9,45,79,Halys Q.,79,72,23,49,3,10,20,39,2022-07-13,Newport,Hall of Fame Championships,Outdoor,Grass,2.2,1.66,1
Purcell M.,78,28,9,19,0,0,9,19,Murray A.,44,932,687,245,132,47,555,198,2022-07-13,Newport,Hall of Fame Championships,Outdoor,Grass,5.0,1.16,0
Gojowczyk P.,108,172,75,97,17,18,58,79,Isner J.,114,755,465,290,53,45,412,245,2022-07-13,Newport,Hall of Fame Championships,Outdoor,Grass,4.5,1.2,0
Johnson S.,197,395,196,199,16,23,180,176,Vesely J.,528,288,130,158,6,19,124,139,2022-07-13,Newport,Hall of Fame Championships,Outdoor,Grass,2.0,1.8,1
Bublik A.,25,219,110,109,39,30,71,79,Sock J.,166,324,177,147,38,24,139,123,2022-07-13,Newport,Hall of Fame Championships,Outdoor,Grass,2.0,1.8,1
Gaston H.,109,58,24,34,5,9,19,25,Karatsev A.,75,136,66,70,10,22,56,48,2022-07-13,Bastad,Nordea Open,Outdoor,Clay,2.2,1.66,0
Schwartzman D.,95,428,233,195,32,27,201,168,Ymer E.,186,81,24,57,3,11,21,46,2022-07-13,Bastad,Nordea Open,Outdoor,Clay,1.25,4.0,1
Cerundolo F.,21,104,58,46,3,7,55,39,Ruud C.,4,275,176,99,19,16,157,83,2022-07-13,Bastad,Nordea Open,Outdoor,Clay,5.0,1.16,1
Ramos-Vinolas A.,82,437,204,233,17,31,187,202,Carreno Busta P.,16,352,214,138,33,25,181,113,2022-07-13,Bastad,Nordea Open,Outdoor,Clay,3.0,1.4,0
Bonzi B.,107,83,37,46,10,13,27,33,Eubanks C.,29,64,28,36,1,3,27,33,2022-07-13,Newport,Hall of Fame Championships,Outdoor,Grass,1.36,3.2,1
Auger-Aliassime F.,12,268,163,105,48,22,115,83,Kubler J.,77,53,24,29,0,1,24,28,2022-07-14,Newport,Hall of Fame Championships,Outdoor,Grass,1.28,3.75,0
Johnson S.,197,395,196,199,16,23,180,176,Cressy M.,96,96,42,54,10,11,32,43,2022-07-14,Newport,Hall of Fame Championships,Outdoor,Grass,2.75,1.44,0
Bonzi B.,107,83,37,46,10,13,27,33,Isner J.,114,755,465,290,53,45,412,245,2022-07-14,Newport,Hall of Fame Championships,Outdoor,Grass,2.2,1.66,0
Baez S.,72,95,47,48,6,6,41,42,Davidovich Fokina A.,39,168,84,84,17,20,67,64,2022-07-14,Bastad,Nordea Open,Outdoor,Clay,1.72,2.1,1
Coria F.,108,99,43,56,2,6,41,50,Rublev A.,7,392,255,137,57,34,198,103,2022-07-14,Bastad,Nordea Open,Outdoor,Clay,3.75,1.28,0
Huesler M.A.,88,58,21,37,8,8,13,29,Djere L.,38,243,120,123,10,22,110,101,2022-07-14,Bastad,Nordea Open,Outdoor,Clay,2.75,1.44,0
Bautista Agut R.,25,379,234,145,31,29,203,116,Thiem D.,116,517,327,190,53,39,274,151,2022-07-14,Bastad,Nordea Open,Outdoor,Clay,1.44,2.75,0
Murray A.,44,932,687,245,132,47,555,198,Bublik A.,25,219,110,109,39,30,71,79,2022-07-15,Newport,Hall of Fame Championships,Outdoor,Grass,1.57,2.37,0
Duckworth J.,123,143,55,88,10,9,45,79,Kubler J.,77,53,24,29,0,1,24,28,2022-07-15,Newport,Hall of Fame Championships,Outdoor,Grass,2.62,1.5,0
Djere L.,38,243,120,123,10,22,110,101,Rublev A.,7,392,255,137,57,34,198,103,2022-07-15,Bastad,Nordea Open,Outdoor,Clay,2.75,1.44,0
Baez S.,72,95,47,48,6,6,41,42,Thiem D.,116,517,327,190,53,39,274,151,2022-07-15,Bastad,Nordea Open,Outdoor,Clay,1.4,3.0,1
Schwartzman D.,95,428,233,195,32,27,201,168,Carreno Busta P.,16,352,214,138,33,25,181,113,2022-07-15,Bastad,Nordea Open,Outdoor,Clay,1.9,1.9,0
Karatsev A.,75,136,66,70,10,22,56,48,Cerundolo F.,21,104,58,46,3,7,55,39,2022-07-15,Bastad,Nordea Open,Outdoor,Clay,2.2,1.66,0
Baez S.,72,95,47,48,6,6,41,42,Rublev A.,7,392,255,137,57,34,198,103,2022-07-16,Bastad,Nordea Open,Outdoor,Clay,2.1,1.72,1
Cerundolo F.,21,104,58,46,3,7,55,39,Carreno Busta P.,16,352,214,138,33,25,181,113,2022-07-16,Bastad,Nordea Open,Outdoor,Clay,3.0,1.4,1
Isner J.,114,755,465,290,53,45,412,245,Cressy M.,96,96,42,54,10,11,32,43,2022-07-16,Newport,Hall of Fame Championships,Outdoor,Grass,2.1,1.72,0
Kubler J.,77,53,24,29,0,1,24,28,Bublik A.,25,219,110,109,39,30,71,79,2022-07-16,Newport,Hall of Fame Championships,Outdoor,Grass,2.37,1.57,0
Cressy M.,96,96,42,54,10,11,32,43,Bublik A.,25,219,110,109,39,30,71,79,2022-07-17,Newport,Hall of Fame Championships,Outdoor,Grass,2.2,1.66,1
Cerundolo F.,21,104,58,46,3,7,55,39,Baez S.,72,95,47,48,6,6,41,42,2022-07-17,Bastad,Nordea Open,Outdoor,Clay,2.75,1.44,1
Musetti L.,18,143,79,64,12,12,67,52,Lajovic D.,66,378,163,215,21,36,142,179,2022-07-18,Hamburg,European Open,Outdoor,Clay,1.57,2.37,1
Kovalik J.,172,68,24,44,5,8,19,36,Rehberg M.,412,3,0,3,0,0,0,3,2022-07-18,Hamburg,European Open,Outdoor,Clay,1.14,5.5,1
Struff J.L.,21,369,170,199,43,42,127,157,Khachanov K.,11,378,217,161,44,38,173,123,2022-07-18,Hamburg,European Open,Outdoor,Clay,2.1,1.72,0
Topo M.,478,4,0,4,0,0,0,4,Molcan A.,120,86,45,41,1,6,44,35,2022-07-18,Hamburg,European Open,Outdoor,Clay,6.0,1.12,0
Van De Zandschulp B.,44,117,63,54,11,11,52,43,Davidovich Fokina A.,39,168,84,84,17,20,67,64,2022-07-18,Hamburg,European Open,Outdoor,Clay,2.0,1.8,0
Taberner C.,181,37,13,24,4,6,9,18,Martinez P.,135,118,50,68,7,6,43,62,2022-07-18,Gstaad,Suisse Open Gstaad,Outdoor,Clay,2.37,1.57,0
Ritschard A.,163,9,3,6,1,1,2,5,Sousa J.,147,436,189,247,42,44,147,203,2022-07-18,Gstaad,Suisse Open Gstaad,Outdoor,Clay,2.37,1.57,1
Ymer M.,59,130,58,72,18,23,40,49,Delbonis F.,131,340,152,188,19,23,133,165,2022-07-18,Gstaad,Suisse Open Gstaad,Outdoor,Clay,2.0,1.8,0
Lehecka J.,33,61,30,31,4,4,26,27,Etcheverry T.,34,60,26,34,5,3,21,31,2022-07-18,Gstaad,Suisse Open Gstaad,Outdoor,Clay,2.0,1.8,1
Carballes Baena R.,64,207,91,116,11,10,80,106,Gasquet R.,48,948,581,367,133,82,448,285,2022-07-19,Gstaad,Suisse Open Gstaad,Outdoor,Clay,2.0,1.8,0
Cerundolo F.,21,104,58,46,3,7,55,39,Altmaier D.,51,79,28,51,1,5,27,46,2022-07-19,Hamburg,European Open,Outdoor,Clay,1.44,2.75,1
Schwartzman D.,95,428,233,195,32,27,201,168,Ruusuvuori E.,55,158,79,79,16,18,63,61,2022-07-19,Hamburg,European Open,Outdoor,Clay,1.36,3.2,0
Griekspoor T.,37,97,47,50,7,14,40,36,Rune H.,6,131,83,48,28,9,55,39,2022-07-19,Hamburg,European Open,Outdoor,Clay,2.37,1.57,1
Djere L.,38,243,120,123,10,22,110,101,Coric B.,15,343,185,158,28,28,157,130,2022-07-19,Hamburg,European Open,Outdoor,Clay,1.57,2.37,0
Carreno Busta P.,16,352,214,138,33,25,181,113,Nardi L.,151,11,2,9,1,3,1,6,2022-07-19,Hamburg,European Open,Outdoor,Clay,1.16,5.0,1
Bedene A.,347,291,131,160,18,23,113,137,Fognini F.,128,742,383,359,39,48,344,311,2022-07-19,Hamburg,European Open,Outdoor,Clay,3.2,1.36,0
Kuhn N.,259,12,3,9,1,1,2,8,Alcaraz C.,1,164,130,34,10,5,120,29,2022-07-19,Hamburg,European Open,Outdoor,Clay,13.0,1.04,0
Baez S.,72,95,47,48,6,6,41,42,Krajinovic F.,93,240,115,125,38,34,77,91,2022-07-19,Hamburg,European Open,Outdoor,Clay,1.44,2.75,0
Basilashvili N.,118,301,138,163,26,34,112,129,Karatsev A.,75,136,66,70,10,22,56,48,2022-07-19,Hamburg,European Open,Outdoor,Clay,2.1,1.72,0
Coria F.,108,99,43,56,2,6,41,50,Galan D.E.,76,78,33,45,3,5,30,40,2022-07-19,Hamburg,European Open,Outdoor,Clay,1.9,1.9,0
Huesler M.A.,88,58,21,37,8,8,13,29,Stricker D.,106,20,10,10,2,2,8,8,2022-07-19,Gstaad,Suisse Open Gstaad,Outdoor,Clay,1.44,2.75,0
Jarry N.,28,141,73,68,9,6,64,62,Monteiro T.,121,171,69,102,9,11,60,91,2022-07-19,Gstaad,Suisse Open Gstaad,Outdoor,Clay,2.0,1.8,1
Gaston H.,109,58,24,34,5,9,19,25,Thiem D.,116,517,327,190,53,39,274,151,2022-07-19,Gstaad,Suisse Open Gstaad,Outdoor,Clay,2.75,1.44,0
Ymer E.,186,81,24,57,3,11,21,46,Paire B.,149,527,237,290,39,56,198,234,2022-07-19,Gstaad,Suisse Open Gstaad,Outdoor,Clay,1.53,2.5,1
Varillas J.P.,77,22,10,12,1,3,9,9,Sonego L.,43,221,107,114,19,17,88,97,2022-07-19,Gstaad,Suisse Open Gstaad,Outdoor,Clay,2.37,1.57,1
Zapata Miralles B.,54,80,32,48,1,6,31,42,Munar J.,104,178,75,103,7,12,68,91,2022-07-19,Gstaad,Suisse Open Gstaad,Outdoor,Clay,2.2,1.66,0
Garin C.,101,190,103,87,15,13,88,74,Hanfmann Y.,50,99,50,49,5,4,45,45,2022-07-19,Gstaad,Suisse Open Gstaad,Outdoor,Clay,1.33,3.4,0
Griekspoor T.,37,97,47,50,7,14,40,36,Coric B.,15,343,185,158,28,28,157,130,2022-07-20,Hamburg,European Open,Outdoor,Clay,1.72,2.1,0
Kovalik J.,172,68,24,44,5,8,19,36,Davidovich Fokina A.,39,168,84,84,17,20,67,64,2022-07-20,Hamburg,European Open,Outdoor,Clay,5.0,1.16,0
Musetti L.,18,143,79,64,12,12,67,52,Ruusuvuori E.,55,158,79,79,16,18,63,61,2022-07-20,Hamburg,European Open,Outdoor,Clay,1.53,2.5,1
Berankis R.,212,249,104,145,36,31,68,114,Rublev A.,7,392,255,137,57,34,198,103,2022-07-20,Hamburg,European Open,Outdoor,Clay,8.0,1.08,0
Ritschard A.,163,9,3,6,1,1,2,5,Munar J.,104,178,75,103,7,12,68,91,2022-07-20,Gstaad,Suisse Open Gstaad,Outdoor,Clay,3.75,1.28,0
Carreno Busta P.,16,352,214,138,33,25,181,113,Molcan A.,120,86,45,41,1,6,44,35,2022-07-20,Hamburg,European Open,Outdoor,Clay,1.5,2.62,0
Karatsev A.,75,136,66,70,10,22,56,48,Galan D.E.,76,78,33,45,3,5,30,40,2022-07-21,Hamburg,European Open,Outdoor,Clay,1.57,2.37,1
Cerundolo F.,21,104,58,46,3,7,55,39,Rublev A.,7,392,255,137,57,34,198,103,2022-07-21,Hamburg,European Open,Outdoor,Clay,3.0,1.4,1
Khachanov K.,11,378,217,161,44,38,173,123,Fognini F.,128,742,383,359,39,48,344,311,2022-07-21,Hamburg,European Open,Outdoor,Clay,1.5,2.62,1
Hanfmann Y.,50,99,50,49,5,4,45,45,Jarry N.,28,141,73,68,9,6,64,62,2022-07-21,Gstaad,Suisse Open Gstaad,Outdoor,Clay,2.37,1.57,0
Stricker D.,106,20,10,10,2,2,8,8,Ramos-Vinolas A.,82,437,204,233,17,31,187,202,2022-07-21,Gstaad,Suisse Open Gstaad,Outdoor,Clay,3.0,1.4,0
Gasquet R.,48,948,581,367,133,82,448,285,Berrettini M.,38,217,142,75,14,11,128,64,2022-07-21,Gstaad,Suisse Open Gstaad,Outdoor,Clay,4.0,1.25,0
Bautista Agut R.,25,379,234,145,31,29,203,116,Varillas J.P.,77,22,10,12,1,3,9,9,2022-07-21,Gstaad,Suisse Open Gstaad,Outdoor,Clay,1.4,3.0,0
Delbonis F.,131,340,152,188,19,23,133,165,Thiem D.,116,517,327,190,53,39,274,151,2022-07-21,Gstaad,Suisse Open Gstaad,Outdoor,Clay,2.75,1.44,0
Ymer E.,186,81,24,57,3,11,21,46,Martinez P.,135,118,50,68,7,6,43,62,2022-07-21,Gstaad,Suisse Open Gstaad,Outdoor,Clay,2.3,1.61,0
Krajinovic F.,93,240,115,125,38,34,77,91,Alcaraz C.,1,164,130,34,10,5,120,29,2022-07-21,Hamburg,European Open,Outdoor,Clay,4.5,1.2,0
Lehecka J.,33,61,30,31,4,4,26,27,Ruud C.,4,275,176,99,19,16,157,83,2022-07-21,Gstaad,Suisse Open Gstaad,Outdoor,Clay,4.5,1.2,0
Martinez P.,135,118,50,68,7,6,43,62,Berrettini M.,38,217,142,75,14,11,128,64,2022-07-22,Gstaad,Suisse Open Gstaad,Outdoor,Clay,5.0,1.16,0
Coric B.,15,343,185,158,28,28,157,130,Molcan A.,120,86,45,41,1,6,44,35,2022-07-22,Hamburg,European Open,Outdoor,Clay,2.0,1.8,0
Jarry N.,28,141,73,68,9,6,64,62,Ramos-Vinolas A.,82,437,204,233,17,31,187,202,2022-07-22,Gstaad,Suisse Open Gstaad,Outdoor,Clay,2.0,1.8,0
Ruud C.,4,275,176,99,19,16,157,83,Munar J.,104,178,75,103,7,12,68,91,2022-07-22,Gstaad,Suisse Open Gstaad,Outdoor,Clay,1.25,4.0,1
Thiem D.,116,517,327,190,53,39,274,151,Varillas J.P.,77,22,10,12,1,3,9,9,2022-07-22,Gstaad,Suisse Open Gstaad,Outdoor,Clay,1.5,2.62,1
Cerundolo F.,21,104,58,46,3,7,55,39,Karatsev A.,75,136,66,70,10,22,56,48,2022-07-22,Hamburg,European Open,Outdoor,Clay,1.44,2.75,1
Alcaraz C.,1,164,130,34,10,5,120,29,Khachanov K.,11,378,217,161,44,38,173,123,2022-07-22,Hamburg,European Open,Outdoor,Clay,1.16,5.0,1
Musetti L.,18,143,79,64,12,12,67,52,Davidovich Fokina A.,39,168,84,84,17,20,67,64,2022-07-22,Hamburg,European Open,Outdoor,Clay,2.2,1.66,1
Molcan A.,120,86,45,41,1,6,44,35,Alcaraz C.,1,164,130,34,10,5,120,29,2022-07-23,Hamburg,European Open,Outdoor,Clay,6.5,1.11,0
Musetti L.,18,143,79,64,12,12,67,52,Cerundolo F.,21,104,58,46,3,7,55,39,2022-07-23,Hamburg,European Open,Outdoor,Clay,1.72,2.1,1
Ruud C.,4,275,176,99,19,16,157,83,Ramos-Vinolas A.,82,437,204,233,17,31,187,202,2022-07-23,Gstaad,Suisse Open Gstaad,Outdoor,Clay,1.2,4.5,1
Berrettini M.,38,217,142,75,14,11,128,64,Thiem D.,116,517,327,190,53,39,274,151,2022-07-23,Gstaad,Suisse Open Gstaad,Outdoor,Clay,1.57,2.37,1
Musetti L.,18,143,79,64,12,12,67,52,Alcaraz C.,1,164,130,34,10,5,120,29,2022-07-24,Hamburg,European Open,Outdoor,Clay,5.5,1.14,1
Ruud C.,4,275,176,99,19,16,157,83,Berrettini M.,38,217,142,75,14,11,128,64,2022-07-24,Gstaad,Suisse Open Gstaad,Outdoor,Clay,1.8,2.0,1
Cecchinato M.,108,204,79,125,2,14,77,111,Poljicak M.,537,1,0,1,0,0,0,1,2022-07-25,Umag,Croatia Open,Outdoor,Clay,1.3,3.5,1
Munar J.,104,178,75,103,7,12,68,91,Ymer M.,59,130,58,72,18,23,40,49,2022-07-25,Umag,Croatia Open,Outdoor,Clay,1.3,3.5,1
Galan D.E.,76,78,33,45,3,5,30,40,Fognini F.,128,742,383,359,39,48,344,311,2022-07-25,Umag,Croatia Open,Outdoor,Clay,2.1,1.72,1
Laaksonen H.,125,101,37,64,7,16,30,48,Carballes Baena R.,64,207,91,116,11,10,80,106,2022-07-25,Umag,Croatia Open,Outdoor,Clay,2.75,1.44,0
Coria F.,108,99,43,56,2,6,41,50,Garin C.,101,190,103,87,15,13,88,74,2022-07-25,Kitzbuhel,Generali Open,Outdoor,Clay,2.37,1.57,1
Rodionov J.,118,26,9,17,2,3,7,14,Casanova H.,321,1,0,1,0,0,0,1,2022-07-25,Kitzbuhel,Generali Open,Outdoor,Clay,1.4,3.0,1
Lajovic D.,66,378,163,215,21,36,142,179,Sachko V.,1041,3,0,3,0,1,0,2,2022-07-25,Kitzbuhel,Generali Open,Outdoor,Clay,1.16,5.0,1
Monteiro T.,121,171,69,102,9,11,60,91,Lehecka J.,33,61,30,31,4,4,26,27,2022-07-25,Kitzbuhel,Generali Open,Outdoor,Clay,1.66,2.2,0
Dutra Da Silva D.,215,1,0,1,0,0,0,1,Misolic F.,158,11,6,5,0,1,6,4,2022-07-25,Kitzbuhel,Generali Open,Outdoor,Clay,3.0,1.4,0
Varillas J. P.,1345,20,9,11,2,1,7,10,Taberner C.,181,37,13,24,4,6,9,18,2022-07-25,Kitzbuhel,Generali Open,Outdoor,Clay,1.33,3.4,1
Kopriva V.,159,9,5,4,0,0,5,4,Sousa J.,147,436,189,247,42,44,147,203,2022-07-25,Kitzbuhel,Generali Open,Outdoor,Clay,1.8,2.0,0
Cachin P.,54,52,23,29,1,3,22,26,Zeppieri G.,129,13,4,9,0,1,4,8,2022-07-25,Umag,Croatia Open,Outdoor,Clay,1.53,2.5,0
Thompson J.,71,221,96,125,10,10,86,115,Nakashima B.,70,106,57,49,6,5,51,44,2022-07-25,Atlanta,Atlanta Open,Outdoor,Hard,4.33,1.22,0
Popyrin A.,90,140,59,81,9,13,50,68,Millman J.,140,256,113,143,21,22,92,121,2022-07-25,Atlanta,Atlanta Open,Outdoor,Hard,1.9,1.9,0
Giron M.,69,150,68,82,20,14,48,68,Kwon S.W.,68,108,53,55,12,6,41,49,2022-07-25,Atlanta,Atlanta Open,Outdoor,Hard,1.72,2.1,0
Daniel T.,111,178,67,111,3,10,64,101,Korda S.,26,126,75,51,15,9,60,42,2022-07-25,Atlanta,Atlanta Open,Outdoor,Hard,2.62,1.5,1
Thiem D.,116,517,327,190,53,39,274,151,Shevchenko A.,93,20,8,12,0,2,8,10,2022-07-26,Kitzbuhel,Generali Open,Outdoor,Clay,1.16,5.0,1
Ofner S.,61,34,16,18,1,2,15,16,Gasquet R.,48,948,581,367,133,82,448,285,2022-07-26,Kitzbuhel,Generali Open,Outdoor,Clay,2.37,1.57,1
Melzer G.,188,46,16,30,1,7,15,23,Hanfmann Y.,50,99,50,49,5,4,45,45,2022-07-26,Kitzbuhel,Generali Open,Outdoor,Clay,2.5,1.53,0
Jarry N.,28,141,73,68,9,6,64,62,Martinez P.,135,118,50,68,7,6,43,62,2022-07-26,Kitzbuhel,Generali Open,Outdoor,Clay,2.0,1.8,0
Sonego L.,43,221,107,114,19,17,88,97,Andujar P.,323,404,164,240,12,30,152,210,2022-07-26,Kitzbuhel,Generali Open,Outdoor,Clay,1.44,2.75,0
Paire B.,149,527,237,290,39,56,198,234,Brooksby J.,39,79,46,33,6,5,40,28,2022-07-26,Atlanta,Atlanta Open,Outdoor,Hard,6.0,1.12,0
Halys Q.,79,72,23,49,3,10,20,39,Ivashka I.,113,159,78,81,19,18,59,63,2022-07-26,Atlanta,Atlanta Open,Outdoor,Hard,2.37,1.57,0
Sock J.,166,324,177,147,38,24,139,123,Paul T.,14,204,111,93,19,13,92,80,2022-07-26,Atlanta,Atlanta Open,Outdoor,Hard,2.3,1.61,0
Kudla D.,137,198,70,128,5,14,65,114,Mcdonald M.,60,190,87,103,11,15,76,88,2022-07-26,Atlanta,Atlanta Open,Outdoor,Hard,2.75,1.44,0
Ramanathan R.,435,40,14,26,0,4,14,22,Shelton B.,43,34,13,21,0,0,13,21,2022-07-26,Atlanta,Atlanta Open,Outdoor,Hard,2.37,1.57,0
Ajdukovic D.,299,4,1,3,0,0,1,3,Molcan A.,120,86,45,41,1,6,44,35,2022-07-26,Umag,Croatia Open,Outdoor,Clay,5.5,1.14,0
Etcheverry T.,34,60,26,34,5,3,21,31,Bagnis F.,135,121,39,82,9,8,30,74,2022-07-26,Umag,Croatia Open,Outdoor,Clay,1.8,2.0,0
Prizmic D.,287,5,2,3,0,0,2,3,Zapata Miralles B.,54,80,32,48,1,6,31,42,2022-07-26,Umag,Croatia Open,Outdoor,Clay,8.0,1.08,0
Altmaier D.,51,79,28,51,1,5,27,46,Moutet C.,80,118,50,68,5,11,45,57,2022-07-26,Umag,Croatia Open,Outdoor,Clay,2.2,1.66,0
Gombos N.,114,66,21,45,6,14,15,31,Delbonis F.,131,340,152,188,19,23,133,165,2022-07-26,Umag,Croatia Open,Outdoor,Clay,2.5,1.53,1
Djere L.,38,243,120,123,10,22,110,101,Agamenone F.,136,5,3,2,0,0,3,2,2022-07-26,Umag,Croatia Open,Outdoor,Clay,1.22,4.33,0
Bedene A.,347,291,131,160,18,23,113,137,Musetti L.,18,143,79,64,12,12,67,52,2022-07-26,Umag,Croatia Open,Outdoor,Clay,3.4,1.33,0
Lajovic D.,66,378,163,215,21,36,142,179,Karatsev A.,75,136,66,70,10,22,56,48,2022-07-27,Kitzbuhel,Generali Open,Outdoor,Clay,2.1,1.72,1
Gojowczyk P.,108,172,75,97,17,18,58,79,Mannarino A.,27,567,264,303,60,73,204,230,2022-07-27,Atlanta,Atlanta Open,Outdoor,Hard,,,0
Zeppieri G.,129,13,4,9,0,1,4,8,Galan D.E.,76,78,33,45,3,5,30,40,2022-07-27,Umag,Croatia Open,Outdoor,Clay,2.37,1.57,1
Molcan A.,120,86,45,41,1,6,44,35,Carballes Baena R.,64,207,91,116,11,10,80,106,2022-07-27,Umag,Croatia Open,Outdoor,Clay,1.5,2.62,0
Zapata Miralles B.,54,80,32,48,1,6,31,42,Rune H.,6,131,83,48,28,9,55,39,2022-07-27,Umag,Croatia Open,Outdoor,Clay,2.62,1.5,1
Sinner J.,8,224,153,71,42,19,111,52,Munar J.,104,178,75,103,7,12,68,91,2022-07-27,Umag,Croatia Open,Outdoor,Clay,1.4,3.0,1
Ofner S.,61,34,16,18,1,2,15,16,Thiem D.,116,517,327,190,53,39,274,151,2022-07-27,Kitzbuhel,Generali Open,Outdoor,Clay,4.0,1.25,0
Sousa J.,147,436,189,247,42,44,147,203,Lehecka J.,33,61,30,31,4,4,26,27,2022-07-27,Kitzbuhel,Generali Open,Outdoor,Clay,2.3,1.61,0
Misolic F.,158,11,6,5,0,1,6,4,Andujar P.,323,404,164,240,12,30,152,210,2022-07-27,Kitzbuhel,Generali Open,Outdoor,Clay,2.2,1.66,1
Paul T.,14,204,111,93,19,13,92,80,Kwon S.W.,68,108,53,55,12,6,41,49,2022-07-27,Atlanta,Atlanta Open,Outdoor,Hard,1.36,3.2,1
Rodionov J.,118,26,9,17,2,3,7,14,Bautista Agut R.,25,379,234,145,31,29,203,116,2022-07-27,Kitzbuhel,Generali Open,Outdoor,Clay,3.5,1.3,0
Varillas J. P.,1345,20,9,11,2,1,7,10,Ramos-Vinolas A.,82,437,204,233,17,31,187,202,2022-07-27,Kitzbuhel,Generali Open,Outdoor,Clay,2.2,1.66,0
Coria F.,108,99,43,56,2,6,41,50,Martinez P.,135,118,50,68,7,6,43,62,2022-07-27,Kitzbuhel,Generali Open,Outdoor,Clay,2.3,1.61,0
Kokkinakis T.,86,124,55,69,0,4,55,65,Martin A.,723,258,107,151,6,13,101,138,2022-07-27,Atlanta,Atlanta Open,Outdoor,Hard,1.12,6.0,0
Tiafoe F.,10,303,158,145,24,23,134,122,Daniel T.,111,178,67,111,3,10,64,101,2022-07-27,Atlanta,Atlanta Open,Outdoor,Hard,1.57,2.37,1
Nakashima B.,70,106,57,49,6,5,51,44,Millman J.,140,256,113,143,21,22,92,121,2022-07-27,Atlanta,Atlanta Open,Outdoor,Hard,1.33,3.4,1
Hanfmann Y.,50,99,50,49,5,4,45,45,Gakhov I.,198,3,1,2,0,0,1,2,2022-07-27,Kitzbuhel,Generali Open,Outdoor,Clay,,,1
Koepfer D.,84,86,38,48,3,3,35,45,Duckworth J.,123,143,55,88,10,9,45,79,2022-07-27,Atlanta,Atlanta Open,Outdoor,Hard,2.1,1.72,0
Johnson S.,197,395,196,199,16,23,180,176,Ivashka I.,113,159,78,81,19,18,59,63,2022-07-28,Atlanta,Atlanta Open,Outdoor,Hard,3.4,1.33,0
Cecchinato M.,108,204,79,125,2,14,77,111,Musetti L.,18,143,79,64,12,12,67,52,2022-07-28,Umag,Croatia Open,Outdoor,Clay,3.75,1.28,1
Moutet C.,80,118,50,68,5,11,45,57,Bagnis F.,135,121,39,82,9,8,30,74,2022-07-28,Umag,Croatia Open,Outdoor,Clay,1.57,2.37,0
Baez S.,72,95,47,48,6,6,41,42,Agamenone F.,136,5,3,2,0,0,3,2,2022-07-28,Umag,Croatia Open,Outdoor,Clay,1.16,5.0,0
Brooksby J.,39,79,46,33,6,5,40,28,Mcdonald M.,60,190,87,103,11,15,76,88,2022-07-28,Atlanta,Atlanta Open,Outdoor,Hard,1.5,2.62,1
Martin A.,723,258,107,151,6,13,101,138,Mannarino A.,27,567,264,303,60,73,204,230,2022-07-28,Atlanta,Atlanta Open,Outdoor,Hard,3.5,1.3,0
Thiem D.,116,517,327,190,53,39,274,151,Hanfmann Y.,50,99,50,49,5,4,45,45,2022-07-28,Kitzbuhel,Generali Open,Outdoor,Clay,1.28,3.75,0
Bautista Agut R.,25,379,234,145,31,29,203,116,Lehecka J.,33,61,30,31,4,4,26,27,2022-07-28,Kitzbuhel,Generali Open,Outdoor,Clay,1.36,3.2,1
Martinez P.,135,118,50,68,7,6,43,62,Ramos-Vinolas A.,82,437,204,233,17,31,187,202,2022-07-28,Kitzbuhel,Generali Open,Outdoor,Clay,1.72,2.1,0
Alcaraz C.,1,164,130,34,10,5,120,29,Gombos N.,114,66,21,45,6,14,15,31,2022-07-28,Umag,Croatia Open,Outdoor,Clay,1.05,11.0,1
Sinner J.,8,224,153,71,42,19,111,52,Carballes Baena R.,64,207,91,116,11,10,80,106,2022-07-29,Umag,Croatia Open,Outdoor,Clay,1.16,5.0,1
Zeppieri G.,129,13,4,9,0,1,4,8,Zapata Miralles B.,54,80,32,48,1,6,31,42,2022-07-29,Umag,Croatia Open,Outdoor,Clay,2.37,1.57,1
Cecchinato M.,108,204,79,125,2,14,77,111,Agamenone F.,136,5,3,2,0,0,3,2,2022-07-29,Umag,Croatia Open,Outdoor,Clay,1.57,2.37,0
Alcaraz C.,1,164,130,34,10,5,120,29,Bagnis F.,135,121,39,82,9,8,30,74,2022-07-29,Umag,Croatia Open,Outdoor,Clay,1.07,9.0,1
Isner J.,114,755,465,290,53,45,412,245,Shelton B.,43,34,13,21,0,0,13,21,2022-07-29,Atlanta,Atlanta Open,Outdoor,Hard,1.36,3.2,1
Misolic F.,158,11,6,5,0,1,6,4,Lajovic D.,66,378,163,215,21,36,142,179,2022-07-29,Kitzbuhel,Generali Open,Outdoor,Clay,3.0,1.4,1
Tiafoe F.,10,303,158,145,24,23,134,122,Nakashima B.,70,106,57,49,6,5,51,44,2022-07-29,Atlanta,Atlanta Open,Outdoor,Hard,1.8,2.0,1
Ramos-Vinolas A.,82,437,204,233,17,31,187,202,Bautista Agut R.,25,379,234,145,31,29,203,116,2022-07-29,Kitzbuhel,Generali Open,Outdoor,Clay,2.0,1.8,0
De Minaur A.,19,272,161,111,30,19,131,92,Duckworth J.,123,143,55,88,10,9,45,79,2022-07-29,Atlanta,Atlanta Open,Outdoor,Hard,1.3,3.5,1
De Minaur A.,19,272,161,111,30,19,131,92,Mannarino A.,27,567,264,303,60,73,204,230,2022-07-29,Atlanta,Atlanta Open,Outdoor,Hard,1.25,4.0,1
Paul T.,14,204,111,93,19,13,92,80,Ivashka I.,113,159,78,81,19,18,59,63,2022-07-29,Atlanta,Atlanta Open,Outdoor,Hard,1.5,2.62,0
Agamenone F.,136,5,3,2,0,0,3,2,Sinner J.,8,224,153,71,42,19,111,52,2022-07-30,Umag,Croatia Open,Outdoor,Clay,7.0,1.1,0
Misolic F.,158,11,6,5,0,1,6,4,Hanfmann Y.,50,99,50,49,5,4,45,45,2022-07-30,Kitzbuhel,Generali Open,Outdoor,Clay,2.62,1.5,1
Brooksby J.,39,79,46,33,6,5,40,28,Isner J.,114,755,465,290,53,45,412,245,2022-07-30,Atlanta,Atlanta Open,Outdoor,Hard,1.57,2.37,1
Ivashka I.,113,159,78,81,19,18,59,63,De Minaur A.,19,272,161,111,30,19,131,92,2022-07-30,Atlanta,Atlanta Open,Outdoor,Hard,2.5,1.53,0
Misolic F.,158,11,6,5,0,1,6,4,Bautista Agut R.,25,379,234,145,31,29,203,116,2022-07-30,Kitzbuhel,Generali Open,Outdoor,Clay,3.5,1.3,0
Alcaraz C.,1,164,130,34,10,5,120,29,Zeppieri G.,129,13,4,9,0,1,4,8,2022-07-30,Umag,Croatia Open,Outdoor,Clay,1.07,9.0,1
De Minaur A.,19,272,161,111,30,19,131,92,Brooksby J.,39,79,46,33,6,5,40,28,2022-07-31,Atlanta,Atlanta Open,Outdoor,Hard,2.1,1.72,1
Brooksby J.,39,79,46,33,6,5,40,28,Tiafoe F.,10,303,158,145,24,23,134,122,2022-07-31,Atlanta,Atlanta Open,Outdoor,Hard,1.72,2.1,1
Alcaraz C.,1,164,130,34,10,5,120,29,Sinner J.,8,224,153,71,42,19,111,52,2022-07-31,Umag,Croatia Open,Outdoor,Clay,1.61,2.3,0
Klahn B.,797,56,13,43,1,3,12,40,Mannarino A.,27,567,264,303,60,73,204,230,2022-08-01,Washington,Citi Open,Outdoor,Hard,5.0,1.16,0
Kudla D.,137,198,70,128,5,14,65,114,Mmoh M.,112,55,20,35,0,3,20,32,2022-08-01,Washington,Citi Open,Outdoor,Hard,1.66,2.2,1
Koepfer D.,84,86,38,48,3,3,35,45,Kwon S.W.,68,108,53,55,12,6,41,49,2022-08-01,Washington,Citi Open,Outdoor,Hard,2.1,1.72,1
Watanuki Y.,99,25,11,14,0,0,11,14,Edmund K.,473,233,113,120,19,10,94,110,2022-08-01,Washington,Citi Open,Outdoor,Hard,1.66,2.2,0
Murray A.,44,932,687,245,132,47,555,198,Ymer M.,59,130,58,72,18,23,40,49,2022-08-01,Washington,Citi Open,Outdoor,Hard,1.3,3.5,0
Wu T.L.,175,6,1,5,0,0,1,5,Popyrin A.,90,140,59,81,9,13,50,68,2022-08-01,Washington,Citi Open,Outdoor,Hard,2.5,1.53,0
Kozlov S.,108,35,9,26,0,2,9,24,Draper J.,55,51,29,22,2,3,27,19,2022-08-01,Washington,Citi Open,Outdoor,Hard,4.5,1.2,0
Daniel T.,111,178,67,111,3,10,64,101,Wolf J.J.,45,75,39,36,8,6,31,30,2022-08-01,Washington,Citi Open,Outdoor,Hard,1.44,2.75,0
Gojo B.,115,14,3,11,0,1,3,10,Duckworth J.,123,143,55,88,10,9,45,79,2022-08-01,Washington,Citi Open,Outdoor,Hard,2.37,1.57,1
Nishioka Y.,31,215,99,116,15,15,84,101,Brooksby J.,39,79,46,33,6,5,40,28,2022-08-02,Washington,Citi Open,Outdoor,Hard,3.4,1.33,1
Berankis R.,212,249,104,145,36,31,68,114,Halys Q.,79,72,23,49,3,10,20,39,2022-08-02,Los Cabos,Los Cabos Open,Outdoor,Hard,2.3,1.61,1
Pacheco Mendez R.,817,3,0,3,0,0,0,3,Hijikata R.,110,16,7,9,0,0,7,9,2022-08-02,Los Cabos,Los Cabos Open,Outdoor,Hard,10.0,1.06,0
Chappell N.,432,2,0,2,0,0,0,2,Tseng C. H.,108,8,2,6,0,1,2,5,2022-08-02,Los Cabos,Los Cabos Open,Outdoor,Hard,5.0,1.16,0
Purcell M.,78,28,9,19,0,0,9,19,Laaksonen H.,125,101,37,64,7,16,30,48,2022-08-02,Los Cabos,Los Cabos Open,Outdoor,Hard,1.44,2.75,1
Draper J.,55,51,29,22,2,3,27,19,Rublev A.,7,392,255,137,57,34,198,103,2022-08-02,Washington,Citi Open,Outdoor,Hard,3.2,1.36,0
Edmund K.,473,233,113,120,19,10,94,110,Evans D.,30,251,124,127,18,16,106,111,2022-08-02,Washington,Citi Open,Outdoor,Hard,2.75,1.44,0
Goffin D.,123,522,296,226,66,52,230,174,Sock J.,166,324,177,147,38,24,139,123,2022-08-02,Washington,Citi Open,Outdoor,Hard,1.57,2.37,0
Korda S.,26,126,75,51,15,9,60,42,Ivashka I.,113,159,78,81,19,18,59,63,2022-08-02,Washington,Citi Open,Outdoor,Hard,1.9,1.9,1
Ruusuvuori E.,55,158,79,79,16,18,63,61,Mcdonald M.,60,190,87,103,11,15,76,88,2022-08-02,Washington,Citi Open,Outdoor,Hard,1.66,2.2,1
Eubanks C.,29,64,28,36,1,3,27,33,Bonzi B.,107,83,37,46,10,13,27,33,2022-08-02,Washington,Citi Open,Outdoor,Hard,2.37,1.57,1
Paire B.,149,527,237,290,39,56,198,234,Gojowczyk P.,108,172,75,97,17,18,58,79,2022-08-02,Washington,Citi Open,Outdoor,Hard,2.3,1.61,1
Sock J.,166,324,177,147,38,24,139,123,Cressy M.,96,96,42,54,10,11,32,43,2022-08-03,Washington,Citi Open,Outdoor,Hard,2.37,1.57,0
Wolf J.J.,45,75,39,36,8,6,31,30,Shapovalov D.,29,298,166,132,30,27,136,105,2022-08-03,Washington,Citi Open,Outdoor,Hard,2.62,1.5,1
De Minaur A.,19,272,161,111,30,19,131,92,Nishioka Y.,31,215,99,116,15,15,84,101,2022-08-03,Washington,Citi Open,Outdoor,Hard,1.36,3.2,0
Kyrgios N.,25,303,195,108,11,7,184,101,Giron M.,69,150,68,82,20,14,48,68,2022-08-03,Washington,Citi Open,Outdoor,Hard,1.25,4.0,1
Gojo B.,115,14,3,11,0,1,3,10,Van De Zandschulp B.,44,117,63,54,11,11,52,43,2022-08-03,Washington,Citi Open,Outdoor,Hard,3.5,1.3,0
Khachanov K.,11,378,217,161,44,38,173,123,Koepfer D.,84,86,38,48,3,3,35,45,2022-08-03,Washington,Citi Open,Outdoor,Hard,1.36,3.2,1
Rune H.,6,131,83,48,28,9,55,39,Paire B.,149,527,237,290,39,56,198,234,2022-08-03,Washington,Citi Open,Outdoor,Hard,1.33,3.4,1
Ruusuvuori E.,55,158,79,79,16,18,63,61,Hurkacz H.,17,238,137,101,27,24,110,77,2022-08-03,Washington,Citi Open,Outdoor,Hard,2.62,1.5,1
Ymer M.,59,130,58,72,18,23,40,49,Karatsev A.,75,136,66,70,10,22,56,48,2022-08-03,Washington,Citi Open,Outdoor,Hard,2.1,1.72,1
Popyrin A.,90,140,59,81,9,13,50,68,Fritz T.,9,356,205,151,26,22,179,129,2022-08-03,Washington,Citi Open,Outdoor,Hard,5.0,1.16,0
Korda S.,26,126,75,51,15,9,60,42,Baez S.,72,95,47,48,6,6,41,42,2022-08-03,Washington,Citi Open,Outdoor,Hard,1.36,3.2,1
Dimitrov G.,20,651,389,262,79,50,310,212,Mannarino A.,27,567,264,303,60,73,204,230,2022-08-03,Washington,Citi Open,Outdoor,Hard,1.57,2.37,1
Villanueva G.,279,1,0,1,0,0,0,1,Johnson S.,197,395,196,199,16,23,180,176,2022-08-03,Los Cabos,Los Cabos Open,Outdoor,Hard,6.0,1.12,0
Kubler J.,77,53,24,29,0,1,24,28,Etcheverry T.,34,60,26,34,5,3,21,31,2022-08-03,Los Cabos,Los Cabos Open,Outdoor,Hard,1.3,3.5,1
Escobedo E.,377,57,20,37,2,2,18,35,Bagnis F.,135,121,39,82,9,8,30,74,2022-08-03,Los Cabos,Los Cabos Open,Outdoor,Hard,1.72,2.1,0
Barrientos N.,354,4,0,4,0,0,0,4,Hernandez A.,521,5,1,4,0,0,1,4,2022-08-03,Los Cabos,Los Cabos Open,Outdoor,Hard,,,0
Albot R.,97,215,86,129,26,26,60,103,Lopez F.,634,863,441,422,71,82,370,340,2022-08-03,Los Cabos,Los Cabos Open,Outdoor,Hard,1.25,4.0,1
Nakashima B.,70,106,57,49,6,5,51,44,Uchida K.,155,4,1,3,0,0,1,3,2022-08-03,Los Cabos,Los Cabos Open,Outdoor,Hard,1.08,8.0,1
Hanfmann Y.,50,99,50,49,5,4,45,45,Thompson J.,71,221,96,125,10,10,86,115,2022-08-03,Los Cabos,Los Cabos Open,Outdoor,Hard,2.37,1.57,0
Kokkinakis T.,86,124,55,69,0,4,55,65,Verdasco F.,244,962,537,425,79,79,458,346,2022-08-03,Los Cabos,Los Cabos Open,Outdoor,Hard,1.4,3.0,1
Fritz T.,9,356,205,151,26,22,179,129,Evans D.,30,251,124,127,18,16,106,111,2022-08-04,Washington,Citi Open,Outdoor,Hard,1.3,3.5,0
Ymer M.,59,130,58,72,18,23,40,49,Ruusuvuori E.,55,158,79,79,16,18,63,61,2022-08-04,Washington,Citi Open,Outdoor,Hard,3.0,1.4,1
Paul T.,14,204,111,93,19,13,92,80,Kyrgios N.,25,303,195,108,11,7,184,101,2022-08-04,Washington,Citi Open,Outdoor,Hard,3.0,1.4,0
Kudla D.,137,198,70,128,5,14,65,114,Opelka R.,17,168,88,80,17,10,71,70,2022-08-04,Washington,Citi Open,Outdoor,Hard,2.75,1.44,0
Tiafoe F.,10,303,158,145,24,23,134,122,Eubanks C.,29,64,28,36,1,3,27,33,2022-08-04,Washington,Citi Open,Outdoor,Hard,1.4,3.0,1
Nishioka Y.,31,215,99,116,15,15,84,101,Khachanov K.,11,378,217,161,44,38,173,123,2022-08-04,Washington,Citi Open,Outdoor,Hard,2.75,1.44,1
Nakashima B.,70,106,57,49,6,5,51,44,Purcell M.,78,28,9,19,0,0,9,19,2022-08-04,Los Cabos,Los Cabos Open,Outdoor,Hard,1.25,4.0,1
Hernandez A.,521,5,1,4,0,0,1,4,Auger-Aliassime F.,12,268,163,105,48,22,115,83,2022-08-04,Los Cabos,Los Cabos Open,Outdoor,Hard,19.0,1.02,0
Kubler J.,77,53,24,29,0,1,24,28,Albot R.,97,215,86,129,26,26,60,103,2022-08-04,Los Cabos,Los Cabos Open,Outdoor,Hard,1.44,2.75,0
Berankis R.,212,249,104,145,36,31,68,114,Bagnis F.,135,121,39,82,9,8,30,74,2022-08-04,Los Cabos,Los Cabos Open,Outdoor,Hard,1.5,2.62,1
Johnson S.,197,395,196,199,16,23,180,176,Kokkinakis T.,86,124,55,69,0,4,55,65,2022-08-04,Los Cabos,Los Cabos Open,Outdoor,Hard,2.37,1.57,1
Hijikata R.,110,16,7,9,0,0,7,9,Medvedev D.,3,406,289,117,69,27,220,90,2022-08-04,Los Cabos,Los Cabos Open,Outdoor,Hard,11.0,1.05,0
Tseng C. H.,108,8,2,6,0,1,2,5,Norrie C.,13,287,172,115,15,18,157,97,2022-08-04,Los Cabos,Los Cabos Open,Outdoor,Hard,7.0,1.1,0
Kecmanovic M.,40,210,107,103,12,16,95,87,Thompson J.,71,221,96,125,10,10,86,115,2022-08-04,Los Cabos,Los Cabos Open,Outdoor,Hard,1.44,2.75,1
Korda S.,26,126,75,51,15,9,60,42,Dimitrov G.,20,651,389,262,79,50,310,212,2022-08-05,Washington,Citi Open,Outdoor,Hard,1.53,2.5,1
Tiafoe F.,10,303,158,145,24,23,134,122,Van De Zandschulp B.,44,117,63,54,11,11,52,43,2022-08-05,Washington,Citi Open,Outdoor,Hard,1.66,2.2,1
Rublev A.,7,392,255,137,57,34,198,103,Cressy M.,96,96,42,54,10,11,32,43,2022-08-05,Washington,Citi Open,Outdoor,Hard,1.44,2.75,1
Rune H.,6,131,83,48,28,9,55,39,Wolf J.J.,45,75,39,36,8,6,31,30,2022-08-05,Washington,Citi Open,Outdoor,Hard,1.9,1.9,0
Albot R.,97,215,86,129,26,26,60,103,Norrie C.,13,287,172,115,15,18,157,97,2022-08-05,Los Cabos,Los Cabos Open,Outdoor,Hard,6.5,1.11,0
Berankis R.,212,249,104,145,36,31,68,114,Medvedev D.,3,406,289,117,69,27,220,90,2022-08-05,Los Cabos,Los Cabos Open,Outdoor,Hard,8.0,1.08,0
Johnson S.,197,395,196,199,16,23,180,176,Auger-Aliassime F.,12,268,163,105,48,22,115,83,2022-08-05,Los Cabos,Los Cabos Open,Outdoor,Hard,4.0,1.25,0
Nakashima B.,70,106,57,49,6,5,51,44,Kecmanovic M.,40,210,107,103,12,16,95,87,2022-08-05,Los Cabos,Los Cabos Open,Outdoor,Hard,1.8,2.0,0
Kyrgios N.,25,303,195,108,11,7,184,101,Opelka R.,17,168,88,80,17,10,71,70,2022-08-05,Washington,Citi Open,Outdoor,Hard,1.33,3.4,1
Nishioka Y.,31,215,99,116,15,15,84,101,Evans D.,30,251,124,127,18,16,106,111,2022-08-05,Washington,Citi Open,Outdoor,Hard,2.0,1.8,1
Tiafoe F.,10,303,158,145,24,23,134,122,Kyrgios N.,25,303,195,108,11,7,184,101,2022-08-06,Washington,Citi Open,Outdoor,Hard,3.2,1.36,0
Korda S.,26,126,75,51,15,9,60,42,Ymer M.,59,130,58,72,18,23,40,49,2022-08-06,Washington,Citi Open,Outdoor,Hard,1.36,3.2,0
Wolf J.J.,45,75,39,36,8,6,31,30,Rublev A.,7,392,255,137,57,34,198,103,2022-08-06,Washington,Citi Open,Outdoor,Hard,5.0,1.16,0
Auger-Aliassime F.,12,268,163,105,48,22,115,83,Norrie C.,13,287,172,115,15,18,157,97,2022-08-06,Los Cabos,Los Cabos Open,Outdoor,Hard,1.8,2.0,0
Medvedev D.,3,406,289,117,69,27,220,90,Kecmanovic M.,40,210,107,103,12,16,95,87,2022-08-06,Los Cabos,Los Cabos Open,Outdoor,Hard,1.2,4.5,1
Medvedev D.,3,406,289,117,69,27,220,90,Norrie C.,13,287,172,115,15,18,157,97,2022-08-07,Los Cabos,Los Cabos Open,Outdoor,Hard,1.33,3.4,1
Kyrgios N.,25,303,195,108,11,7,184,101,Ymer M.,59,130,58,72,18,23,40,49,2022-08-07,Washington,Citi Open,Outdoor,Hard,1.16,5.0,1
Rublev A.,7,392,255,137,57,34,198,103,Nishioka Y.,31,215,99,116,15,15,84,101,2022-08-07,Washington,Citi Open,Outdoor,Hard,1.2,4.5,0
Nishioka Y.,31,215,99,116,15,15,84,101,Kyrgios N.,25,303,195,108,11,7,184,101,2022-08-07,Washington,Citi Open,Outdoor,Hard,5.0,1.16,0
Ruusuvuori E.,55,158,79,79,16,18,63,61,Wawrinka S.,72,854,535,319,84,69,451,250,2022-08-08,Montreal,Canadian Open,Outdoor,Hard,1.3,3.5,1
Brooksby J.,39,79,46,33,6,5,40,28,Bublik A.,25,219,110,109,39,30,71,79,2022-08-08,Montreal,Canadian Open,Outdoor,Hard,1.57,2.37,1
Cerundolo F.,21,104,58,46,3,7,55,39,Khachanov K.,11,378,217,161,44,38,173,123,2022-08-08,Montreal,Canadian Open,Outdoor,Hard,2.75,1.44,0
Molcan A.,120,86,45,41,1,6,44,35,Mcdonald M.,60,190,87,103,11,15,76,88,2022-08-08,Montreal,Canadian Open,Outdoor,Hard,2.2,1.66,1
De Minaur A.,19,272,161,111,30,19,131,92,Shapovalov D.,29,298,166,132,30,27,136,105,2022-08-09,Montreal,Canadian Open,Outdoor,Hard,1.66,2.2,1
Paire B.,149,527,237,290,39,56,198,234,Nishioka Y.,31,215,99,116,15,15,84,101,2022-08-09,Montreal,Canadian Open,Outdoor,Hard,2.37,1.57,0
Norrie C.,13,287,172,115,15,18,157,97,Nakashima B.,70,106,57,49,6,5,51,44,2022-08-09,Montreal,Canadian Open,Outdoor,Hard,1.5,2.62,1
Bautista Agut R.,25,379,234,145,31,29,203,116,Giron M.,69,150,68,82,20,14,48,68,2022-08-09,Montreal,Canadian Open,Outdoor,Hard,1.3,3.5,1
Tiafoe F.,10,303,158,145,24,23,134,122,Bonzi B.,107,83,37,46,10,13,27,33,2022-08-09,Montreal,Canadian Open,Outdoor,Hard,1.44,2.75,1
Fognini F.,128,742,383,359,39,48,344,311,Rune H.,6,131,83,48,28,9,55,39,2022-08-09,Montreal,Canadian Open,Outdoor,Hard,2.1,1.72,0
Kyrgios N.,25,303,195,108,11,7,184,101,Baez S.,72,95,47,48,6,6,41,42,2022-08-09,Montreal,Canadian Open,Outdoor,Hard,1.16,5.0,1
Gaston H.,109,58,24,34,5,9,19,25,Draper J.,55,51,29,22,2,3,27,19,2022-08-09,Montreal,Canadian Open,Outdoor,Hard,3.4,1.33,0
Dimitrov G.,20,651,389,262,79,50,310,212,Galarneau A.,237,1,0,1,0,0,0,1,2022-08-09,Montreal,Canadian Open,Outdoor,Hard,1.14,5.5,1
Mannarino A.,27,567,264,303,60,73,204,230,Rinderknech A.,67,96,46,50,16,12,30,38,2022-08-09,Montreal,Canadian Open,Outdoor,Hard,1.66,2.2,1
Krajinovic F.,93,240,115,125,38,34,77,91,Evans D.,30,251,124,127,18,16,106,111,2022-08-09,Montreal,Canadian Open,Outdoor,Hard,2.2,1.66,0
Monfils G.,323,816,510,306,131,65,379,241,Martinez P.,135,118,50,68,7,6,43,62,2022-08-09,Montreal,Canadian Open,Outdoor,Hard,1.57,2.37,1
Cilic M.,100,853,543,310,119,65,424,245,Coric B.,15,343,185,158,28,28,157,130,2022-08-09,Montreal,Canadian Open,Outdoor,Hard,1.5,2.62,1
Karatsev A.,75,136,66,70,10,22,56,48,Cressy M.,96,96,42,54,10,11,32,43,2022-08-09,Montreal,Canadian Open,Outdoor,Hard,2.37,1.57,0
Pospisil V.,99,280,122,158,39,34,83,124,Paul T.,14,204,111,93,19,13,92,80,2022-08-09,Montreal,Canadian Open,Outdoor,Hard,4.0,1.25,0
Carreno Busta P.,16,352,214,138,33,25,181,113,Berrettini M.,38,217,142,75,14,11,128,64,2022-08-09,Montreal,Canadian Open,Outdoor,Hard,3.2,1.36,1
Ramos-Vinolas A.,82,437,204,233,17,31,187,202,Schwartzman D.,95,428,233,195,32,27,201,168,2022-08-10,Montreal,Canadian Open,Outdoor,Hard,3.0,1.4,1
Fritz T.,9,356,205,151,26,22,179,129,Tiafoe F.,10,303,158,145,24,23,134,122,2022-08-10,Montreal,Canadian Open,Outdoor,Hard,1.44,2.75,1
Monfils G.,323,816,510,306,131,65,379,241,Cressy M.,96,96,42,54,10,11,32,43,2022-08-10,Montreal,Canadian Open,Outdoor,Hard,2.1,1.72,1
Dimitrov G.,20,651,389,262,79,50,310,212,De Minaur A.,19,272,161,111,30,19,131,92,2022-08-10,Montreal,Canadian Open,Outdoor,Hard,2.62,1.5,0
Cilic M.,100,853,543,310,119,65,424,245,Khachanov K.,11,378,217,161,44,38,173,123,2022-08-10,Montreal,Canadian Open,Outdoor,Hard,2.0,1.8,1
Medvedev D.,3,406,289,117,69,27,220,90,Kyrgios N.,25,303,195,108,11,7,184,101,2022-08-10,Montreal,Canadian Open,Outdoor,Hard,1.5,2.62,0
Mannarino A.,27,567,264,303,60,73,204,230,Sinner J.,8,224,153,71,42,19,111,52,2022-08-10,Montreal,Canadian Open,Outdoor,Hard,6.0,1.12,0
Carreno Busta P.,16,352,214,138,33,25,181,113,Rune H.,6,131,83,48,28,9,55,39,2022-08-10,Montreal,Canadian Open,Outdoor,Hard,1.44,2.75,1
Van De Zandschulp B.,44,117,63,54,11,11,52,43,Norrie C.,13,287,172,115,15,18,157,97,2022-08-10,Montreal,Canadian Open,Outdoor,Hard,3.0,1.4,0
Ruud C.,4,275,176,99,19,16,157,83,Molcan A.,120,86,45,41,1,6,44,35,2022-08-10,Montreal,Canadian Open,Outdoor,Hard,1.33,3.4,1
Paul T.,14,204,111,93,19,13,92,80,Alcaraz C.,1,164,130,34,10,5,120,29,2022-08-10,Montreal,Canadian Open,Outdoor,Hard,4.5,1.2,1
Ruusuvuori E.,55,158,79,79,16,18,63,61,Hurkacz H.,17,238,137,101,27,24,110,77,2022-08-10,Montreal,Canadian Open,Outdoor,Hard,2.5,1.53,0
Goffin D.,123,522,296,226,66,52,230,174,Ramos-Vinolas A.,82,437,204,233,17,31,187,202,2022-08-10,Montreal,Canadian Open,Outdoor,Hard,1.4,3.0,0
Schwartzman D.,95,428,233,195,32,27,201,168,Davidovich Fokina A.,39,168,84,84,17,20,67,64,2022-08-10,Montreal,Canadian Open,Outdoor,Hard,1.8,2.0,1
Kecmanovic M.,40,210,107,103,12,16,95,87,Van De Zandschulp B.,44,117,63,54,11,11,52,43,2022-08-10,Montreal,Canadian Open,Outdoor,Hard,1.66,2.2,0
Murray A.,44,932,687,245,132,47,555,198,Fritz T.,9,356,205,151,26,22,179,129,2022-08-10,Montreal,Canadian Open,Outdoor,Hard,3.0,1.4,0
Brooksby J.,39,79,46,33,6,5,40,28,Bautista Agut R.,25,379,234,145,31,29,203,116,2022-08-10,Montreal,Canadian Open,Outdoor,Hard,2.1,1.72,0
Evans D.,30,251,124,127,18,16,106,111,Fritz T.,9,356,205,151,26,22,179,129,2022-08-11,Montreal,Canadian Open,Outdoor,Hard,2.75,1.44,1
Norrie C.,13,287,172,115,15,18,157,97,Auger-Aliassime F.,12,268,163,105,48,22,115,83,2022-08-11,Montreal,Canadian Open,Outdoor,Hard,2.1,1.72,0
Hurkacz H.,17,238,137,101,27,24,110,77,Ramos-Vinolas A.,82,437,204,233,17,31,187,202,2022-08-11,Montreal,Canadian Open,Outdoor,Hard,1.16,5.0,1
De Minaur A.,19,272,161,111,30,19,131,92,Kyrgios N.,25,303,195,108,11,7,184,101,2022-08-11,Montreal,Canadian Open,Outdoor,Hard,3.0,1.4,0
Draper J.,55,51,29,22,2,3,27,19,Tsitsipas S.,5,390,264,126,49,32,215,94,2022-08-11,Montreal,Canadian Open,Outdoor,Hard,3.75,1.28,1
Auger-Aliassime F.,12,268,163,105,48,22,115,83,Nishioka Y.,31,215,99,116,15,15,84,101,2022-08-11,Montreal,Canadian Open,Outdoor,Hard,1.33,3.4,1
Evans D.,30,251,124,127,18,16,106,111,Rublev A.,7,392,255,137,57,34,198,103,2022-08-11,Montreal,Canadian Open,Outdoor,Hard,3.4,1.33,1
Ruud C.,4,275,176,99,19,16,157,83,Bautista Agut R.,25,379,234,145,31,29,203,116,2022-08-11,Montreal,Canadian Open,Outdoor,Hard,1.72,2.1,1
Auger-Aliassime F.,12,268,163,105,48,22,115,83,Ruud C.,4,275,176,99,19,16,157,83,2022-08-12,Montreal,Canadian Open,Outdoor,Hard,1.53,2.5,0
Hurkacz H.,17,238,137,101,27,24,110,77,Kyrgios N.,25,303,195,108,11,7,184,101,2022-08-12,Montreal,Canadian Open,Outdoor,Hard,3.5,1.3,1
Paul T.,14,204,111,93,19,13,92,80,Evans D.,30,251,124,127,18,16,106,111,2022-08-12,Montreal,Canadian Open,Outdoor,Hard,1.57,2.37,0
Cilic M.,100,853,543,310,119,65,424,245,Paul T.,14,204,111,93,19,13,92,80,2022-08-12,Montreal,Canadian Open,Outdoor,Hard,1.66,2.2,0
Monfils G.,323,816,510,306,131,65,379,241,Draper J.,55,51,29,22,2,3,27,19,2022-08-12,Montreal,Canadian Open,Outdoor,Hard,1.72,2.1,0
Carreno Busta P.,16,352,214,138,33,25,181,113,Sinner J.,8,224,153,71,42,19,111,52,2022-08-12,Montreal,Canadian Open,Outdoor,Hard,2.62,1.5,1
Carreno Busta P.,16,352,214,138,33,25,181,113,Draper J.,55,51,29,22,2,3,27,19,2022-08-13,Montreal,Canadian Open,Outdoor,Hard,1.4,3.0,1
Hurkacz H.,17,238,137,101,27,24,110,77,Ruud C.,4,275,176,99,19,16,157,83,2022-08-13,Montreal,Canadian Open,Outdoor,Hard,1.9,1.9,1
Evans D.,30,251,124,127,18,16,106,111,Carreno Busta P.,16,352,214,138,33,25,181,113,2022-08-14,Montreal,Canadian Open,Outdoor,Hard,2.75,1.44,0
Hurkacz H.,17,238,137,101,27,24,110,77,Carreno Busta P.,16,352,214,138,33,25,181,113,2022-08-14,Montreal,Canadian Open,Outdoor,Hard,1.57,2.37,0
Cressy M.,96,96,42,54,10,11,32,43,Van De Zandschulp B.,44,117,63,54,11,11,52,43,2022-08-14,Cincinnati,Western & Southern Financial Group Masters,Outdoor,Hard,2.1,1.72,0
Rune H.,6,131,83,48,28,9,55,39,Norrie C.,13,287,172,115,15,18,157,97,2022-08-15,Cincinnati,Western & Southern Financial Group Masters,Outdoor,Hard,4.0,1.25,0
Goffin D.,123,522,296,226,66,52,230,174,Giron M.,69,150,68,82,20,14,48,68,2022-08-15,Cincinnati,Western & Southern Financial Group Masters,Outdoor,Hard,1.66,2.2,0
Murray A.,44,932,687,245,132,47,555,198,Wawrinka S.,72,854,535,319,84,69,451,250,2022-08-15,Cincinnati,Western & Southern Financial Group Masters,Outdoor,Hard,1.5,2.62,1
Isner J.,114,755,465,290,53,45,412,245,Bonzi B.,107,83,37,46,10,13,27,33,2022-08-15,Cincinnati,Western & Southern Financial Group Masters,Outdoor,Hard,1.61,2.3,1
Cilic M.,100,853,543,310,119,65,424,245,Munar J.,104,178,75,103,7,12,68,91,2022-08-15,Cincinnati,Western & Southern Financial Group Masters,Outdoor,Hard,1.4,3.0,1
Cerundolo F.,21,104,58,46,3,7,55,39,Bautista Agut R.,25,379,234,145,31,29,203,116,2022-08-15,Cincinnati,Western & Southern Financial Group Masters,Outdoor,Hard,3.2,1.36,0
Nakashima B.,70,106,57,49,6,5,51,44,Karatsev A.,75,136,66,70,10,22,56,48,2022-08-15,Cincinnati,Western & Southern Financial Group Masters,Outdoor,Hard,1.44,2.75,0
Molcan A.,120,86,45,41,1,6,44,35,Schwartzman D.,95,428,233,195,32,27,201,168,2022-08-15,Cincinnati,Western & Southern Financial Group Masters,Outdoor,Hard,2.2,1.66,0
Ruusuvuori E.,55,158,79,79,16,18,63,61,Wolf J.J.,45,75,39,36,8,6,31,30,2022-08-15,Cincinnati,Western & Southern Financial Group Masters,Outdoor,Hard,1.53,2.5,1
Mcdonald M.,60,190,87,103,11,15,76,88,Basilashvili N.,118,301,138,163,26,34,112,129,2022-08-15,Cincinnati,Western & Southern Financial Group Masters,Outdoor,Hard,1.36,3.2,1
Sonego L.,43,221,107,114,19,17,88,97,Shelton B.,43,34,13,21,0,0,13,21,2022-08-16,Cincinnati,Western & Southern Financial Group Masters,Outdoor,Hard,1.57,2.37,0
Baez S.,72,95,47,48,6,6,41,42,Fritz T.,9,356,205,151,26,22,179,129,2022-08-16,Cincinnati,Western & Southern Financial Group Masters,Outdoor,Hard,5.0,1.16,0
Kyrgios N.,25,303,195,108,11,7,184,101,Davidovich Fokina A.,39,168,84,84,17,20,67,64,2022-08-16,Cincinnati,Western & Southern Financial Group Masters,Outdoor,Hard,1.2,4.5,1
Kecmanovic M.,40,210,107,103,12,16,95,87,Carreno Busta P.,16,352,214,138,33,25,181,113,2022-08-16,Cincinnati,Western & Southern Financial Group Masters,Outdoor,Hard,2.1,1.72,1
Ramos-Vinolas A.,82,437,204,233,17,31,187,202,Fognini F.,128,742,383,359,39,48,344,311,2022-08-16,Cincinnati,Western & Southern Financial Group Masters,Outdoor,Hard,1.72,2.1,0
De Minaur A.,19,272,161,111,30,19,131,92,Laaksonen H.,125,101,37,64,7,16,30,48,2022-08-16,Cincinnati,Western & Southern Financial Group Masters,Outdoor,Hard,1.07,9.0,1
Kokkinakis T.,86,124,55,69,0,4,55,65,Sinner J.,8,224,153,71,42,19,111,52,2022-08-16,Cincinnati,Western & Southern Financial Group Masters,Outdoor,Hard,4.5,1.2,0
Coric B.,15,343,185,158,28,28,157,130,Musetti L.,18,143,79,64,12,12,67,52,2022-08-16,Cincinnati,Western & Southern Financial Group Masters,Outdoor,Hard,2.37,1.57,1
Dimitrov G.,20,651,389,262,79,50,310,212,Shapovalov D.,29,298,166,132,30,27,136,105,2022-08-16,Cincinnati,Western & Southern Financial Group Masters,Outdoor,Hard,1.72,2.1,0
Berrettini M.,38,217,142,75,14,11,128,64,Tiafoe F.,10,303,158,145,24,23,134,122,2022-08-16,Cincinnati,Western & Southern Financial Group Masters,Outdoor,Hard,1.57,2.37,0
Korda S.,26,126,75,51,15,9,60,42,Khachanov K.,11,378,217,161,44,38,173,123,2022-08-16,Cincinnati,Western & Southern Financial Group Masters,Outdoor,Hard,1.72,2.1,1
Brooksby J.,39,79,46,33,6,5,40,28,Paul T.,14,204,111,93,19,13,92,80,2022-08-16,Cincinnati,Western & Southern Financial Group Masters,Outdoor,Hard,2.1,1.72,0
Isner J.,114,755,465,290,53,45,412,245,Hurkacz H.,17,238,137,101,27,24,110,77,2022-08-17,Cincinnati,Western & Southern Financial Group Masters,Outdoor,Hard,2.62,1.5,1
Bautista Agut R.,25,379,234,145,31,29,203,116,Giron M.,69,150,68,82,20,14,48,68,2022-08-17,Cincinnati,Western & Southern Financial Group Masters,Outdoor,Hard,1.4,3.0,1
Krajinovic F.,93,240,115,125,38,34,77,91,Tsitsipas S.,5,390,264,126,49,32,215,94,2022-08-17,Cincinnati,Western & Southern Financial Group Masters,Outdoor,Hard,4.0,1.25,0
Fritz T.,9,356,205,151,26,22,179,129,Kyrgios N.,25,303,195,108,11,7,184,101,2022-08-17,Cincinnati,Western & Southern Financial Group Masters,Outdoor,Hard,2.1,1.72,1
Kecmanovic M.,40,210,107,103,12,16,95,87,Sinner J.,8,224,153,71,42,19,111,52,2022-08-17,Cincinnati,Western & Southern Financial Group Masters,Outdoor,Hard,3.2,1.36,0
Paul T.,14,204,111,93,19,13,92,80,Shapovalov D.,29,298,166,132,30,27,136,105,2022-08-17,Cincinnati,Western & Southern Financial Group Masters,Outdoor,Hard,1.53,2.5,0
Rublev A.,7,392,255,137,57,34,198,103,Fognini F.,128,742,383,359,39,48,344,311,2022-08-17,Cincinnati,Western & Southern Financial Group Masters,Outdoor,Hard,1.2,4.5,1
Shelton B.,43,34,13,21,0,0,13,21,Ruud C.,4,275,176,99,19,16,157,83,2022-08-17,Cincinnati,Western & Southern Financial Group Masters,Outdoor,Hard,4.5,1.2,1
De Minaur A.,19,272,161,111,30,19,131,92,Auger-Aliassime F.,12,268,163,105,48,22,115,83,2022-08-17,Cincinnati,Western & Southern Financial Group Masters,Outdoor,Hard,2.1,1.72,0
Karatsev A.,75,136,66,70,10,22,56,48,Schwartzman D.,95,428,233,195,32,27,201,168,2022-08-17,Cincinnati,Western & Southern Financial Group Masters,Outdoor,Hard,1.9,1.9,0
Van De Zandschulp B.,44,117,63,54,11,11,52,43,Medvedev D.,3,406,289,117,69,27,220,90,2022-08-17,Cincinnati,Western & Southern Financial Group Masters,Outdoor,Hard,5.5,1.14,0
Ruusuvuori E.,55,158,79,79,16,18,63,61,Cilic M.,100,853,543,310,119,65,424,245,2022-08-17,Cincinnati,Western & Southern Financial Group Masters,Outdoor,Hard,2.37,1.57,0
Mcdonald M.,60,190,87,103,11,15,76,88,Alcaraz C.,1,164,130,34,10,5,120,29,2022-08-17,Cincinnati,Western & Southern Financial Group Masters,Outdoor,Hard,6.0,1.12,0
Krajinovic F.,93,240,115,125,38,34,77,91,Evans D.,30,251,124,127,18,16,106,111,2022-08-17,Cincinnati,Western & Southern Financial Group Masters,Outdoor,Hard,2.37,1.57,1
Norrie C.,13,287,172,115,15,18,157,97,Murray A.,44,932,687,245,132,47,555,198,2022-08-17,Cincinnati,Western & Southern Financial Group Masters,Outdoor,Hard,1.36,3.2,1
Nadal R.,2,1223,1017,206,76,40,941,166,Coric B.,15,343,185,158,28,28,157,130,2022-08-18,Cincinnati,Western & Southern Financial Group Masters,Outdoor,Hard,1.14,5.5,0
Korda S.,26,126,75,51,15,9,60,42,Tiafoe F.,10,303,158,145,24,23,134,122,2022-08-18,Cincinnati,Western & Southern Financial Group Masters,Outdoor,Hard,2.1,1.72,1
Fritz T.,9,356,205,151,26,22,179,129,Rublev A.,7,392,255,137,57,34,198,103,2022-08-18,Cincinnati,Western & Southern Financial Group Masters,Outdoor,Hard,1.44,2.75,1
Shapovalov D.,29,298,166,132,30,27,136,105,Medvedev D.,3,406,289,117,69,27,220,90,2022-08-18,Cincinnati,Western & Southern Financial Group Masters,Outdoor,Hard,4.33,1.22,0
Tsitsipas S.,5,390,264,126,49,32,215,94,Schwartzman D.,95,428,233,195,32,27,201,168,2022-08-18,Cincinnati,Western & Southern Financial Group Masters,Outdoor,Hard,1.28,3.75,1
Coric B.,15,343,185,158,28,28,157,130,Bautista Agut R.,25,379,234,145,31,29,203,116,2022-08-18,Cincinnati,Western & Southern Financial Group Masters,Outdoor,Hard,2.75,1.44,1
Isner J.,114,755,465,290,53,45,412,245,Korda S.,26,126,75,51,15,9,60,42,2022-08-18,Cincinnati,Western & Southern Financial Group Masters,Outdoor,Hard,2.37,1.57,1
Isner J.,114,755,465,290,53,45,412,245,Tsitsipas S.,5,390,264,126,49,32,215,94,2022-08-19,Cincinnati,Western & Southern Financial Group Masters,Outdoor,Hard,3.2,1.36,0
Fritz T.,9,356,205,151,26,22,179,129,Medvedev D.,3,406,289,117,69,27,220,90,2022-08-19,Cincinnati,Western & Southern Financial Group Masters,Outdoor,Hard,2.75,1.44,0
Alcaraz C.,1,164,130,34,10,5,120,29,Cilic M.,100,853,543,310,119,65,424,245,2022-08-19,Cincinnati,Western & Southern Financial Group Masters,Outdoor,Hard,1.25,4.0,1
Sinner J.,8,224,153,71,42,19,111,52,Auger-Aliassime F.,12,268,163,105,48,22,115,83,2022-08-19,Cincinnati,Western & Southern Financial Group Masters,Outdoor,Hard,1.8,2.0,0
Shelton B.,43,34,13,21,0,0,13,21,Norrie C.,13,287,172,115,15,18,157,97,2022-08-19,Cincinnati,Western & Southern Financial Group Masters,Outdoor,Hard,3.0,1.4,0
Coric B.,15,343,185,158,28,28,157,130,Auger-Aliassime F.,12,268,163,105,48,22,115,83,2022-08-20,Cincinnati,Western & Southern Financial Group Masters,Outdoor,Hard,2.62,1.5,1
Norrie C.,13,287,172,115,15,18,157,97,Alcaraz C.,1,164,130,34,10,5,120,29,2022-08-20,Cincinnati,Western & Southern Financial Group Masters,Outdoor,Hard,3.5,1.3,1
Coric B.,15,343,185,158,28,28,157,130,Norrie C.,13,287,172,115,15,18,157,97,2022-08-21,Cincinnati,Western & Southern Financial Group Masters,Outdoor,Hard,2.2,1.66,1
Tsitsipas S.,5,390,264,126,49,32,215,94,Medvedev D.,3,406,289,117,69,27,220,90,2022-08-21,Cincinnati,Western & Southern Financial Group Masters,Outdoor,Hard,3.4,1.33,1
Tsitsipas S.,5,390,264,126,49,32,215,94,Coric B.,15,343,185,158,28,28,157,130,2022-08-21,Cincinnati,Western & Southern Financial Group Masters,Outdoor,Hard,1.57,2.37,0
Majchrzak K.,121,50,19,31,3,4,16,27,Gasquet R.,48,948,581,367,133,82,448,285,2022-08-21,Winston-Salem,Winston-Salem Open at Wake Forest University,Outdoor,Hard,3.2,1.36,0
Kwon S.W.,68,108,53,55,12,6,41,49,Altmaier D.,51,79,28,51,1,5,27,46,2022-08-21,Winston-Salem,Winston-Salem Open at Wake Forest University,Outdoor,Hard,1.57,2.37,1
Kudla D.,137,198,70,128,5,14,65,114,Monteiro T.,121,171,69,102,9,11,60,91,2022-08-21,Winston-Salem,Winston-Salem Open at Wake Forest University,Outdoor,Hard,1.72,2.1,0
Mannarino A.,27,567,264,303,60,73,204,230,O Connell C.,74,65,26,39,0,0,26,39,2022-08-22,Winston-Salem,Winston-Salem Open at Wake Forest University,Outdoor,Hard,1.9,1.9,1
Johnson S.,197,395,196,199,16,23,180,176,Nava E.,242,13,2,11,0,0,2,11,2022-08-22,Winston-Salem,Winston-Salem Open at Wake Forest University,Outdoor,Hard,1.5,2.62,1
Fucsovics M.,67,249,121,128,26,24,95,104,Tseng C.H.,145,9,1,8,0,0,1,8,2022-08-22,Winston-Salem,Winston-Salem Open at Wake Forest University,Outdoor,Hard,1.8,2.0,0
Coria F.,108,99,43,56,2,6,41,50,Ymer M.,59,130,58,72,18,23,40,49,2022-08-22,Winston-Salem,Winston-Salem Open at Wake Forest University,Outdoor,Hard,4.5,1.2,0
Tabilo A.,122,44,21,23,5,4,16,19,Mochizuki S.,200,8,0,8,0,1,0,7,2022-08-22,Winston-Salem,Winston-Salem Open at Wake Forest University,Outdoor,Hard,1.4,3.0,1
Griekspoor T.,37,97,47,50,7,14,40,36,Daniel T.,111,178,67,111,3,10,64,101,2022-08-22,Winston-Salem,Winston-Salem Open at Wake Forest University,Outdoor,Hard,,,1
Lehecka J.,33,61,30,31,4,4,26,27,Gojowczyk P.,108,172,75,97,17,18,58,79,2022-08-22,Winston-Salem,Winston-Salem Open at Wake Forest University,Outdoor,Hard,1.4,3.0,0
Gaston H.,109,58,24,34,5,9,19,25,Millman J.,140,256,113,143,21,22,92,121,2022-08-22,Winston-Salem,Winston-Salem Open at Wake Forest University,Outdoor,Hard,2.5,1.53,0
Goffin D.,123,522,296,226,66,52,230,174,Djere L.,38,243,120,123,10,22,110,101,2022-08-22,Winston-Salem,Winston-Salem Open at Wake Forest University,Outdoor,Hard,1.33,3.4,0
Duckworth J.,123,143,55,88,10,9,45,79,Kokkinakis T.,86,124,55,69,0,4,55,65,2022-08-22,Winston-Salem,Winston-Salem Open at Wake Forest University,Outdoor,Hard,3.2,1.36,1
Edmund K.,473,233,113,120,19,10,94,110,Bonzi B.,107,83,37,46,10,13,27,33,2022-08-23,Winston-Salem,Winston-Salem Open at Wake Forest University,Outdoor,Hard,3.75,1.28,0
Martinez P.,135,118,50,68,7,6,43,62,Johnson S.,197,395,196,199,16,23,180,176,2022-08-23,Winston-Salem,Winston-Salem Open at Wake Forest University,Outdoor,Hard,2.3,1.61,0
Mannarino A.,27,567,264,303,60,73,204,230,Ruusuvuori E.,55,158,79,79,16,18,63,61,2022-08-23,Winston-Salem,Winston-Salem Open at Wake Forest University,Outdoor,Hard,2.75,1.44,1
Duckworth J.,123,143,55,88,10,9,45,79,Cressy M.,96,96,42,54,10,11,32,43,2022-08-23,Winston-Salem,Winston-Salem Open at Wake Forest University,Outdoor,Hard,2.75,1.44,0
Millman J.,140,256,113,143,21,22,92,121,Ramos-Vinolas A.,82,437,204,233,17,31,187,202,2022-08-23,Winston-Salem,Winston-Salem Open at Wake Forest University,Outdoor,Hard,1.61,2.3,0
Kwon S.W.,68,108,53,55,12,6,41,49,Kubler J.,77,53,24,29,0,1,24,28,2022-08-23,Winston-Salem,Winston-Salem Open at Wake Forest University,Outdoor,Hard,2.1,1.72,0
Djere L.,38,243,120,123,10,22,110,101,Sousa J.,147,436,189,247,42,44,147,203,2022-08-23,Winston-Salem,Winston-Salem Open at Wake Forest University,Outdoor,Hard,1.61,2.3,1
Ivashka I.,113,159,78,81,19,18,59,63,Gojowczyk P.,108,172,75,97,17,18,58,79,2022-08-23,Winston-Salem,Winston-Salem Open at Wake Forest University,Outdoor,Hard,1.2,4.5,1
Gasquet R.,48,948,581,367,133,82,448,285,Musetti L.,18,143,79,64,12,12,67,52,2022-08-23,Winston-Salem,Winston-Salem Open at Wake Forest University,Outdoor,Hard,2.37,1.57,1
Monteiro T.,121,171,69,102,9,11,60,91,Basilashvili N.,118,301,138,163,26,34,112,129,2022-08-23,Winston-Salem,Winston-Salem Open at Wake Forest University,Outdoor,Hard,1.44,2.75,1
Fognini F.,128,742,383,359,39,48,344,311,Lajovic D.,66,378,163,215,21,36,142,179,2022-08-23,Winston-Salem,Winston-Salem Open at Wake Forest University,Outdoor,Hard,1.57,2.37,1
Edmund K.,473,233,113,120,19,10,94,110,Pervolarakis M.,377,1,0,1,0,0,0,1,2022-08-23,Winston-Salem,Winston-Salem Open at Wake Forest University,Outdoor,Hard,1.2,4.5,1
Thiem D.,116,517,327,190,53,39,274,151,Wolf J.J.,45,75,39,36,8,6,31,30,2022-08-23,Winston-Salem,Winston-Salem Open at Wake Forest University,Outdoor,Hard,1.8,2.0,1
Sonego L.,43,221,107,114,19,17,88,97,Cressy M.,96,96,42,54,10,11,32,43,2022-08-24,Winston-Salem,Winston-Salem Open at Wake Forest University,Outdoor,Hard,2.37,1.57,0
Van De Zandschulp B.,44,117,63,54,11,11,52,43,Munar J.,104,178,75,103,7,12,68,91,2022-08-24,Winston-Salem,Winston-Salem Open at Wake Forest University,Outdoor,Hard,1.57,2.37,1
Ramos-Vinolas A.,82,437,204,233,17,31,187,202,Mannarino A.,27,567,264,303,60,73,204,230,2022-08-24,Winston-Salem,Winston-Salem Open at Wake Forest University,Outdoor,Hard,2.1,1.72,0
Johnson S.,197,395,196,199,16,23,180,176,Gasquet R.,48,948,581,367,133,82,448,285,2022-08-24,Winston-Salem,Winston-Salem Open at Wake Forest University,Outdoor,Hard,1.9,1.9,0
Tabilo A.,122,44,21,23,5,4,16,19,Sonego L.,43,221,107,114,19,17,88,97,2022-08-24,Winston-Salem,Winston-Salem Open at Wake Forest University,Outdoor,Hard,3.4,1.33,0
Kubler J.,77,53,24,29,0,1,24,28,Djere L.,38,243,120,123,10,22,110,101,2022-08-24,Winston-Salem,Winston-Salem Open at Wake Forest University,Outdoor,Hard,1.53,2.5,0
Van De Zandschulp B.,44,117,63,54,11,11,52,43,Griekspoor T.,37,97,47,50,7,14,40,36,2022-08-24,Winston-Salem,Winston-Salem Open at Wake Forest University,Outdoor,Hard,1.53,2.5,1
Ymer M.,59,130,58,72,18,23,40,49,Huesler M.A.,88,58,21,37,8,8,13,29,2022-08-24,Winston-Salem,Winston-Salem Open at Wake Forest University,Outdoor,Hard,1.36,3.2,0
Draper J.,55,51,29,22,2,3,27,19,Fognini F.,128,742,383,359,39,48,344,311,2022-08-24,Winston-Salem,Winston-Salem Open at Wake Forest University,Outdoor,Hard,1.44,2.75,1
Thiem D.,116,517,327,190,53,39,274,151,Dimitrov G.,20,651,389,262,79,50,310,212,2022-08-24,Winston-Salem,Winston-Salem Open at Wake Forest University,Outdoor,Hard,2.3,1.61,1
Munar J.,104,178,75,103,7,12,68,91,Tseng C.H.,145,9,1,8,0,0,1,8,2022-08-24,Winston-Salem,Winston-Salem Open at Wake Forest University,Outdoor,Hard,1.53,2.5,1
Monteiro T.,121,171,69,102,9,11,60,91,Bonzi B.,107,83,37,46,10,13,27,33,2022-08-25,Winston-Salem,Winston-Salem Open at Wake Forest University,Outdoor,Hard,2.5,1.53,0
Draper J.,55,51,29,22,2,3,27,19,Thiem D.,116,517,327,190,53,39,274,151,2022-08-25,Winston-Salem,Winston-Salem Open at Wake Forest University,Outdoor,Hard,1.5,2.62,1
Huesler M.A.,88,58,21,37,8,8,13,29,Ivashka I.,113,159,78,81,19,18,59,63,2022-08-25,Winston-Salem,Winston-Salem Open at Wake Forest University,Outdoor,Hard,3.75,1.28,1
Mannarino A.,27,567,264,303,60,73,204,230,Cressy M.,96,96,42,54,10,11,32,43,2022-08-25,Winston-Salem,Winston-Salem Open at Wake Forest University,Outdoor,Hard,2.37,1.57,1
Van De Zandschulp B.,44,117,63,54,11,11,52,43,Bonzi B.,107,83,37,46,10,13,27,33,2022-08-25,Winston-Salem,Winston-Salem Open at Wake Forest University,Outdoor,Hard,1.5,2.62,1
Djere L.,38,243,120,123,10,22,110,101,Gasquet R.,48,948,581,367,133,82,448,285,2022-08-26,Winston-Salem,Winston-Salem Open at Wake Forest University,Outdoor,Hard,2.1,1.72,1
Huesler M.A.,88,58,21,37,8,8,13,29,Draper J.,55,51,29,22,2,3,27,19,2022-08-26,Winston-Salem,Winston-Salem Open at Wake Forest University,Outdoor,Hard,3.2,1.36,1
Djere L.,38,243,120,123,10,22,110,101,Mannarino A.,27,567,264,303,60,73,204,230,2022-08-27,Winston-Salem,Winston-Salem Open at Wake Forest University,Outdoor,Hard,2.75,1.44,0
Djere L.,38,243,120,123,10,22,110,101,Huesler M.A.,88,58,21,37,8,8,13,29,2022-08-27,Winston-Salem,Winston-Salem Open at Wake Forest University,Outdoor,Hard,2.2,1.66,1
Mannarino A.,27,567,264,303,60,73,204,230,Van De Zandschulp B.,44,117,63,54,11,11,52,43,2022-08-27,Winston-Salem,Winston-Salem Open at Wake Forest University,Outdoor,Hard,2.62,1.5,1
Moutet C.,80,118,50,68,5,11,45,57,Wawrinka S.,72,854,535,319,84,69,451,250,2022-08-29,New York,US Open,Outdoor,Hard,1.8,2.0,1
Ruusuvuori E.,55,158,79,79,16,18,63,61,Draper J.,55,51,29,22,2,3,27,19,2022-08-29,New York,US Open,Outdoor,Hard,1.8,2.0,0
Sonego L.,43,221,107,114,19,17,88,97,Thompson J.,71,221,96,125,10,10,86,115,2022-08-29,New York,US Open,Outdoor,Hard,1.5,2.62,0
Bublik A.,25,219,110,109,39,30,71,79,Gaston H.,109,58,24,34,5,9,19,25,2022-08-29,New York,US Open,Outdoor,Hard,1.36,3.2,1
Van De Zandschulp B.,44,117,63,54,11,11,52,43,Machac T.,108,18,6,12,1,1,5,11,2022-08-29,New York,US Open,Outdoor,Hard,1.4,3.0,1
Molcan A.,120,86,45,41,1,6,44,35,Monteiro T.,121,171,69,102,9,11,60,91,2022-08-29,New York,US Open,Outdoor,Hard,1.53,2.5,0
Garin C.,101,190,103,87,15,13,88,74,Lehecka J.,33,61,30,31,4,4,26,27,2022-08-29,New York,US Open,Outdoor,Hard,2.0,1.8,1
Ritschard A.,163,9,3,6,1,1,2,5,Auger-Aliassime F.,12,268,163,105,48,22,115,83,2022-08-29,New York,US Open,Outdoor,Hard,13.0,1.04,0
De Minaur A.,19,272,161,111,30,19,131,92,Krajinovic F.,93,240,115,125,38,34,77,91,2022-08-29,New York,US Open,Outdoor,Hard,1.25,4.0,1
Thiem D.,116,517,327,190,53,39,274,151,Carreno Busta P.,16,352,214,138,33,25,181,113,2022-08-29,New York,US Open,Outdoor,Hard,4.33,1.22,0
Khachanov K.,11,378,217,161,44,38,173,123,Kudla D.,137,198,70,128,5,14,65,114,2022-08-29,New York,US Open,Outdoor,Hard,1.16,5.0,1
Borges N.,69,28,10,18,1,1,9,17,Shelton B.,43,34,13,21,0,0,13,21,2022-08-29,New York,US Open,Outdoor,Hard,3.0,1.4,1
Grenier H.,122,16,5,11,1,2,4,9,Etcheverry T.,34,60,26,34,5,3,21,31,2022-08-29,New York,US Open,Outdoor,Hard,1.44,2.75,1
Holt B.,193,7,2,5,0,1,2,4,Fritz T.,9,356,205,151,26,22,179,129,2022-08-29,New York,US Open,Outdoor,Hard,13.0,1.04,1
Edmund K.,473,233,113,120,19,10,94,110,Ruud C.,4,275,176,99,19,16,157,83,2022-08-29,New York,US Open,Outdoor,Hard,9.0,1.07,0
Wu Y.,90,36,15,21,5,0,10,21,Basilashvili N.,118,301,138,163,26,34,112,129,2022-08-29,New York,US Open,Outdoor,Hard,1.22,4.33,1
Korda S.,26,126,75,51,15,9,60,42,Bagnis F.,135,121,39,82,9,8,30,74,2022-08-29,New York,US Open,Outdoor,Hard,1.12,6.0,1
Van Rijthoven T.,110,19,10,9,0,4,10,5,Zhang Zh.,53,44,20,24,1,2,19,22,2022-08-29,New York,US Open,Outdoor,Hard,2.3,1.61,1
Wolf J.J.,45,75,39,36,8,6,31,30,Bautista Agut R.,25,379,234,145,31,29,203,116,2022-08-29,New York,US Open,Outdoor,Hard,4.0,1.25,1
Nava E.,242,13,2,11,0,0,2,11,Millman J.,140,256,113,143,21,22,92,121,2022-08-29,New York,US Open,Outdoor,Hard,3.4,1.33,1
Davidovich Fokina A.,39,168,84,84,17,20,67,64,Nishioka Y.,31,215,99,116,15,15,84,101,2022-08-29,New York,US Open,Outdoor,Hard,1.66,2.2,1
Paul T.,14,204,111,93,19,13,92,80,Zapata Miralles B.,54,80,32,48,1,6,31,42,2022-08-29,New York,US Open,Outdoor,Hard,1.12,6.0,1
Majchrzak K.,121,50,19,31,3,4,16,27,Tabilo A.,122,44,21,23,5,4,16,19,2022-08-29,New York,US Open,Outdoor,Hard,2.1,1.72,0
Murray A.,44,932,687,245,132,47,555,198,Cerundolo F.,21,104,58,46,3,7,55,39,2022-08-29,New York,US Open,Outdoor,Hard,1.66,2.2,1
Medvedev D.,3,406,289,117,69,27,220,90,Kozlov S.,108,35,9,26,0,2,9,24,2022-08-29,New York,US Open,Outdoor,Hard,1.005,29.0,1
Cressy M.,96,96,42,54,10,11,32,43,Fucsovics M.,67,249,121,128,26,24,95,104,2022-08-29,New York,US Open,Outdoor,Hard,1.36,3.2,0
Berrettini M.,38,217,142,75,14,11,128,64,Jarry N.,28,141,73,68,9,6,64,62,2022-08-29,New York,US Open,Outdoor,Hard,1.14,5.5,1
Halys Q.,79,72,23,49,3,10,20,39,Rinderknech A.,67,96,46,50,16,12,30,38,2022-08-29,New York,US Open,Outdoor,Hard,2.75,1.44,0
Ramos-Vinolas A.,82,437,204,233,17,31,187,202,Gombos N.,114,66,21,45,6,14,15,31,2022-08-30,New York,US Open,Outdoor,Hard,1.66,2.2,1
Marterer M.,144,91,31,60,2,8,29,52,Cilic M.,100,853,543,310,119,65,424,245,2022-08-30,New York,US Open,Outdoor,Hard,6.0,1.12,0
Eubanks C.,29,64,28,36,1,3,27,33,Martinez P.,135,118,50,68,7,6,43,62,2022-08-30,New York,US Open,Outdoor,Hard,1.72,2.1,1
Couacaud E.,158,9,2,7,0,1,2,6,Coric B.,15,343,185,158,28,28,157,130,2022-08-30,New York,US Open,Outdoor,Hard,6.0,1.12,0
Musetti L.,18,143,79,64,12,12,67,52,Goffin D.,123,522,296,226,66,52,230,174,2022-08-30,New York,US Open,Outdoor,Hard,2.0,1.8,1
Brooksby J.,39,79,46,33,6,5,40,28,Lajovic D.,66,378,163,215,21,36,142,179,2022-08-30,New York,US Open,Outdoor,Hard,1.14,5.5,1
Shapovalov D.,29,298,166,132,30,27,136,105,Huesler M.A.,88,58,21,37,8,8,13,29,2022-08-30,New York,US Open,Outdoor,Hard,1.25,4.0,1
Ivashka I.,113,159,78,81,19,18,59,63,Querrey S.,287,678,369,309,48,39,321,270,2022-08-30,New York,US Open,Outdoor,Hard,1.1,7.0,1
Hurkacz H.,17,238,137,101,27,24,110,77,Otte O.,233,78,33,45,6,14,27,31,2022-08-30,New York,US Open,Outdoor,Hard,1.14,5.5,1
Fognini F.,128,742,383,359,39,48,344,311,Karatsev A.,75,136,66,70,10,22,56,48,2022-08-30,New York,US Open,Outdoor,Hard,2.1,1.72,1
Popyrin A.,90,140,59,81,9,13,50,68,Tseng C.H.,145,9,1,8,0,0,1,8,2022-08-30,New York,US Open,Outdoor,Hard,2.1,1.72,1
Giron M.,69,150,68,82,20,14,48,68,Tiafoe F.,10,303,158,145,24,23,134,122,2022-08-30,New York,US Open,Outdoor,Hard,3.2,1.36,0
Coria F.,108,99,43,56,2,6,41,50,Griekspoor T.,37,97,47,50,7,14,40,36,2022-08-30,New York,US Open,Outdoor,Hard,7.0,1.1,1
Mannarino A.,27,567,264,303,60,73,204,230,Brouwer G.,144,21,11,10,3,2,8,8,2022-08-30,New York,US Open,Outdoor,Hard,1.28,3.75,0
Tien L.,1042,1,0,1,0,0,0,1,Kecmanovic M.,40,210,107,103,12,16,95,87,2022-08-30,New York,US Open,Outdoor,Hard,23.0,1.01,0
Sinner J.,8,224,153,71,42,19,111,52,Altmaier D.,51,79,28,51,1,5,27,46,2022-08-30,New York,US Open,Outdoor,Hard,1.03,15.0,1
Gojowczyk P.,108,172,75,97,17,18,58,79,Rune H.,6,131,83,48,28,9,55,39,2022-08-30,New York,US Open,Outdoor,Hard,3.75,1.28,0
Rublev A.,7,392,255,137,57,34,198,103,Djere L.,38,243,120,123,10,22,110,101,2022-08-30,New York,US Open,Outdoor,Hard,1.11,6.5,1
Bedene A.,347,291,131,160,18,23,113,137,Cachin P.,54,52,23,29,1,3,22,26,2022-08-30,New York,US Open,Outdoor,Hard,2.3,1.61,0
Galan D.E.,76,78,33,45,3,5,30,40,Tsitsipas S.,5,390,264,126,49,32,215,94,2022-08-30,New York,US Open,Outdoor,Hard,13.0,1.04,1
Humbert U.,36,170,80,90,23,21,57,69,Bonzi B.,107,83,37,46,10,13,27,33,2022-08-30,New York,US Open,Outdoor,Hard,2.1,1.72,0
Kokkinakis T.,86,124,55,69,0,4,55,65,Kyrgios N.,25,303,195,108,11,7,184,101,2022-08-30,New York,US Open,Outdoor,Hard,5.0,1.16,0
Nakashima B.,70,106,57,49,6,5,51,44,Kotov P.,89,25,10,15,1,4,9,11,2022-08-30,New York,US Open,Outdoor,Hard,1.28,3.75,1
Johnson S.,197,395,196,199,16,23,180,176,Dimitrov G.,20,651,389,262,79,50,310,212,2022-08-30,New York,US Open,Outdoor,Hard,2.62,1.5,0
Daniel T.,111,178,67,111,3,10,64,101,Gasquet R.,48,948,581,367,133,82,448,285,2022-08-30,New York,US Open,Outdoor,Hard,2.2,1.66,0
Sousa J.,147,436,189,247,42,44,147,203,Mcdonald M.,60,190,87,103,11,15,76,88,2022-08-30,New York,US Open,Outdoor,Hard,3.0,1.4,1
Baez S.,72,95,47,48,6,6,41,42,Alcaraz C.,1,164,130,34,10,5,120,29,2022-08-30,New York,US Open,Outdoor,Hard,15.0,1.03,0
Delbonis F.,131,340,152,188,19,23,133,165,Isner J.,114,755,465,290,53,45,412,245,2022-08-30,New York,US Open,Outdoor,Hard,6.5,1.11,0
Vesely J.,528,288,130,158,6,19,124,139,Evans D.,30,251,124,127,18,16,106,111,2022-08-30,New York,US Open,Outdoor,Hard,3.2,1.36,0
Duckworth J.,123,143,55,88,10,9,45,79,O Connell C.,74,65,26,39,0,0,26,39,2022-08-30,New York,US Open,Outdoor,Hard,2.37,1.57,1
Kwon S.W.,68,108,53,55,12,6,41,49,Verdasco F.,244,962,537,425,79,79,458,346,2022-08-30,New York,US Open,Outdoor,Hard,1.36,3.2,1
Paire B.,149,527,237,290,39,56,198,234,Norrie C.,13,287,172,115,15,18,157,97,2022-08-30,New York,US Open,Outdoor,Hard,11.0,1.05,0
Tabilo A.,122,44,21,23,5,4,16,19,Wolf J.J.,45,75,39,36,8,6,31,30,2022-08-31,New York,US Open,Outdoor,Hard,3.4,1.33,0
Wu Y.,90,36,15,21,5,0,10,21,Borges N.,69,28,10,18,1,1,9,17,2022-08-31,New York,US Open,Outdoor,Hard,1.33,3.4,1
Kyrgios N.,25,303,195,108,11,7,184,101,Bonzi B.,107,83,37,46,10,13,27,33,2022-08-31,New York,US Open,Outdoor,Hard,1.12,6.0,1
Paul T.,14,204,111,93,19,13,92,80,Korda S.,26,126,75,51,15,9,60,42,2022-08-31,New York,US Open,Outdoor,Hard,2.0,1.8,1
Davidovich Fokina A.,39,168,84,84,17,20,67,64,Fucsovics M.,67,249,121,128,26,24,95,104,2022-08-31,New York,US Open,Outdoor,Hard,1.44,2.75,1
Ruud C.,4,275,176,99,19,16,157,83,Van Rijthoven T.,110,19,10,9,0,4,10,5,2022-08-31,New York,US Open,Outdoor,Hard,1.12,6.0,1
Thompson J.,71,221,96,125,10,10,86,115,Galan D.E.,76,78,33,45,3,5,30,40,2022-08-31,New York,US Open,Outdoor,Hard,2.1,1.72,0
Berrettini M.,38,217,142,75,14,11,128,64,Grenier H.,122,16,5,11,1,2,4,9,2022-08-31,New York,US Open,Outdoor,Hard,1.12,6.0,1
Bublik A.,25,219,110,109,39,30,71,79,Carreno Busta P.,16,352,214,138,33,25,181,113,2022-08-31,New York,US Open,Outdoor,Hard,3.75,1.28,0
Garin C.,101,190,103,87,15,13,88,74,De Minaur A.,19,272,161,111,30,19,131,92,2022-08-31,New York,US Open,Outdoor,Hard,6.0,1.12,0
Holt B.,193,7,2,5,0,1,2,4,Cachin P.,54,52,23,29,1,3,22,26,2022-08-31,New York,US Open,Outdoor,Hard,1.53,2.5,0
Van De Zandschulp B.,44,117,63,54,11,11,52,43,Moutet C.,80,118,50,68,5,11,45,57,2022-08-31,New York,US Open,Outdoor,Hard,1.44,2.75,0
Ymer M.,59,130,58,72,18,23,40,49,Kubler J.,77,53,24,29,0,1,24,28,2022-08-31,New York,US Open,Outdoor,Hard,1.66,2.2,0
Munar J.,104,178,75,103,7,12,68,91,Carballes Baena R.,64,207,91,116,11,10,80,106,2022-08-31,New York,US Open,Outdoor,Hard,1.2,4.5,0
Schwartzman D.,95,428,233,195,32,27,201,168,Sock J.,166,324,177,147,38,24,139,123,2022-08-31,New York,US Open,Outdoor,Hard,1.44,2.75,1
Nadal R.,2,1223,1017,206,76,40,941,166,Hijikata R.,110,16,7,9,0,0,7,9,2022-08-31,New York,US Open,Outdoor,Hard,1.01,26.0,1
Murray A.,44,932,687,245,132,47,555,198,Nava E.,242,13,2,11,0,0,2,11,2022-08-31,New York,US Open,Outdoor,Hard,1.2,4.5,1
Sousa J.,147,436,189,247,42,44,147,203,Norrie C.,13,287,172,115,15,18,157,97,2022-09-01,New York,US Open,Outdoor,Hard,11.0,1.05,0
Shapovalov D.,29,298,166,132,30,27,136,105,Carballes Baena R.,64,207,91,116,11,10,80,106,2022-09-01,New York,US Open,Outdoor,Hard,1.16,5.0,1
Kecmanovic M.,40,210,107,103,12,16,95,87,Gasquet R.,48,948,581,367,133,82,448,285,2022-09-01,New York,US Open,Outdoor,Hard,1.4,3.0,0
Schwartzman D.,95,428,233,195,32,27,201,168,Popyrin A.,90,140,59,81,9,13,50,68,2022-09-01,New York,US Open,Outdoor,Hard,1.28,3.75,1
Dimitrov G.,20,651,389,262,79,50,310,212,Nakashima B.,70,106,57,49,6,5,51,44,2022-09-01,New York,US Open,Outdoor,Hard,1.66,2.2,0
Kwon S.W.,68,108,53,55,12,6,41,49,Rublev A.,7,392,255,137,57,34,198,103,2022-09-01,New York,US Open,Outdoor,Hard,5.0,1.16,0
Musetti L.,18,143,79,64,12,12,67,52,Brouwer G.,144,21,11,10,3,2,8,8,2022-09-01,New York,US Open,Outdoor,Hard,1.44,2.75,1
Coria F.,108,99,43,56,2,6,41,50,Alcaraz C.,1,164,130,34,10,5,120,29,2022-09-01,New York,US Open,Outdoor,Hard,19.0,1.02,0
Draper J.,55,51,29,22,2,3,27,19,Auger-Aliassime F.,12,268,163,105,48,22,115,83,2022-09-01,New York,US Open,Outdoor,Hard,3.0,1.4,1
Brooksby J.,39,79,46,33,6,5,40,28,Coric B.,15,343,185,158,28,28,157,130,2022-09-01,New York,US Open,Outdoor,Hard,1.9,1.9,1
Evans D.,30,251,124,127,18,16,106,111,Duckworth J.,123,143,55,88,10,9,45,79,2022-09-01,New York,US Open,Outdoor,Hard,1.25,4.0,1
Cilic M.,100,853,543,310,119,65,424,245,Ramos-Vinolas A.,82,437,204,233,17,31,187,202,2022-09-01,New York,US Open,Outdoor,Hard,1.2,4.5,1
Rune H.,6,131,83,48,28,9,55,39,Isner J.,114,755,465,290,53,45,412,245,2022-09-01,New York,US Open,Outdoor,Hard,,,1
Rinderknech A.,67,96,46,50,16,12,30,38,Medvedev D.,3,406,289,117,69,27,220,90,2022-09-01,New York,US Open,Outdoor,Hard,21.0,1.01,0
Sinner J.,8,224,153,71,42,19,111,52,Eubanks C.,29,64,28,36,1,3,27,33,2022-09-01,New York,US Open,Outdoor,Hard,1.08,8.0,1
Khachanov K.,11,378,217,161,44,38,173,123,Monteiro T.,121,171,69,102,9,11,60,91,2022-09-01,New York,US Open,Outdoor,Hard,1.25,4.0,1
De Minaur A.,19,272,161,111,30,19,131,92,Carreno Busta P.,16,352,214,138,33,25,181,113,2022-09-02,New York,US Open,Outdoor,Hard,2.1,1.72,0
Moutet C.,80,118,50,68,5,11,45,57,Cachin P.,54,52,23,29,1,3,22,26,2022-09-02,New York,US Open,Outdoor,Hard,1.33,3.4,1
Draper J.,55,51,29,22,2,3,27,19,Khachanov K.,11,378,217,161,44,38,173,123,2022-09-02,New York,US Open,Outdoor,Hard,1.66,2.2,0
Berrettini M.,38,217,142,75,14,11,128,64,Murray A.,44,932,687,245,132,47,555,198,2022-09-02,New York,US Open,Outdoor,Hard,1.44,2.75,1
Paul T.,14,204,111,93,19,13,92,80,Ruud C.,4,275,176,99,19,16,157,83,2022-09-02,New York,US Open,Outdoor,Hard,2.37,1.57,0
Nadal R.,2,1223,1017,206,76,40,941,166,Fognini F.,128,742,383,359,39,48,344,311,2022-09-02,New York,US Open,Outdoor,Hard,1.08,8.0,1
Kubler J.,77,53,24,29,0,1,24,28,Tiafoe F.,10,303,158,145,24,23,134,122,2022-09-02,New York,US Open,Outdoor,Hard,3.4,1.33,0
Ivashka I.,113,159,78,81,19,18,59,63,Hurkacz H.,17,238,137,101,27,24,110,77,2022-09-02,New York,US Open,Outdoor,Hard,3.5,1.3,1
Davidovich Fokina A.,39,168,84,84,17,20,67,64,Galan D.E.,76,78,33,45,3,5,30,40,2022-09-02,New York,US Open,Outdoor,Hard,1.4,3.0,1
Kyrgios N.,25,303,195,108,11,7,184,101,Wolf J.J.,45,75,39,36,8,6,31,30,2022-09-03,New York,US Open,Outdoor,Hard,1.12,6.0,1
Medvedev D.,3,406,289,117,69,27,220,90,Wu Y.,90,36,15,21,5,0,10,21,2022-09-03,New York,US Open,Outdoor,Hard,1.04,13.0,1
Norrie C.,13,287,172,115,15,18,157,97,Rune H.,6,131,83,48,28,9,55,39,2022-09-03,New York,US Open,Outdoor,Hard,1.28,3.75,1
Shapovalov D.,29,298,166,132,30,27,136,105,Rublev A.,7,392,255,137,57,34,198,103,2022-09-03,New York,US Open,Outdoor,Hard,2.5,1.53,0
Brooksby J.,39,79,46,33,6,5,40,28,Alcaraz C.,1,164,130,34,10,5,120,29,2022-09-03,New York,US Open,Outdoor,Hard,4.0,1.25,0
Tiafoe F.,10,303,158,145,24,23,134,122,Schwartzman D.,95,428,233,195,32,27,201,168,2022-09-03,New York,US Open,Outdoor,Hard,1.44,2.75,1
Ivashka I.,113,159,78,81,19,18,59,63,Musetti L.,18,143,79,64,12,12,67,52,2022-09-03,New York,US Open,Outdoor,Hard,1.5,2.62,1
Evans D.,30,251,124,127,18,16,106,111,Cilic M.,100,853,543,310,119,65,424,245,2022-09-03,New York,US Open,Outdoor,Hard,2.37,1.57,0
Ruud C.,4,275,176,99,19,16,157,83,Moutet C.,80,118,50,68,5,11,45,57,2022-09-04,New York,US Open,Outdoor,Hard,1.16,5.0,1
Berrettini M.,38,217,142,75,14,11,128,64,Davidovich Fokina A.,39,168,84,84,17,20,67,64,2022-09-04,New York,US Open,Outdoor,Hard,1.33,3.4,1
Khachanov K.,11,378,217,161,44,38,173,123,Carreno Busta P.,16,352,214,138,33,25,181,113,2022-09-04,New York,US Open,Outdoor,Hard,2.75,1.44,1
Gasquet R.,48,948,581,367,133,82,448,285,Nadal R.,2,1223,1017,206,76,40,941,166,2022-09-04,New York,US Open,Outdoor,Hard,10.0,1.06,0
Sinner J.,8,224,153,71,42,19,111,52,Nakashima B.,70,106,57,49,6,5,51,44,2022-09-04,New York,US Open,Outdoor,Hard,1.36,3.2,1
Kyrgios N.,25,303,195,108,11,7,184,101,Medvedev D.,3,406,289,117,69,27,220,90,2022-09-05,New York,US Open,Outdoor,Hard,2.5,1.53,1
Norrie C.,13,287,172,115,15,18,157,97,Rublev A.,7,392,255,137,57,34,198,103,2022-09-05,New York,US Open,Outdoor,Hard,1.61,2.3,0
Tiafoe F.,10,303,158,145,24,23,134,122,Nadal R.,2,1223,1017,206,76,40,941,166,2022-09-05,New York,US Open,Outdoor,Hard,4.5,1.2,1
Sinner J.,8,224,153,71,42,19,111,52,Ivashka I.,113,159,78,81,19,18,59,63,2022-09-06,New York,US Open,Outdoor,Hard,1.22,4.33,1
Alcaraz C.,1,164,130,34,10,5,120,29,Cilic M.,100,853,543,310,119,65,424,245,2022-09-06,New York,US Open,Outdoor,Hard,1.2,4.5,1
Ruud C.,4,275,176,99,19,16,157,83,Berrettini M.,38,217,142,75,14,11,128,64,2022-09-06,New York,US Open,Outdoor,Hard,2.0,1.8,1
Khachanov K.,11,378,217,161,44,38,173,123,Kyrgios N.,25,303,195,108,11,7,184,101,2022-09-07,New York,US Open,Outdoor,Hard,4.5,1.2,1
Tiafoe F.,10,303,158,145,24,23,134,122,Rublev A.,7,392,255,137,57,34,198,103,2022-09-07,New York,US Open,Outdoor,Hard,2.0,1.8,1
Alcaraz C.,1,164,130,34,10,5,120,29,Sinner J.,8,224,153,71,42,19,111,52,2022-09-08,New York,US Open,Outdoor,Hard,1.61,2.3,1
Khachanov K.,11,378,217,161,44,38,173,123,Ruud C.,4,275,176,99,19,16,157,83,2022-09-09,New York,US Open,Outdoor,Hard,2.75,1.44,0
Alcaraz C.,1,164,130,34,10,5,120,29,Tiafoe F.,10,303,158,145,24,23,134,122,2022-09-10,New York,US Open,Outdoor,Hard,1.5,2.62,1
Alcaraz C.,1,164,130,34,10,5,120,29,Ruud C.,4,275,176,99,19,16,157,83,2022-09-11,New York,US Open,Outdoor,Hard,1.45,2.8,1
Sonego L.,43,221,107,114,19,17,88,97,Karatsev A.,75,136,66,70,10,22,56,48,2022-09-19,Metz,Open de Moselle,Indoor,Hard,2.1,1.72,1
Mena F.,151,1,0,1,0,0,0,1,Etcheverry T.,34,60,26,34,5,3,21,31,2022-09-19,San Diego,San Diego Open,Outdoor,Hard,2.1,1.72,0
Gaston H.,109,58,24,34,5,9,19,25,Korda S.,26,126,75,51,15,9,60,42,2022-09-19,Metz,Open de Moselle,Indoor,Hard,3.75,1.28,0
Duckworth J.,123,143,55,88,10,9,45,79,Popyrin A.,90,140,59,81,9,13,50,68,2022-09-19,San Diego,San Diego Open,Outdoor,Hard,1.8,2.0,1
Lehecka J.,33,61,30,31,4,4,26,27,Ruusuvuori E.,55,158,79,79,16,18,63,61,2022-09-20,Metz,Open de Moselle,Indoor,Hard,3.2,1.36,0
Basilashvili N.,118,301,138,163,26,34,112,129,Bergs Z.,175,15,4,11,1,5,3,6,2022-09-20,Metz,Open de Moselle,Indoor,Hard,2.75,1.44,1
Munar J.,104,178,75,103,7,12,68,91,Rinderknech A.,67,96,46,50,16,12,30,38,2022-09-20,Metz,Open de Moselle,Indoor,Hard,2.5,1.53,0
Goffin D.,123,522,296,226,66,52,230,174,Simon G.,188,869,491,378,135,94,356,284,2022-09-20,Metz,Open de Moselle,Indoor,Hard,1.28,3.75,0
Daniel T.,111,178,67,111,3,10,64,101,Nava E.,242,13,2,11,0,0,2,11,2022-09-20,San Diego,San Diego Open,Outdoor,Hard,1.66,2.2,1
Krueger M.,228,24,7,17,0,1,7,16,Eubanks C.,29,64,28,36,1,3,27,33,2022-09-20,San Diego,San Diego Open,Outdoor,Hard,3.4,1.33,1
Lestienne C.,109,40,13,27,6,9,7,18,Holt B.,193,7,2,5,0,1,2,4,2022-09-20,San Diego,San Diego Open,Outdoor,Hard,1.61,2.3,1
Wolf J.J.,45,75,39,36,8,6,31,30,Kozlov S.,108,35,9,26,0,2,9,24,2022-09-20,San Diego,San Diego Open,Outdoor,Hard,1.16,5.0,1
O Connell C.,74,65,26,39,0,0,26,39,Kubler J.,77,53,24,29,0,1,24,28,2022-09-21,San Diego,San Diego Open,Outdoor,Hard,2.1,1.72,1
Laaksonen H.,125,101,37,64,7,16,30,48,Mcdonald M.,60,190,87,103,11,15,76,88,2022-09-21,San Diego,San Diego Open,Outdoor,Hard,4.5,1.2,0
Huesler M.A.,88,58,21,37,8,8,13,29,Galan D.E.,76,78,33,45,3,5,30,40,2022-09-21,San Diego,San Diego Open,Outdoor,Hard,1.9,1.9,0
Nakashima B.,70,106,57,49,6,5,51,44,Svajda Z.,233,8,2,6,0,1,2,5,2022-09-21,San Diego,San Diego Open,Outdoor,Hard,1.12,6.0,1
Kudla D.,137,198,70,128,5,14,65,114,Verdasco F.,244,962,537,425,79,79,458,346,2022-09-21,San Diego,San Diego Open,Outdoor,Hard,1.53,2.5,1
Ymer M.,59,130,58,72,18,23,40,49,Mannarino A.,27,567,264,303,60,73,204,230,2022-09-21,Metz,Open de Moselle,Indoor,Hard,2.3,1.61,1
Wawrinka S.,72,854,535,319,84,69,451,250,Sousa J.,147,436,189,247,42,44,147,203,2022-09-21,Metz,Open de Moselle,Indoor,Hard,1.57,2.37,1
Bublik A.,25,219,110,109,39,30,71,79,Furness E.,208,1,0,1,0,1,0,0,2022-09-21,Metz,Open de Moselle,Indoor,Hard,1.16,5.0,1
Bonzi B.,107,83,37,46,10,13,27,33,Humbert U.,36,170,80,90,23,21,57,69,2022-09-21,Metz,Open de Moselle,Indoor,Hard,1.9,1.9,1
Barrere G.,59,79,31,48,11,16,20,32,Otte O.,233,78,33,45,6,14,27,31,2022-09-21,Metz,Open de Moselle,Indoor,Hard,1.9,1.9,1
Gasquet R.,48,948,581,367,133,82,448,285,Thiem D.,116,517,327,190,53,39,274,151,2022-09-21,Metz,Open de Moselle,Indoor,Hard,1.8,2.0,0
Korda S.,26,126,75,51,15,9,60,42,Musetti L.,18,143,79,64,12,12,67,52,2022-09-21,Metz,Open de Moselle,Indoor,Hard,1.5,2.62,1
Wawrinka S.,72,854,535,319,84,69,451,250,Medvedev D.,3,406,289,117,69,27,220,90,2022-09-22,Metz,Open de Moselle,Indoor,Hard,6.0,1.12,1
Johnson S.,197,395,196,199,16,23,180,176,Tabilo A.,122,44,21,23,5,4,16,19,2022-09-22,San Diego,San Diego Open,Outdoor,Hard,1.61,2.3,0
Martinez P.,135,118,50,68,7,6,43,62,Galan D.E.,76,78,33,45,3,5,30,40,2022-09-22,San Diego,San Diego Open,Outdoor,Hard,2.75,1.44,0
Basilashvili N.,118,301,138,163,26,34,112,129,Rinderknech A.,67,96,46,50,16,12,30,38,2022-09-22,Metz,Open de Moselle,Indoor,Hard,3.2,1.36,0
Duckworth J.,123,143,55,88,10,9,45,79,Krueger M.,228,24,7,17,0,1,7,16,2022-09-22,San Diego,San Diego Open,Outdoor,Hard,1.4,3.0,1
Ruusuvuori E.,55,158,79,79,16,18,63,61,Bublik A.,25,219,110,109,39,30,71,79,2022-09-22,Metz,Open de Moselle,Indoor,Hard,1.66,2.2,0
Ymer M.,59,130,58,72,18,23,40,49,Barrere G.,59,79,31,48,11,16,20,32,2022-09-22,Metz,Open de Moselle,Indoor,Hard,1.44,2.75,1
Wolf J.J.,45,75,39,36,8,6,31,30,O Connell C.,74,65,26,39,0,0,26,39,2022-09-22,San Diego,San Diego Open,Outdoor,Hard,1.53,2.5,0
Mcdonald M.,60,190,87,103,11,15,76,88,Brooksby J.,39,79,46,33,6,5,40,28,2022-09-22,San Diego,San Diego Open,Outdoor,Hard,3.0,1.4,0
Lestienne C.,109,40,13,27,6,9,7,18,Tabilo A.,122,44,21,23,5,4,16,19,2022-09-22,San Diego,San Diego Open,Outdoor,Hard,2.2,1.66,1
Thiem D.,116,517,327,190,53,39,274,151,Hurkacz H.,17,238,137,101,27,24,110,77,2022-09-22,Metz,Open de Moselle,Indoor,Hard,3.0,1.4,0
Bonzi B.,107,83,37,46,10,13,27,33,Rune H.,6,131,83,48,28,9,55,39,2022-09-22,Metz,Open de Moselle,Indoor,Hard,1.57,2.37,0
Sonego L.,43,221,107,114,19,17,88,97,Simon G.,188,869,491,378,135,94,356,284,2022-09-22,Metz,Open de Moselle,Indoor,Hard,1.4,3.0,1
Giron M.,69,150,68,82,20,14,48,68,Etcheverry T.,34,60,26,34,5,3,21,31,2022-09-22,San Diego,San Diego Open,Outdoor,Hard,1.3,3.5,1
Daniel T.,111,178,67,111,3,10,64,101,Evans D.,30,251,124,127,18,16,106,111,2022-09-23,San Diego,San Diego Open,Outdoor,Hard,3.0,1.4,0
Giron M.,69,150,68,82,20,14,48,68,Duckworth J.,123,143,55,88,10,9,45,79,2022-09-23,San Diego,San Diego Open,Outdoor,Hard,1.53,2.5,1
Evans D.,30,251,124,127,18,16,106,111,Lestienne C.,109,40,13,27,6,9,7,18,2022-09-23,San Diego,San Diego Open,Outdoor,Hard,1.4,3.0,1
Nakashima B.,70,106,57,49,6,5,51,44,Kudla D.,137,198,70,128,5,14,65,114,2022-09-23,San Diego,San Diego Open,Outdoor,Hard,1.28,3.75,1
Rune H.,6,131,83,48,28,9,55,39,Bublik A.,25,219,110,109,39,30,71,79,2022-09-23,Metz,Open de Moselle,Indoor,Hard,1.9,1.9,0
Sonego L.,43,221,107,114,19,17,88,97,Korda S.,26,126,75,51,15,9,60,42,2022-09-23,Metz,Open de Moselle,Indoor,Hard,2.75,1.44,1
Ymer M.,59,130,58,72,18,23,40,49,Wawrinka S.,72,854,535,319,84,69,451,250,2022-09-23,Metz,Open de Moselle,Indoor,Hard,1.8,2.0,0
Hurkacz H.,17,238,137,101,27,24,110,77,Rinderknech A.,67,96,46,50,16,12,30,38,2022-09-23,Metz,Open de Moselle,Indoor,Hard,1.22,4.33,1
Bublik A.,25,219,110,109,39,30,71,79,Wawrinka S.,72,854,535,319,84,69,451,250,2022-09-24,Metz,Open de Moselle,Indoor,Hard,1.66,2.2,1
Sonego L.,43,221,107,114,19,17,88,97,Hurkacz H.,17,238,137,101,27,24,110,77,2022-09-24,Metz,Open de Moselle,Indoor,Hard,3.5,1.3,1
O Connell C.,74,65,26,39,0,0,26,39,Brooksby J.,39,79,46,33,6,5,40,28,2022-09-24,San Diego,San Diego Open,Outdoor,Hard,3.5,1.3,1
Galan D.E.,76,78,33,45,3,5,30,40,Nakashima B.,70,106,57,49,6,5,51,44,2022-09-24,San Diego,San Diego Open,Outdoor,Hard,3.5,1.3,0
Giron M.,69,150,68,82,20,14,48,68,Evans D.,30,251,124,127,18,16,106,111,2022-09-24,San Diego,San Diego Open,Outdoor,Hard,2.62,1.5,1
Sonego L.,43,221,107,114,19,17,88,97,Bublik A.,25,219,110,109,39,30,71,79,2022-09-25,Metz,Open de Moselle,Indoor,Hard,1.9,1.9,1
Nakashima B.,70,106,57,49,6,5,51,44,O Connell C.,74,65,26,39,0,0,26,39,2022-09-25,San Diego,San Diego Open,Outdoor,Hard,1.36,3.2,1
Majchrzak K.,121,50,19,31,3,4,16,27,Berankis R.,212,249,104,145,36,31,68,114,2022-09-26,Sofia,Sofia Open,Indoor,Hard,2.2,1.66,1
Lazarov A.,301,6,1,5,1,4,0,1,Lehecka J.,33,61,30,31,4,4,26,27,2022-09-26,Sofia,Sofia Open,Indoor,Hard,3.75,1.28,1
Ymer M.,59,130,58,72,18,23,40,49,Ivashka I.,113,159,78,81,19,18,59,63,2022-09-26,Sofia,Sofia Open,Indoor,Hard,2.1,1.72,0
Thiem D.,116,517,327,190,53,39,274,151,Djere L.,38,243,120,123,10,22,110,101,2022-09-26,Tel Aviv,Tel Aviv Open,Indoor,Hard,1.44,2.75,1
Safiullin R.,92,42,20,22,7,7,13,15,Grenier H.,122,16,5,11,1,2,4,9,2022-09-26,Tel Aviv,Tel Aviv Open,Indoor,Hard,2.0,1.8,1
Albot R.,97,215,86,129,26,26,60,103,Moriya H.,253,14,3,11,1,2,2,9,2022-09-26,Seoul,Korea Open,Outdoor,Hard,,,1
Giron M.,69,150,68,82,20,14,48,68,Nakashima B.,70,106,57,49,6,5,51,44,2022-09-26,San Diego,San Diego Open,Outdoor,Hard,2.75,1.4,0
Watanuki Y.,99,25,11,14,0,0,11,14,Munar J.,104,178,75,103,7,12,68,91,2022-09-26,Seoul,Korea Open,Outdoor,Hard,2.75,1.44,0
Hong S.,471,1,0,1,0,0,0,1,Uchida K.,155,4,1,3,0,0,1,3,2022-09-26,Seoul,Korea Open,Outdoor,Hard,2.3,1.61,0
Kecmanovic M.,40,210,107,103,12,16,95,87,Kovacevic A.,129,14,6,8,0,0,6,8,2022-09-26,Seoul,Korea Open,Outdoor,Hard,1.12,6.0,0
Borges N.,69,28,10,18,1,1,9,17,Basic M.,292,50,22,28,12,7,10,21,2022-09-27,Sofia,Sofia Open,Indoor,Hard,1.33,3.4,1
Otte O.,233,78,33,45,6,14,27,31,Madaras D.,191,2,0,2,0,1,0,1,2022-09-27,Sofia,Sofia Open,Indoor,Hard,,,1
Rune H.,6,131,83,48,28,9,55,39,Van Rijthoven T.,110,19,10,9,0,4,10,5,2022-09-27,Sofia,Sofia Open,Indoor,Hard,1.44,2.75,1
Vukic A.,62,36,15,21,2,1,13,20,Fognini F.,128,742,383,359,39,48,344,311,2022-09-27,Sofia,Sofia Open,Indoor,Hard,2.62,1.5,1
Van De Zandschulp B.,44,117,63,54,11,11,52,43,Sousa J.,147,436,189,247,42,44,147,203,2022-09-27,Tel Aviv,Tel Aviv Open,Indoor,Hard,1.3,3.5,1
Medjedovic H.,147,11,3,8,0,1,3,7,Broady L.,125,47,18,29,5,3,13,26,2022-09-27,Tel Aviv,Tel Aviv Open,Indoor,Hard,3.4,1.33,0
Karatsev A.,75,136,66,70,10,22,56,48,Etcheverry T.,34,60,26,34,5,3,21,31,2022-09-27,Tel Aviv,Tel Aviv Open,Indoor,Hard,1.3,3.5,0
Rinderknech A.,67,96,46,50,16,12,30,38,Copil M.,350,128,47,81,19,19,28,62,2022-09-27,Tel Aviv,Tel Aviv Open,Indoor,Hard,1.33,3.4,1
Wolf J.J.,45,75,39,36,8,6,31,30,Ruusuvuori E.,55,158,79,79,16,18,63,61,2022-09-27,Tel Aviv,Tel Aviv Open,Indoor,Hard,2.62,1.5,0
Korda S.,26,126,75,51,15,9,60,42,Ilkel C.,382,17,1,16,0,4,1,12,2022-09-27,Tel Aviv,Tel Aviv Open,Indoor,Hard,1.14,5.5,1
Humbert U.,36,170,80,90,23,21,57,69,Kuzmanov D.,207,12,4,8,2,8,2,0,2022-09-27,Sofia,Sofia Open,Indoor,Hard,1.25,4.0,1
Griekspoor T.,37,97,47,50,7,14,40,36,Pospisil V.,99,280,122,158,39,34,83,124,2022-09-27,Tel Aviv,Tel Aviv Open,Indoor,Hard,1.44,2.75,0
Jarry N.,28,141,73,68,9,6,64,62,Peniston R.,268,13,6,7,0,0,6,7,2022-09-27,Seoul,Korea Open,Outdoor,Hard,1.5,2.62,1
Tseng C. H.,108,8,2,6,0,1,2,5,O Connell C.,74,65,26,39,0,0,26,39,2022-09-27,Seoul,Korea Open,Outdoor,Hard,2.5,1.53,1
Johnson S.,197,395,196,199,16,23,180,176,Nam J.S.,590,3,0,3,0,0,0,3,2022-09-27,Seoul,Korea Open,Outdoor,Hard,1.16,5.0,1
Martinez P.,135,118,50,68,7,6,43,62,Mcdonald M.,60,190,87,103,11,15,76,88,2022-09-27,Seoul,Korea Open,Outdoor,Hard,2.75,1.44,0
Chung Y.,322,2,0,2,0,0,0,2,Kwon S.W.,68,108,53,55,12,6,41,49,2022-09-27,Seoul,Korea Open,Outdoor,Hard,5.0,1.16,0
Evans D.,30,251,124,127,18,16,106,111,Nishioka Y.,31,215,99,116,15,15,84,101,2022-09-27,Seoul,Korea Open,Outdoor,Hard,1.8,2.0,0
Leshem E.,446,3,1,2,1,1,0,1,Oliel Y.,383,2,0,2,0,2,0,0,2022-09-27,Tel Aviv,Tel Aviv Open,Indoor,Hard,1.72,2.1,1
Wu T.L.,175,6,1,5,0,0,1,5,Brooksby J.,39,79,46,33,6,5,40,28,2022-09-27,Seoul,Korea Open,Outdoor,Hard,5.5,1.14,0
Musetti L.,18,143,79,64,12,12,67,52,Lazarov A.,301,6,1,5,1,4,0,1,2022-09-28,Sofia,Sofia Open,Indoor,Hard,1.25,4.0,1
Dimitrov G.,20,651,389,262,79,50,310,212,Ivashka I.,113,159,78,81,19,18,59,63,2022-09-28,Sofia,Sofia Open,Indoor,Hard,1.8,2.0,0
Basilashvili N.,118,301,138,163,26,34,112,129,Verdasco F.,244,962,537,425,79,79,458,346,2022-09-28,Sofia,Sofia Open,Indoor,Hard,1.66,2.2,0
Struff J.L.,21,369,170,199,43,42,127,157,Lajovic D.,66,378,163,215,21,36,142,179,2022-09-28,Sofia,Sofia Open,Indoor,Hard,1.44,2.75,1
Blancaneaux G.,152,6,0,6,0,4,0,2,Huesler M.A.,88,58,21,37,8,8,13,29,2022-09-28,Sofia,Sofia Open,Indoor,Hard,2.62,1.5,0
Sonego L.,43,221,107,114,19,17,88,97,Zapata Miralles B.,54,80,32,48,1,6,31,42,2022-09-28,Sofia,Sofia Open,Indoor,Hard,1.33,3.4,1
Andujar P.,323,404,164,240,12,30,152,210,Monteiro T.,121,171,69,102,9,11,60,91,2022-09-28,Tel Aviv,Tel Aviv Open,Indoor,Hard,2.75,1.44,1
Shapovalov D.,29,298,166,132,30,27,136,105,Munar J.,104,178,75,103,7,12,68,91,2022-09-28,Seoul,Korea Open,Outdoor,Hard,1.3,3.5,1
Johnson S.,197,395,196,199,16,23,180,176,Albot R.,97,215,86,129,26,26,60,103,2022-09-28,Seoul,Korea Open,Outdoor,Hard,2.2,1.66,0
Cilic M.,100,853,543,310,119,65,424,245,Thiem D.,116,517,327,190,53,39,274,151,2022-09-28,Tel Aviv,Tel Aviv Open,Indoor,Hard,1.53,2.5,1
Cressy M.,96,96,42,54,10,11,32,43,Korda S.,26,126,75,51,15,9,60,42,2022-09-28,Tel Aviv,Tel Aviv Open,Indoor,Hard,2.5,1.53,1
Safiullin R.,92,42,20,22,7,7,13,15,Etcheverry T.,34,60,26,34,5,3,21,31,2022-09-28,Tel Aviv,Tel Aviv Open,Indoor,Hard,1.33,3.4,1
Mannarino A.,27,567,264,303,60,73,204,230,Lestienne C.,109,40,13,27,6,9,7,18,2022-09-28,Tel Aviv,Tel Aviv Open,Indoor,Hard,1.57,2.37,0
Daniel T.,111,178,67,111,3,10,64,101,Gomez E.,155,26,7,19,2,2,5,17,2022-09-28,Seoul,Korea Open,Outdoor,Hard,1.28,3.75,1
Lestienne C.,109,40,13,27,6,9,7,18,Ruusuvuori E.,55,158,79,79,16,18,63,61,2022-09-29,Tel Aviv,Tel Aviv Open,Indoor,Hard,3.0,1.4,1
Broady L.,125,47,18,29,5,3,13,26,Van De Zandschulp B.,44,117,63,54,11,11,52,43,2022-09-29,Tel Aviv,Tel Aviv Open,Indoor,Hard,4.33,1.22,1
Andujar P.,323,404,164,240,12,30,152,210,Djokovic N.,2,1207,1012,195,146,42,866,153,2022-09-29,Tel Aviv,Tel Aviv Open,Indoor,Hard,15.0,1.03,0
Daniel T.,111,178,67,111,3,10,64,101,Nishioka Y.,31,215,99,116,15,15,84,101,2022-09-29,Seoul,Korea Open,Outdoor,Hard,2.3,1.61,0
Leshem E.,446,3,1,2,1,1,0,1,Pospisil V.,99,280,122,158,39,34,83,124,2022-09-29,Tel Aviv,Tel Aviv Open,Indoor,Hard,3.4,1.33,0
Schwartzman D.,95,428,233,195,32,27,201,168,Rinderknech A.,67,96,46,50,16,12,30,38,2022-09-29,Tel Aviv,Tel Aviv Open,Indoor,Hard,1.72,2.1,0
Uchida K.,155,4,1,3,0,0,1,3,Norrie C.,13,287,172,115,15,18,157,97,2022-09-29,Seoul,Korea Open,Outdoor,Hard,8.0,1.08,0
Kwon S.W.,68,108,53,55,12,6,41,49,Brooksby J.,39,79,46,33,6,5,40,28,2022-09-29,Seoul,Korea Open,Outdoor,Hard,2.62,1.5,0
Kovacevic A.,129,14,6,8,0,0,6,8,Tseng C. H.,108,8,2,6,0,1,2,5,2022-09-29,Seoul,Korea Open,Outdoor,Hard,2.3,1.61,1
Mochizuki S.,200,8,0,8,0,1,0,7,Mcdonald M.,60,190,87,103,11,15,76,88,2022-09-29,Seoul,Korea Open,Outdoor,Hard,9.0,1.07,0
Borges N.,69,28,10,18,1,1,9,17,Sinner J.,8,224,153,71,42,19,111,52,2022-09-29,Sofia,Sofia Open,Indoor,Hard,9.0,1.07,0
Huesler M.A.,88,58,21,37,8,8,13,29,Carreno Busta P.,16,352,214,138,33,25,181,113,2022-09-29,Sofia,Sofia Open,Indoor,Hard,3.75,1.28,1
Sonego L.,43,221,107,114,19,17,88,97,Rune H.,6,131,83,48,28,9,55,39,2022-09-29,Sofia,Sofia Open,Indoor,Hard,1.72,2.1,0
Majchrzak K.,121,50,19,31,3,4,16,27,Otte O.,233,78,33,45,6,14,27,31,2022-09-29,Sofia,Sofia Open,Indoor,Hard,2.37,1.57,1
Struff J.L.,21,369,170,199,43,42,127,157,Humbert U.,36,170,80,90,23,21,57,69,2022-09-29,Sofia,Sofia Open,Indoor,Hard,2.3,1.61,1
Ruud C.,4,275,176,99,19,16,157,83,Jarry N.,28,141,73,68,9,6,64,62,2022-09-29,Seoul,Korea Open,Outdoor,Hard,1.16,5.0,1
Verdasco F.,244,962,537,425,79,79,458,346,Vukic A.,62,36,15,21,2,1,13,20,2022-09-29,Sofia,Sofia Open,Indoor,Hard,2.3,1.61,0
Albot R.,97,215,86,129,26,26,60,103,Shapovalov D.,29,298,166,132,30,27,136,105,2022-09-30,Seoul,Korea Open,Outdoor,Hard,3.75,1.28,0
Brooksby J.,39,79,46,33,6,5,40,28,Norrie C.,13,287,172,115,15,18,157,97,2022-09-30,Seoul,Korea Open,Outdoor,Hard,2.75,1.44,1
Majchrzak K.,121,50,19,31,3,4,16,27,Huesler M.A.,88,58,21,37,8,8,13,29,2022-09-30,Sofia,Sofia Open,Indoor,Hard,2.2,1.66,0
Kovacevic A.,129,14,6,8,0,0,6,8,Mcdonald M.,60,190,87,103,11,15,76,88,2022-09-30,Seoul,Korea Open,Outdoor,Hard,3.75,1.28,1
Safiullin R.,92,42,20,22,7,7,13,15,Rinderknech A.,67,96,46,50,16,12,30,38,2022-09-30,Tel Aviv,Tel Aviv Open,Indoor,Hard,1.9,1.9,1
Broady L.,125,47,18,29,5,3,13,26,Cilic M.,100,853,543,310,119,65,424,245,2022-09-30,Tel Aviv,Tel Aviv Open,Indoor,Hard,5.0,1.16,0
Cressy M.,96,96,42,54,10,11,32,43,Lestienne C.,109,40,13,27,6,9,7,18,2022-09-30,Tel Aviv,Tel Aviv Open,Indoor,Hard,1.53,2.5,0
Ivashka I.,113,159,78,81,19,18,59,63,Rune H.,6,131,83,48,28,9,55,39,2022-09-30,Sofia,Sofia Open,Indoor,Hard,1.72,2.1,0
Vukic A.,62,36,15,21,2,1,13,20,Sinner J.,8,224,153,71,42,19,111,52,2022-09-30,Sofia,Sofia Open,Indoor,Hard,6.0,1.12,0
Musetti L.,18,143,79,64,12,12,67,52,Struff J.L.,21,369,170,199,43,42,127,157,2022-09-30,Sofia,Sofia Open,Indoor,Hard,2.2,1.66,1
Ruud C.,4,275,176,99,19,16,157,83,Nishioka Y.,31,215,99,116,15,15,84,101,2022-09-30,Seoul,Korea Open,Outdoor,Hard,1.22,4.33,0
Pospisil V.,99,280,122,158,39,34,83,124,Djokovic N.,2,1207,1012,195,146,42,866,153,2022-09-30,Tel Aviv,Tel Aviv Open,Indoor,Hard,10.0,1.06,0
Cilic M.,100,853,543,310,119,65,424,245,Lestienne C.,109,40,13,27,6,9,7,18,2022-10-01,Tel Aviv,Tel Aviv Open,Indoor,Hard,1.28,3.75,1
Safiullin R.,92,42,20,22,7,7,13,15,Djokovic N.,2,1207,1012,195,146,42,866,153,2022-10-01,Tel Aviv,Tel Aviv Open,Indoor,Hard,10.0,1.06,0
Rune H.,6,131,83,48,28,9,55,39,Sinner J.,8,224,153,71,42,19,111,52,2022-10-01,Sofia,Sofia Open,Indoor,Hard,3.75,1.28,1
Huesler M.A.,88,58,21,37,8,8,13,29,Musetti L.,18,143,79,64,12,12,67,52,2022-10-01,Sofia,Sofia Open,Indoor,Hard,2.37,1.57,1
Kovacevic A.,129,14,6,8,0,0,6,8,Nishioka Y.,31,215,99,116,15,15,84,101,2022-10-01,Seoul,Korea Open,Outdoor,Hard,4.0,1.25,0
Brooksby J.,39,79,46,33,6,5,40,28,Shapovalov D.,29,298,166,132,30,27,136,105,2022-10-01,Seoul,Korea Open,Outdoor,Hard,2.2,1.66,0
Shapovalov D.,29,298,166,132,30,27,136,105,Nishioka Y.,31,215,99,116,15,15,84,101,2022-10-02,Seoul,Korea Open,Outdoor,Hard,1.53,2.5,0
Huesler M.A.,88,58,21,37,8,8,13,29,Rune H.,6,131,83,48,28,9,55,39,2022-10-02,Sofia,Sofia Open,Indoor,Hard,2.62,1.5,1
Cilic M.,100,853,543,310,119,65,424,245,Djokovic N.,2,1207,1012,195,146,42,866,153,2022-10-02,Tel Aviv,Tel Aviv Open,Indoor,Hard,4.0,1.25,0
Daniel T.,111,178,67,111,3,10,64,101,Zapata Miralles B.,54,80,32,48,1,6,31,42,2022-10-03,Tokyo,Rakuten Japan Open Tennis Championships,Outdoor,Hard,1.53,2.5,0
Tiafoe F.,10,303,158,145,24,23,134,122,Uchiyama Y.,314,33,9,24,1,3,8,21,2022-10-03,Tokyo,Rakuten Japan Open Tennis Championships,Outdoor,Hard,1.1,7.0,1
Mochizuki S.,200,8,0,8,0,1,0,7,Nakashima B.,70,106,57,49,6,5,51,44,2022-10-03,Tokyo,Rakuten Japan Open Tennis Championships,Outdoor,Hard,6.5,1.11,0
Djere L.,38,243,120,123,10,22,110,101,Rublev A.,7,392,255,137,57,34,198,103,2022-10-03,Nur-Sultan,Astana Open,Indoor,Hard,3.75,1.28,0
Martinez P.,135,118,50,68,7,6,43,62,Popyrin A.,90,140,59,81,9,13,50,68,2022-10-03,Tokyo,Rakuten Japan Open Tennis Championships,Outdoor,Hard,2.1,1.72,1
Cerundolo F.,21,104,58,46,3,7,55,39,Hurkacz H.,17,238,137,101,27,24,110,77,2022-10-03,Nur-Sultan,Astana Open,Indoor,Hard,4.33,1.22,0
Van De Zandschulp B.,44,117,63,54,11,11,52,43,Zhukayev B.,258,2,0,2,0,1,0,1,2022-10-03,Nur-Sultan,Astana Open,Indoor,Hard,1.08,8.0,1
Wawrinka S.,72,854,535,319,84,69,451,250,Mannarino A.,27,567,264,303,60,73,204,230,2022-10-03,Nur-Sultan,Astana Open,Indoor,Hard,1.72,2.1,0
Karatsev A.,75,136,66,70,10,22,56,48,Zhang Zh.,53,44,20,24,1,2,19,22,2022-10-03,Nur-Sultan,Astana Open,Indoor,Hard,1.8,2.0,0
Auger-Aliassime F.,12,268,163,105,48,22,115,83,Bautista Agut R.,25,379,234,145,31,29,203,116,2022-10-03,Nur-Sultan,Astana Open,Indoor,Hard,1.44,2.75,0
Uchida K.,155,4,1,3,0,0,1,3,Mcdonald M.,60,190,87,103,11,15,76,88,2022-10-04,Tokyo,Rakuten Japan Open Tennis Championships,Outdoor,Hard,5.0,1.16,0
Kwon S.W.,68,108,53,55,12,6,41,49,De Minaur A.,19,272,161,111,30,19,131,92,2022-10-04,Tokyo,Rakuten Japan Open Tennis Championships,Outdoor,Hard,4.33,1.22,1
Coric B.,15,343,185,158,28,28,157,130,Kokkinakis T.,86,124,55,69,0,4,55,65,2022-10-04,Tokyo,Rakuten Japan Open Tennis Championships,Outdoor,Hard,1.44,2.75,1
Evans D.,30,251,124,127,18,16,106,111,Albot R.,97,215,86,129,26,26,60,103,2022-10-04,Tokyo,Rakuten Japan Open Tennis Championships,Outdoor,Hard,1.3,3.5,1
Ruud C.,4,275,176,99,19,16,157,83,Munar J.,104,178,75,103,7,12,68,91,2022-10-04,Tokyo,Rakuten Japan Open Tennis Championships,Outdoor,Hard,1.2,4.5,0
Ramanathan R.,435,40,14,26,0,4,14,22,Noguchi R.,291,2,1,1,0,0,1,1,2022-10-04,Tokyo,Rakuten Japan Open Tennis Championships,Outdoor,Hard,1.9,1.9,0
Tseng C. H.,108,8,2,6,0,1,2,5,Kyrgios N.,25,303,195,108,11,7,184,101,2022-10-04,Tokyo,Rakuten Japan Open Tennis Championships,Outdoor,Hard,8.0,1.08,0
Moriya H.,253,14,3,11,1,2,2,9,Shimizu Y.,451,1,0,1,0,0,0,1,2022-10-04,Tokyo,Rakuten Japan Open Tennis Championships,Outdoor,Hard,2.2,1.66,1
Ramos-Vinolas A.,82,437,204,233,17,31,187,202,Medvedev D.,3,406,289,117,69,27,220,90,2022-10-04,Nur-Sultan,Astana Open,Indoor,Hard,10.0,1.06,0
Bublik A.,25,219,110,109,39,30,71,79,Griekspoor T.,37,97,47,50,7,14,40,36,2022-10-04,Nur-Sultan,Astana Open,Indoor,Hard,1.4,3.0,1
Shevchenko A.,93,20,8,12,0,2,8,10,Nardi L.,151,11,2,9,1,3,1,6,2022-10-04,Nur-Sultan,Astana Open,Indoor,Hard,2.37,1.57,0
Tsitsipas S.,5,390,264,126,49,32,215,94,Kukushkin M.,221,352,141,211,50,49,91,162,2022-10-04,Nur-Sultan,Astana Open,Indoor,Hard,1.1,7.0,1
Davidovich Fokina A.,39,168,84,84,17,20,67,64,Kotov P.,89,25,10,15,1,4,9,11,2022-10-04,Nur-Sultan,Astana Open,Indoor,Hard,1.33,3.4,0
Cressy M.,96,96,42,54,10,11,32,43,Khachanov K.,11,378,217,161,44,38,173,123,2022-10-04,Nur-Sultan,Astana Open,Indoor,Hard,2.2,1.66,0
Shimabukuro S.,161,4,1,3,0,0,1,3,Majchrzak K.,121,50,19,31,3,4,16,27,2022-10-04,Tokyo,Rakuten Japan Open Tennis Championships,Outdoor,Hard,2.75,1.44,0
Alcaraz C.,1,164,130,34,10,5,120,29,Goffin D.,123,522,296,226,66,52,230,174,2022-10-04,Nur-Sultan,Astana Open,Indoor,Hard,1.12,6.0,0
Kecmanovic M.,40,210,107,103,12,16,95,87,Nishioka Y.,31,215,99,116,15,15,84,101,2022-10-05,Tokyo,Rakuten Japan Open Tennis Championships,Outdoor,Hard,2.1,1.72,1
Shapovalov D.,29,298,166,132,30,27,136,105,Johnson S.,197,395,196,199,16,23,180,176,2022-10-05,Tokyo,Rakuten Japan Open Tennis Championships,Outdoor,Hard,1.22,4.33,1
Fritz T.,9,356,205,151,26,22,179,129,Duckworth J.,123,143,55,88,10,9,45,79,2022-10-05,Tokyo,Rakuten Japan Open Tennis Championships,Outdoor,Hard,1.25,4.0,1
Munar J.,104,178,75,103,7,12,68,91,Martinez P.,135,118,50,68,7,6,43,62,2022-10-05,Tokyo,Rakuten Japan Open Tennis Championships,Outdoor,Hard,1.44,2.75,0
Kwon S.W.,68,108,53,55,12,6,41,49,Mcdonald M.,60,190,87,103,11,15,76,88,2022-10-05,Tokyo,Rakuten Japan Open Tennis Championships,Outdoor,Hard,1.61,2.3,1
Otte O.,233,78,33,45,6,14,27,31,Cilic M.,100,853,543,310,119,65,424,245,2022-10-05,Nur-Sultan,Astana Open,Indoor,Hard,3.5,1.3,0
Huesler M.A.,88,58,21,37,8,8,13,29,Ruusuvuori E.,55,158,79,79,16,18,63,61,2022-10-05,Nur-Sultan,Astana Open,Indoor,Hard,2.5,1.53,0
Djokovic N.,2,1207,1012,195,146,42,866,153,Garin C.,101,190,103,87,15,13,88,74,2022-10-05,Nur-Sultan,Astana Open,Indoor,Hard,1.05,11.0,1
Rublev A.,7,392,255,137,57,34,198,103,Zhang Zh.,53,44,20,24,1,2,19,22,2022-10-05,Nur-Sultan,Astana Open,Indoor,Hard,1.16,5.0,1
Goffin D.,123,522,296,226,66,52,230,174,Mannarino A.,27,567,264,303,60,73,204,230,2022-10-05,Nur-Sultan,Astana Open,Indoor,Hard,1.66,2.2,0
Bautista Agut R.,25,379,234,145,31,29,203,116,Kotov P.,89,25,10,15,1,4,9,11,2022-10-05,Nur-Sultan,Astana Open,Indoor,Hard,1.22,4.33,1
Tsitsipas S.,5,390,264,126,49,32,215,94,Nardi L.,151,11,2,9,1,3,1,6,2022-10-05,Nur-Sultan,Astana Open,Indoor,Hard,1.16,5.0,1
Kecmanovic M.,40,210,107,103,12,16,95,87,Evans D.,30,251,124,127,18,16,106,111,2022-10-06,Tokyo,Rakuten Japan Open Tennis Championships,Outdoor,Hard,2.0,1.8,1
Zapata Miralles B.,54,80,32,48,1,6,31,42,Tiafoe F.,10,303,158,145,24,23,134,122,2022-10-06,Tokyo,Rakuten Japan Open Tennis Championships,Outdoor,Hard,4.0,1.25,0
Djokovic N.,2,1207,1012,195,146,42,866,153,Van De Zandschulp B.,44,117,63,54,11,11,52,43,2022-10-06,Nur-Sultan,Astana Open,Indoor,Hard,1.08,8.0,1
Ruusuvuori E.,55,158,79,79,16,18,63,61,Medvedev D.,3,406,289,117,69,27,220,90,2022-10-06,Nur-Sultan,Astana Open,Indoor,Hard,5.0,1.16,0
Moriya H.,253,14,3,11,1,2,2,9,Fritz T.,9,356,205,151,26,22,179,129,2022-10-06,Tokyo,Rakuten Japan Open Tennis Championships,Outdoor,Hard,9.0,1.07,0
Noguchi R.,291,2,1,1,0,0,1,1,Shapovalov D.,29,298,166,132,30,27,136,105,2022-10-06,Tokyo,Rakuten Japan Open Tennis Championships,Outdoor,Hard,8.0,1.08,0
Coric B.,15,343,185,158,28,28,157,130,Nakashima B.,70,106,57,49,6,5,51,44,2022-10-06,Tokyo,Rakuten Japan Open Tennis Championships,Outdoor,Hard,1.9,1.9,1
Kyrgios N.,25,303,195,108,11,7,184,101,Majchrzak K.,121,50,19,31,3,4,16,27,2022-10-06,Tokyo,Rakuten Japan Open Tennis Championships,Outdoor,Hard,1.07,9.0,1
Hurkacz H.,17,238,137,101,27,24,110,77,Bublik A.,25,219,110,109,39,30,71,79,2022-10-06,Nur-Sultan,Astana Open,Indoor,Hard,1.57,2.37,1
Cilic M.,100,853,543,310,119,65,424,245,Khachanov K.,11,378,217,161,44,38,173,123,2022-10-06,Nur-Sultan,Astana Open,Indoor,Hard,2.0,1.8,0
Tiafoe F.,10,303,158,145,24,23,134,122,Kecmanovic M.,40,210,107,103,12,16,95,87,2022-10-07,Tokyo,Rakuten Japan Open Tennis Championships,Outdoor,Hard,1.5,2.62,1
Tsitsipas S.,5,390,264,126,49,32,215,94,Hurkacz H.,17,238,137,101,27,24,110,77,2022-10-07,Nur-Sultan,Astana Open,Indoor,Hard,1.72,2.1,1
Medvedev D.,3,406,289,117,69,27,220,90,Bautista Agut R.,25,379,234,145,31,29,203,116,2022-10-07,Nur-Sultan,Astana Open,Indoor,Hard,1.4,3.0,1
Djokovic N.,2,1207,1012,195,146,42,866,153,Khachanov K.,11,378,217,161,44,38,173,123,2022-10-07,Nur-Sultan,Astana Open,Indoor,Hard,1.12,6.0,1
Martinez P.,135,118,50,68,7,6,43,62,Kwon S.W.,68,108,53,55,12,6,41,49,2022-10-07,Tokyo,Rakuten Japan Open Tennis Championships,Outdoor,Hard,3.0,1.4,0
Rublev A.,7,392,255,137,57,34,198,103,Mannarino A.,27,567,264,303,60,73,204,230,2022-10-07,Nur-Sultan,Astana Open,Indoor,Hard,1.22,4.33,1
Shapovalov D.,29,298,166,132,30,27,136,105,Coric B.,15,343,185,158,28,28,157,130,2022-10-07,Tokyo,Rakuten Japan Open Tennis Championships,Outdoor,Hard,2.2,1.66,1
Fritz T.,9,356,205,151,26,22,179,129,Kyrgios N.,25,303,195,108,11,7,184,101,2022-10-07,Tokyo,Rakuten Japan Open Tennis Championships,Outdoor,Hard,2.62,1.5,1
Kwon S.W.,68,108,53,55,12,6,41,49,Tiafoe F.,10,303,158,145,24,23,134,122,2022-10-08,Tokyo,Rakuten Japan Open Tennis Championships,Outdoor,Hard,3.5,1.3,0
Fritz T.,9,356,205,151,26,22,179,129,Shapovalov D.,29,298,166,132,30,27,136,105,2022-10-08,Tokyo,Rakuten Japan Open Tennis Championships,Outdoor,Hard,2.1,1.72,1
Medvedev D.,3,406,289,117,69,27,220,90,Djokovic N.,2,1207,1012,195,146,42,866,153,2022-10-08,Nur-Sultan,Astana Open,Indoor,Hard,2.62,1.5,0
Tsitsipas S.,5,390,264,126,49,32,215,94,Rublev A.,7,392,255,137,57,34,198,103,2022-10-08,Nur-Sultan,Astana Open,Indoor,Hard,1.8,2.0,1
Tiafoe F.,10,303,158,145,24,23,134,122,Fritz T.,9,356,205,151,26,22,179,129,2022-10-09,Tokyo,Rakuten Japan Open Tennis Championships,Outdoor,Hard,2.1,1.72,0
Tsitsipas S.,5,390,264,126,49,32,215,94,Djokovic N.,2,1207,1012,195,146,42,866,153,2022-10-09,Nur-Sultan,Astana Open,Indoor,Hard,4.0,1.25,0
Baez S.,72,95,47,48,6,6,41,42,Lestienne C.,109,40,13,27,6,9,7,18,2022-10-10,Gijon,Gijon Open,Indoor,Hard,2.5,1.53,0
Landaluce M.,720,3,0,3,0,1,0,2,Paul T.,14,204,111,93,19,13,92,80,2022-10-10,Gijon,Gijon Open,Indoor,Hard,11.0,1.05,0
Thiem D.,116,517,327,190,53,39,274,151,Sousa J.,147,436,189,247,42,44,147,203,2022-10-10,Gijon,Gijon Open,Indoor,Hard,1.25,4.0,1
Taberner C.,181,37,13,24,4,6,9,18,Rinderknech A.,67,96,46,50,16,12,30,38,2022-10-10,Gijon,Gijon Open,Indoor,Hard,4.0,1.25,0
Bonzi B.,107,83,37,46,10,13,27,33,Monteiro T.,121,171,69,102,9,11,60,91,2022-10-10,Gijon,Gijon Open,Indoor,Hard,1.36,3.2,0
Carballes Baena R.,64,207,91,116,11,10,80,106,Galan D.E.,76,78,33,45,3,5,30,40,2022-10-10,Florence,Firenze Open,Indoor,Hard,2.3,1.61,1
Cobolli F.,148,14,5,9,0,1,5,8,Moutet C.,80,118,50,68,5,11,45,57,2022-10-10,Florence,Firenze Open,Indoor,Hard,2.75,1.44,0
Wolf J.J.,45,75,39,36,8,6,31,30,Maestrelli F.,186,1,0,1,0,1,0,0,2022-10-10,Florence,Firenze Open,Indoor,Hard,1.36,3.2,1
Karatsev A.,75,136,66,70,10,22,56,48,Griekspoor T.,37,97,47,50,7,14,40,36,2022-10-10,Florence,Firenze Open,Indoor,Hard,2.37,1.57,1
Celikbilek A.,230,9,4,5,3,3,1,2,Zeppieri G.,129,13,4,9,0,1,4,8,2022-10-10,Florence,Firenze Open,Indoor,Hard,1.72,2.1,1
Fognini F.,128,742,383,359,39,48,344,311,Guinard M.,148,9,4,5,2,2,2,3,2022-10-11,Gijon,Gijon Open,Indoor,Hard,1.44,2.75,0
Trungelliti M.,240,33,13,20,2,2,11,18,Alvarez Varona N.,231,3,1,2,1,1,0,1,2022-10-11,Gijon,Gijon Open,Indoor,Hard,1.61,2.3,0
Giron M.,69,150,68,82,20,14,48,68,Ramos-Vinolas A.,82,437,204,233,17,31,187,202,2022-10-11,Gijon,Gijon Open,Indoor,Hard,1.53,2.5,1
Davidovich Fokina A.,39,168,84,84,17,20,67,64,Murray A.,44,932,687,245,132,47,555,198,2022-10-11,Gijon,Gijon Open,Indoor,Hard,2.1,1.72,0
Lopez F.,634,863,441,422,71,82,370,340,Ivashka I.,113,159,78,81,19,18,59,63,2022-10-11,Gijon,Gijon Open,Indoor,Hard,6.5,1.11,0
Bublik A.,25,219,110,109,39,30,71,79,Garin C.,101,190,103,87,15,13,88,74,2022-10-11,Florence,Firenze Open,Indoor,Hard,1.25,4.0,1
Zhang Zh.,53,44,20,24,1,2,19,22,Passaro F.,126,10,3,7,1,1,2,6,2022-10-11,Florence,Firenze Open,Indoor,Hard,1.53,2.5,0
Nakashima B.,70,106,57,49,6,5,51,44,Gasquet R.,48,948,581,367,133,82,448,285,2022-10-11,Florence,Firenze Open,Indoor,Hard,1.44,2.75,1
Sonego L.,43,221,107,114,19,17,88,97,Zapata Miralles B.,54,80,32,48,1,6,31,42,2022-10-11,Florence,Firenze Open,Indoor,Hard,1.28,3.75,0
Fucsovics M.,67,249,121,128,26,24,95,104,Otte O.,233,78,33,45,6,14,27,31,2022-10-11,Florence,Firenze Open,Indoor,Hard,2.1,1.72,0
Ymer M.,59,130,58,72,18,23,40,49,Van Rijthoven T.,110,19,10,9,0,4,10,5,2022-10-11,Florence,Firenze Open,Indoor,Hard,1.72,2.1,1
Vatutin A.,295,8,2,6,0,2,2,4,Cachin P.,54,52,23,29,1,3,22,26,2022-10-12,Gijon,Gijon Open,Indoor,Hard,2.5,1.53,0
Alvarez Varona N.,231,3,1,2,1,1,0,1,Paul T.,14,204,111,93,19,13,92,80,2022-10-12,Gijon,Gijon Open,Indoor,Hard,8.0,1.08,0
Carreno Busta P.,16,352,214,138,33,25,181,113,Monteiro T.,121,171,69,102,9,11,60,91,2022-10-12,Gijon,Gijon Open,Indoor,Hard,1.12,6.0,1
Thiem D.,116,517,327,190,53,39,274,151,Giron M.,69,150,68,82,20,14,48,68,2022-10-12,Gijon,Gijon Open,Indoor,Hard,1.4,3.0,1
Lestienne C.,109,40,13,27,6,9,7,18,Rinderknech A.,67,96,46,50,16,12,30,38,2022-10-12,Gijon,Gijon Open,Indoor,Hard,2.0,1.8,0
Korda S.,26,126,75,51,15,9,60,42,Munar J.,104,178,75,103,7,12,68,91,2022-10-12,Gijon,Gijon Open,Indoor,Hard,1.44,2.75,1
Bublik A.,25,219,110,109,39,30,71,79,Moutet C.,80,118,50,68,5,11,45,57,2022-10-12,Florence,Firenze Open,Indoor,Hard,1.4,3.0,1
Brooksby J.,39,79,46,33,6,5,40,28,Mcdonald M.,60,190,87,103,11,15,76,88,2022-10-12,Florence,Firenze Open,Indoor,Hard,1.44,2.75,0
Karatsev A.,75,136,66,70,10,22,56,48,Ymer M.,59,130,58,72,18,23,40,49,2022-10-12,Florence,Firenze Open,Indoor,Hard,2.5,1.53,0
Berrettini M.,38,217,142,75,14,11,128,64,Carballes Baena R.,64,207,91,116,11,10,80,106,2022-10-12,Florence,Firenze Open,Indoor,Hard,1.08,8.0,0
Cressy M.,96,96,42,54,10,11,32,43,Wolf J.J.,45,75,39,36,8,6,31,30,2022-10-12,Florence,Firenze Open,Indoor,Hard,1.61,2.3,0
Korda S.,26,126,75,51,15,9,60,42,Bautista Agut R.,25,379,234,145,31,29,203,116,2022-10-13,Gijon,Gijon Open,Indoor,Hard,2.0,1.8,1
Ivashka I.,113,159,78,81,19,18,59,63,Rublev A.,7,392,255,137,57,34,198,103,2022-10-13,Gijon,Gijon Open,Indoor,Hard,3.5,1.3,0
Murray A.,44,932,687,245,132,47,555,198,Cachin P.,54,52,23,29,1,3,22,26,2022-10-13,Gijon,Gijon Open,Indoor,Hard,1.22,4.33,1
Cerundolo F.,21,104,58,46,3,7,55,39,Guinard M.,148,9,4,5,2,2,2,3,2022-10-13,Gijon,Gijon Open,Indoor,Hard,1.44,2.75,1
Otte O.,233,78,33,45,6,14,27,31,Auger-Aliassime F.,12,268,163,105,48,22,115,83,2022-10-13,Florence,Firenze Open,Indoor,Hard,4.5,1.2,0
Musetti L.,18,143,79,64,12,12,67,52,Zapata Miralles B.,54,80,32,48,1,6,31,42,2022-10-13,Florence,Firenze Open,Indoor,Hard,1.44,2.75,1
Nakashima B.,70,106,57,49,6,5,51,44,Celikbilek A.,230,9,4,5,3,3,1,2,2022-10-13,Florence,Firenze Open,Indoor,Hard,1.14,5.5,1
Mcdonald M.,60,190,87,103,11,15,76,88,Passaro F.,126,10,3,7,1,1,2,6,2022-10-13,Florence,Firenze Open,Indoor,Hard,1.3,3.5,1
Thiem D.,116,517,327,190,53,39,274,151,Cerundolo F.,21,104,58,46,3,7,55,39,2022-10-14,Gijon,Gijon Open,Indoor,Hard,1.4,3.0,1
Carreno Busta P.,16,352,214,138,33,25,181,113,Rinderknech A.,67,96,46,50,16,12,30,38,2022-10-14,Gijon,Gijon Open,Indoor,Hard,1.33,3.4,0
Ymer M.,59,130,58,72,18,23,40,49,Carballes Baena R.,64,207,91,116,11,10,80,106,2022-10-14,Florence,Firenze Open,Indoor,Hard,1.5,2.62,1
Wolf J.J.,45,75,39,36,8,6,31,30,Bublik A.,25,219,110,109,39,30,71,79,2022-10-14,Florence,Firenze Open,Indoor,Hard,2.62,1.5,1
Musetti L.,18,143,79,64,12,12,67,52,Mcdonald M.,60,190,87,103,11,15,76,88,2022-10-14,Florence,Firenze Open,Indoor,Hard,1.44,2.75,1
Auger-Aliassime F.,12,268,163,105,48,22,115,83,Nakashima B.,70,106,57,49,6,5,51,44,2022-10-14,Florence,Firenze Open,Indoor,Hard,1.53,2.5,1
Paul T.,14,204,111,93,19,13,92,80,Rublev A.,7,392,255,137,57,34,198,103,2022-10-14,Gijon,Gijon Open,Indoor,Hard,2.75,1.44,0
Murray A.,44,932,687,245,132,47,555,198,Korda S.,26,126,75,51,15,9,60,42,2022-10-14,Gijon,Gijon Open,Indoor,Hard,2.5,1.53,0
Thiem D.,116,517,327,190,53,39,274,151,Rublev A.,7,392,255,137,57,34,198,103,2022-10-15,Gijon,Gijon Open,Indoor,Hard,3.5,1.3,0
Korda S.,26,126,75,51,15,9,60,42,Rinderknech A.,67,96,46,50,16,12,30,38,2022-10-15,Gijon,Gijon Open,Indoor,Hard,1.4,3.0,1
Auger-Aliassime F.,12,268,163,105,48,22,115,83,Musetti L.,18,143,79,64,12,12,67,52,2022-10-15,Florence,Firenze Open,Indoor,Hard,1.44,2.75,1
Wolf J.J.,45,75,39,36,8,6,31,30,Ymer M.,59,130,58,72,18,23,40,49,2022-10-15,Florence,Firenze Open,Indoor,Hard,2.37,1.57,1
Korda S.,26,126,75,51,15,9,60,42,Rublev A.,7,392,255,137,57,34,198,103,2022-10-16,Gijon,Gijon Open,Indoor,Hard,3.0,1.4,0
Wolf J.J.,45,75,39,36,8,6,31,30,Auger-Aliassime F.,12,268,163,105,48,22,115,83,2022-10-16,Florence,Firenze Open,Indoor,Hard,4.5,1.2,0
Draper J.,55,51,29,22,2,3,27,19,Brooksby J.,39,79,46,33,6,5,40,28,2022-10-17,Antwerp,European Open,Indoor,Hard,2.0,1.8,1
Evans D.,30,251,124,127,18,16,106,111,Griekspoor T.,37,97,47,50,7,14,40,36,2022-10-17,Antwerp,European Open,Indoor,Hard,1.36,3.2,1
Wawrinka S.,72,854,535,319,84,69,451,250,Gasquet R.,48,948,581,367,133,82,448,285,2022-10-17,Antwerp,European Open,Indoor,Hard,1.53,2.5,0
Cressy M.,96,96,42,54,10,11,32,43,Ivashka I.,113,159,78,81,19,18,59,63,2022-10-17,Stockholm,Stockholm Open,Indoor,Hard,2.5,1.53,1
Garin C.,101,190,103,87,15,13,88,74,Kubler J.,77,53,24,29,0,1,24,28,2022-10-17,Stockholm,Stockholm Open,Indoor,Hard,2.37,1.57,1
Rosol L.,226,259,110,149,22,34,88,115,Karatsev A.,75,136,66,70,10,22,56,48,2022-10-17,Stockholm,Stockholm Open,Indoor,Hard,2.75,1.44,0
Monteiro T.,121,171,69,102,9,11,60,91,Rune H.,6,131,83,48,28,9,55,39,2022-10-17,Stockholm,Stockholm Open,Indoor,Hard,3.75,1.28,0
Mannarino A.,27,567,264,303,60,73,204,230,Cachin P.,54,52,23,29,1,3,22,26,2022-10-18,Napoli,Napoli Cup,Outdoor,Hard,1.4,3.0,0
Galan D.E.,76,78,33,45,3,5,30,40,Zapata Miralles B.,54,80,32,48,1,6,31,42,2022-10-18,Napoli,Napoli Cup,Outdoor,Hard,2.0,1.8,1
Ramos-Vinolas A.,82,437,204,233,17,31,187,202,Borges N.,69,28,10,18,1,1,9,17,2022-10-18,Napoli,Napoli Cup,Outdoor,Hard,1.8,2.0,0
Kecmanovic M.,40,210,107,103,12,16,95,87,Cobolli F.,148,14,5,9,0,1,5,8,2022-10-18,Napoli,Napoli Cup,Outdoor,Hard,1.25,4.0,1
De Minaur A.,19,272,161,111,30,19,131,92,Bonzi B.,107,83,37,46,10,13,27,33,2022-10-18,Stockholm,Stockholm Open,Indoor,Hard,1.36,3.2,1
Ruusuvuori E.,55,158,79,79,16,18,63,61,Sousa J.,147,436,189,247,42,44,147,203,2022-10-18,Stockholm,Stockholm Open,Indoor,Hard,1.2,4.5,1
Dimitrov G.,20,651,389,262,79,50,310,212,Lehecka J.,33,61,30,31,4,4,26,27,2022-10-18,Stockholm,Stockholm Open,Indoor,Hard,1.28,3.75,0
Ymer M.,59,130,58,72,18,23,40,49,Halys Q.,79,72,23,49,3,10,20,39,2022-10-18,Stockholm,Stockholm Open,Indoor,Hard,1.36,3.2,1
Borg L.,437,4,1,3,0,2,1,1,Paul T.,14,204,111,93,19,13,92,80,2022-10-18,Stockholm,Stockholm Open,Indoor,Hard,29.0,1.005,0
Bellier A.,190,9,4,5,1,2,3,3,Shevchenko A.,93,20,8,12,0,2,8,10,2022-10-18,Stockholm,Stockholm Open,Indoor,Hard,2.37,1.57,1
Martinez P.,135,118,50,68,7,6,43,62,Daniel T.,111,178,67,111,3,10,64,101,2022-10-18,Napoli,Napoli Cup,Outdoor,Hard,2.1,1.72,0
Munar J.,104,178,75,103,7,12,68,91,Van Rijthoven T.,110,19,10,9,0,4,10,5,2022-10-18,Antwerp,European Open,Indoor,Hard,2.2,1.66,1
Van Assche L.,68,20,7,13,0,3,7,10,Nishioka Y.,31,215,99,116,15,15,84,101,2022-10-18,Antwerp,European Open,Indoor,Hard,4.5,1.2,0
Huesler M.A.,88,58,21,37,8,8,13,29,Cerundolo F.,21,104,58,46,3,7,55,39,2022-10-18,Antwerp,European Open,Indoor,Hard,1.66,2.2,0
Bailly G.,1185,1,0,1,0,1,0,0,Goffin D.,123,522,296,226,66,52,230,174,2022-10-18,Antwerp,European Open,Indoor,Hard,11.0,1.05,0
Stricker D.,106,20,10,10,2,2,8,8,Van De Zandschulp B.,44,117,63,54,11,11,52,43,2022-10-18,Antwerp,European Open,Indoor,Hard,3.5,1.3,1
De Jong J.,180,3,0,3,0,1,0,2,Lestienne C.,109,40,13,27,6,9,7,18,2022-10-18,Antwerp,European Open,Indoor,Hard,3.0,1.4,0
Cressy M.,96,96,42,54,10,11,32,43,Tsitsipas S.,5,390,264,126,49,32,215,94,2022-10-19,Stockholm,Stockholm Open,Indoor,Hard,3.75,1.28,0
Garin C.,101,190,103,87,15,13,88,74,Rune H.,6,131,83,48,28,9,55,39,2022-10-19,Stockholm,Stockholm Open,Indoor,Hard,3.4,1.33,0
Shapovalov D.,29,298,166,132,30,27,136,105,Bellier A.,190,9,4,5,1,2,3,3,2022-10-19,Stockholm,Stockholm Open,Indoor,Hard,1.11,6.5,1
Karatsev A.,75,136,66,70,10,22,56,48,Norrie C.,13,287,172,115,15,18,157,97,2022-10-19,Stockholm,Stockholm Open,Indoor,Hard,3.2,1.36,0
Moutet C.,80,118,50,68,5,11,45,57,Nardi L.,151,11,2,9,1,3,1,6,2022-10-19,Napoli,Napoli Cup,Outdoor,Hard,1.72,2.1,1
Baez S.,72,95,47,48,6,6,41,42,Sonego L.,43,221,107,114,19,17,88,97,2022-10-19,Napoli,Napoli Cup,Outdoor,Hard,3.5,1.3,1
Carballes Baena R.,64,207,91,116,11,10,80,106,Jarry N.,28,141,73,68,9,6,64,62,2022-10-19,Napoli,Napoli Cup,Outdoor,Hard,1.8,2.0,1
Nishioka Y.,31,215,99,116,15,15,84,101,Munar J.,104,178,75,103,7,12,68,91,2022-10-19,Antwerp,European Open,Indoor,Hard,1.57,2.37,1
Draper J.,55,51,29,22,2,3,27,19,Hurkacz H.,17,238,137,101,27,24,110,77,2022-10-19,Antwerp,European Open,Indoor,Hard,2.2,1.66,0
Ymer E.,186,81,24,57,3,11,21,46,Otte O.,233,78,33,45,6,14,27,31,2022-10-19,Stockholm,Stockholm Open,Indoor,Hard,2.5,1.53,1
Wolf J.J.,45,75,39,36,8,6,31,30,Molcan A.,120,86,45,41,1,6,44,35,2022-10-19,Stockholm,Stockholm Open,Indoor,Hard,1.61,2.3,1
Evans D.,30,251,124,127,18,16,106,111,Lestienne C.,109,40,13,27,6,9,7,18,2022-10-19,Antwerp,European Open,Indoor,Hard,1.36,3.2,1
Thiem D.,116,517,327,190,53,39,274,151,Geerts M.,268,1,0,1,0,1,0,0,2022-10-19,Antwerp,European Open,Indoor,Hard,1.12,6.0,1
Giron M.,69,150,68,82,20,14,48,68,Korda S.,26,126,75,51,15,9,60,42,2022-10-19,Antwerp,European Open,Indoor,Hard,2.75,1.44,0
Guinard M.,148,9,4,5,2,2,2,3,Blancaneaux G.,152,6,0,6,0,4,0,2,2022-10-19,Antwerp,European Open,Indoor,Hard,1.9,1.9,1
Stricker D.,106,20,10,10,2,2,8,8,Gasquet R.,48,948,581,367,133,82,448,285,2022-10-19,Antwerp,European Open,Indoor,Hard,1.9,1.9,0
Moutet C.,80,118,50,68,5,11,45,57,Kecmanovic M.,40,210,107,103,12,16,95,87,2022-10-20,Napoli,Napoli Cup,Outdoor,Hard,3.2,1.36,0
De Minaur A.,19,272,161,111,30,19,131,92,Wolf J.J.,45,75,39,36,8,6,31,30,2022-10-20,Stockholm,Stockholm Open,Indoor,Hard,1.4,3.0,1
Djere L.,38,243,120,123,10,22,110,101,Musetti L.,18,143,79,64,12,12,67,52,2022-10-20,Napoli,Napoli Cup,Outdoor,Hard,2.62,1.5,0
Auger-Aliassime F.,12,268,163,105,48,22,115,83,Guinard M.,148,9,4,5,2,2,2,3,2022-10-20,Antwerp,European Open,Indoor,Hard,1.11,6.5,1
Mcdonald M.,60,190,87,103,11,15,76,88,Bautista Agut R.,25,379,234,145,31,29,203,116,2022-10-20,Napoli,Napoli Cup,Outdoor,Hard,3.0,1.4,1
Goffin D.,123,522,296,226,66,52,230,174,Schwartzman D.,95,428,233,195,32,27,201,168,2022-10-20,Antwerp,European Open,Indoor,Hard,1.9,1.9,1
Tiafoe F.,10,303,158,145,24,23,134,122,Ymer E.,186,81,24,57,3,11,21,46,2022-10-20,Stockholm,Stockholm Open,Indoor,Hard,1.22,4.33,1
Paul T.,14,204,111,93,19,13,92,80,Ymer M.,59,130,58,72,18,23,40,49,2022-10-20,Stockholm,Stockholm Open,Indoor,Hard,1.8,2.0,0
Ruusuvuori E.,55,158,79,79,16,18,63,61,Lehecka J.,33,61,30,31,4,4,26,27,2022-10-20,Stockholm,Stockholm Open,Indoor,Hard,1.33,3.4,1
Borges N.,69,28,10,18,1,1,9,17,Galan D.E.,76,78,33,45,3,5,30,40,2022-10-20,Napoli,Napoli Cup,Outdoor,Hard,1.8,2.0,0
Korda S.,26,126,75,51,15,9,60,42,Khachanov K.,11,378,217,161,44,38,173,123,2022-10-20,Antwerp,European Open,Indoor,Hard,2.1,1.72,1
Thiem D.,116,517,327,190,53,39,274,151,Cerundolo F.,21,104,58,46,3,7,55,39,2022-10-20,Antwerp,European Open,Indoor,Hard,1.36,3.2,1
Zhang Zh.,53,44,20,24,1,2,19,22,Fucsovics M.,67,249,121,128,26,24,95,104,2022-10-20,Napoli,Napoli Cup,Outdoor,Hard,2.0,1.8,1
Grenier H.,122,16,5,11,1,2,4,9,Fognini F.,128,742,383,359,39,48,344,311,2022-10-20,Napoli,Napoli Cup,Outdoor,Hard,1.9,1.9,0
Gojo B.,115,14,3,11,0,1,3,10,Djere L.,38,243,120,123,10,22,110,101,2022-10-20,Napoli,Napoli Cup,Outdoor,Hard,2.2,1.66,0
Cachin P.,54,52,23,29,1,3,22,26,Daniel T.,111,178,67,111,3,10,64,101,2022-10-20,Napoli,Napoli Cup,Outdoor,Hard,2.2,1.66,0
Carballes Baena R.,64,207,91,116,11,10,80,106,Berrettini M.,38,217,142,75,14,11,128,64,2022-10-20,Napoli,Napoli Cup,Outdoor,Hard,5.5,1.14,0
Mcdonald M.,60,190,87,103,11,15,76,88,Passaro F.,126,10,3,7,1,1,2,6,2022-10-20,Napoli,Napoli Cup,Outdoor,Hard,1.3,3.5,1
Baez S.,72,95,47,48,6,6,41,42,Zhang Zh.,53,44,20,24,1,2,19,22,2022-10-20,Napoli,Napoli Cup,Outdoor,Hard,1.72,2.1,0
Shapovalov D.,29,298,166,132,30,27,136,105,De Minaur A.,19,272,161,111,30,19,131,92,2022-10-21,Stockholm,Stockholm Open,Indoor,Hard,1.9,1.9,0
Ymer M.,59,130,58,72,18,23,40,49,Tsitsipas S.,5,390,264,126,49,32,215,94,2022-10-21,Stockholm,Stockholm Open,Indoor,Hard,4.0,1.25,0
Ruusuvuori E.,55,158,79,79,16,18,63,61,Tiafoe F.,10,303,158,145,24,23,134,122,2022-10-21,Stockholm,Stockholm Open,Indoor,Hard,2.0,1.8,1
Norrie C.,13,287,172,115,15,18,157,97,Rune H.,6,131,83,48,28,9,55,39,2022-10-21,Stockholm,Stockholm Open,Indoor,Hard,1.66,2.2,0
Kecmanovic M.,40,210,107,103,12,16,95,87,Carreno Busta P.,16,352,214,138,33,25,181,113,2022-10-21,Napoli,Napoli Cup,Outdoor,Hard,2.37,1.57,1
Mcdonald M.,60,190,87,103,11,15,76,88,Zhang Zh.,53,44,20,24,1,2,19,22,2022-10-21,Napoli,Napoli Cup,Outdoor,Hard,1.53,2.5,1
Musetti L.,18,143,79,64,12,12,67,52,Galan D.E.,76,78,33,45,3,5,30,40,2022-10-21,Napoli,Napoli Cup,Outdoor,Hard,1.3,3.5,1
Daniel T.,111,178,67,111,3,10,64,101,Berrettini M.,38,217,142,75,14,11,128,64,2022-10-21,Napoli,Napoli Cup,Outdoor,Hard,6.0,1.12,0
Carreno Busta P.,16,352,214,138,33,25,181,113,Fognini F.,128,742,383,359,39,48,344,311,2022-10-21,Napoli,Napoli Cup,Outdoor,Hard,1.3,3.5,1
Auger-Aliassime F.,12,268,163,105,48,22,115,83,Evans D.,30,251,124,127,18,16,106,111,2022-10-21,Antwerp,European Open,Indoor,Hard,1.36,3.2,1
Goffin D.,123,522,296,226,66,52,230,174,Gasquet R.,48,948,581,367,133,82,448,285,2022-10-21,Antwerp,European Open,Indoor,Hard,1.57,2.37,0
Thiem D.,116,517,327,190,53,39,274,151,Hurkacz H.,17,238,137,101,27,24,110,77,2022-10-21,Antwerp,European Open,Indoor,Hard,2.75,1.44,1
Nishioka Y.,31,215,99,116,15,15,84,101,Korda S.,26,126,75,51,15,9,60,42,2022-10-21,Antwerp,European Open,Indoor,Hard,2.75,1.44,0
Korda S.,26,126,75,51,15,9,60,42,Thiem D.,116,517,327,190,53,39,274,151,2022-10-22,Antwerp,European Open,Indoor,Hard,1.61,2.3,1
Musetti L.,18,143,79,64,12,12,67,52,Kecmanovic M.,40,210,107,103,12,16,95,87,2022-10-22,Napoli,Napoli Cup,Outdoor,Hard,1.8,2.0,1
Berrettini M.,38,217,142,75,14,11,128,64,Mcdonald M.,60,190,87,103,11,15,76,88,2022-10-22,Napoli,Napoli Cup,Outdoor,Hard,1.16,5.0,1
Gasquet R.,48,948,581,367,133,82,448,285,Auger-Aliassime F.,12,268,163,105,48,22,115,83,2022-10-22,Antwerp,European Open,Indoor,Hard,5.0,1.16,0
Ruusuvuori E.,55,158,79,79,16,18,63,61,Tsitsipas S.,5,390,264,126,49,32,215,94,2022-10-22,Stockholm,Stockholm Open,Indoor,Hard,3.2,1.36,0
Rune H.,6,131,83,48,28,9,55,39,De Minaur A.,19,272,161,111,30,19,131,92,2022-10-22,Stockholm,Stockholm Open,Indoor,Hard,2.2,1.66,1
Rune H.,6,131,83,48,28,9,55,39,Tsitsipas S.,5,390,264,126,49,32,215,94,2022-10-23,Stockholm,Stockholm Open,Indoor,Hard,3.2,1.36,1
Berrettini M.,38,217,142,75,14,11,128,64,Musetti L.,18,143,79,64,12,12,67,52,2022-10-23,Napoli,Napoli Cup,Outdoor,Hard,1.9,1.9,0
Korda S.,26,126,75,51,15,9,60,42,Auger-Aliassime F.,12,268,163,105,48,22,115,83,2022-10-23,Antwerp,European Open,Indoor,Hard,2.5,1.53,0
Nishioka Y.,31,215,99,116,15,15,84,101,Fritz T.,9,356,205,151,26,22,179,129,2022-10-24,Vienna,Vienna Open,Indoor,Hard,3.4,1.33,0
Misolic F.,158,11,6,5,0,1,6,4,Cerundolo F.,21,104,58,46,3,7,55,39,2022-10-24,Vienna,Vienna Open,Indoor,Hard,3.2,1.36,0
Schwartzman D.,95,428,233,195,32,27,201,168,Rublev A.,7,392,255,137,57,34,198,103,2022-10-24,Vienna,Vienna Open,Indoor,Hard,6.0,1.12,0
Halys Q.,79,72,23,49,3,10,20,39,Coric B.,15,343,185,158,28,28,157,130,2022-10-24,Vienna,Vienna Open,Indoor,Hard,2.75,1.44,0
Wolf J.J.,45,75,39,36,8,6,31,30,Khachanov K.,11,378,217,161,44,38,173,123,2022-10-24,Vienna,Vienna Open,Indoor,Hard,2.75,1.44,0
Rinderknech A.,67,96,46,50,16,12,30,38,Cilic M.,100,853,543,310,119,65,424,245,2022-10-24,Basel,Swiss Indoors,Indoor,Hard,3.4,1.33,1
Nakashima B.,70,106,57,49,6,5,51,44,Goffin D.,123,522,296,226,66,52,230,174,2022-10-24,Basel,Swiss Indoors,Indoor,Hard,1.5,2.62,1
Bublik A.,25,219,110,109,39,30,71,79,Karatsev A.,75,136,66,70,10,22,56,48,2022-10-24,Basel,Swiss Indoors,Indoor,Hard,1.44,2.75,1
Draper J.,55,51,29,22,2,3,27,19,Alcaraz C.,1,164,130,34,10,5,120,29,2022-10-24,Basel,Swiss Indoors,Indoor,Hard,3.0,1.4,0
Otte O.,233,78,33,45,6,14,27,31,Evans D.,30,251,124,127,18,16,106,111,2022-10-25,Vienna,Vienna Open,Indoor,Hard,2.75,1.44,0
Monteiro T.,121,171,69,102,9,11,60,91,Dimitrov G.,20,651,389,262,79,50,310,212,2022-10-25,Vienna,Vienna Open,Indoor,Hard,3.2,1.36,0
Ruusuvuori E.,55,158,79,79,16,18,63,61,Sonego L.,43,221,107,114,19,17,88,97,2022-10-25,Vienna,Vienna Open,Indoor,Hard,1.61,2.3,1
Shapovalov D.,29,298,166,132,30,27,136,105,Rodionov J.,118,26,9,17,2,3,7,14,2022-10-25,Vienna,Vienna Open,Indoor,Hard,1.22,4.33,1
Paul T.,14,204,111,93,19,13,92,80,Thiem D.,116,517,327,190,53,39,274,151,2022-10-25,Vienna,Vienna Open,Indoor,Hard,2.37,1.57,0
Cachin P.,54,52,23,29,1,3,22,26,Norrie C.,13,287,172,115,15,18,157,97,2022-10-25,Vienna,Vienna Open,Indoor,Hard,5.5,1.14,0
Hurkacz H.,17,238,137,101,27,24,110,77,Tiafoe F.,10,303,158,145,24,23,134,122,2022-10-25,Vienna,Vienna Open,Indoor,Hard,1.57,2.37,1
Carreno Busta P.,16,352,214,138,33,25,181,113,Baez S.,72,95,47,48,6,6,41,42,2022-10-25,Basel,Swiss Indoors,Indoor,Hard,1.2,4.5,1
Molcan A.,120,86,45,41,1,6,44,35,Mcdonald M.,60,190,87,103,11,15,76,88,2022-10-25,Basel,Swiss Indoors,Indoor,Hard,2.3,1.61,1
Davidovich Fokina A.,39,168,84,84,17,20,67,64,Kecmanovic M.,40,210,107,103,12,16,95,87,2022-10-25,Basel,Swiss Indoors,Indoor,Hard,2.5,1.53,0
Djere L.,38,243,120,123,10,22,110,101,Bautista Agut R.,25,379,234,145,31,29,203,116,2022-10-25,Basel,Swiss Indoors,Indoor,Hard,3.4,1.33,0
Ruud C.,4,275,176,99,19,16,157,83,Wawrinka S.,72,854,535,319,84,69,451,250,2022-10-25,Basel,Swiss Indoors,Indoor,Hard,1.44,2.75,0
Cressy M.,96,96,42,54,10,11,32,43,Stricker D.,106,20,10,10,2,2,8,8,2022-10-25,Basel,Swiss Indoors,Indoor,Hard,1.57,2.37,0
Mannarino A.,27,567,264,303,60,73,204,230,Van De Zandschulp B.,44,117,63,54,11,11,52,43,2022-10-25,Basel,Swiss Indoors,Indoor,Hard,2.37,1.57,0
Murray A.,44,932,687,245,132,47,555,198,Safiullin R.,92,42,20,22,7,7,13,15,2022-10-25,Basel,Swiss Indoors,Indoor,Hard,1.66,2.2,1
Novak D.,166,58,15,43,6,16,9,27,Tsitsipas S.,5,390,264,126,49,32,215,94,2022-10-26,Vienna,Vienna Open,Indoor,Hard,8.0,1.08,0
Basilashvili N.,118,301,138,163,26,34,112,129,Medvedev D.,3,406,289,117,69,27,220,90,2022-10-26,Vienna,Vienna Open,Indoor,Hard,15.0,1.03,0
Evans D.,30,251,124,127,18,16,106,111,Khachanov K.,11,378,217,161,44,38,173,123,2022-10-26,Vienna,Vienna Open,Indoor,Hard,2.1,1.72,1
Shapovalov D.,29,298,166,132,30,27,136,105,Fritz T.,9,356,205,151,26,22,179,129,2022-10-26,Vienna,Vienna Open,Indoor,Hard,2.2,1.66,1
Garin C.,101,190,103,87,15,13,88,74,Sinner J.,8,224,153,71,42,19,111,52,2022-10-26,Vienna,Vienna Open,Indoor,Hard,6.0,1.12,0
Giron M.,69,150,68,82,20,14,48,68,Griekspoor T.,37,97,47,50,7,14,40,36,2022-10-26,Vienna,Vienna Open,Indoor,Hard,1.57,2.37,1
Molcan A.,120,86,45,41,1,6,44,35,Rinderknech A.,67,96,46,50,16,12,30,38,2022-10-26,Basel,Swiss Indoors,Indoor,Hard,2.37,1.57,0
Brooksby J.,39,79,46,33,6,5,40,28,Humbert U.,36,170,80,90,23,21,57,69,2022-10-26,Basel,Swiss Indoors,Indoor,Hard,2.0,1.8,0
Rune H.,6,131,83,48,28,9,55,39,De Minaur A.,19,272,161,111,30,19,131,92,2022-10-26,Basel,Swiss Indoors,Indoor,Hard,2.2,1.66,1
Musetti L.,18,143,79,64,12,12,67,52,Ramos-Vinolas A.,82,437,204,233,17,31,187,202,2022-10-26,Basel,Swiss Indoors,Indoor,Hard,1.22,4.33,0
Huesler M.A.,88,58,21,37,8,8,13,29,Auger-Aliassime F.,12,268,163,105,48,22,115,83,2022-10-26,Basel,Swiss Indoors,Indoor,Hard,4.5,1.2,0
Alcaraz C.,1,164,130,34,10,5,120,29,Van De Zandschulp B.,44,117,63,54,11,11,52,43,2022-10-26,Basel,Swiss Indoors,Indoor,Hard,1.2,4.5,1
Carreno Busta P.,16,352,214,138,33,25,181,113,Stricker D.,106,20,10,10,2,2,8,8,2022-10-26,Basel,Swiss Indoors,Indoor,Hard,1.3,3.5,1
Sinner J.,8,224,153,71,42,19,111,52,Cerundolo F.,21,104,58,46,3,7,55,39,2022-10-27,Vienna,Vienna Open,Indoor,Hard,1.14,5.5,1
Norrie C.,13,287,172,115,15,18,157,97,Giron M.,69,150,68,82,20,14,48,68,2022-10-27,Vienna,Vienna Open,Indoor,Hard,1.4,3.0,0
Dimitrov G.,20,651,389,262,79,50,310,212,Rublev A.,7,392,255,137,57,34,198,103,2022-10-27,Vienna,Vienna Open,Indoor,Hard,4.5,1.2,1
Thiem D.,116,517,327,190,53,39,274,151,Medvedev D.,3,406,289,117,69,27,220,90,2022-10-27,Vienna,Vienna Open,Indoor,Hard,3.75,1.28,0
Bublik A.,25,219,110,109,39,30,71,79,Ramos-Vinolas A.,82,437,204,233,17,31,187,202,2022-10-27,Basel,Swiss Indoors,Indoor,Hard,1.25,4.0,1
Auger-Aliassime F.,12,268,163,105,48,22,115,83,Kecmanovic M.,40,210,107,103,12,16,95,87,2022-10-27,Basel,Swiss Indoors,Indoor,Hard,1.36,3.2,1
Nakashima B.,70,106,57,49,6,5,51,44,Wawrinka S.,72,854,535,319,84,69,451,250,2022-10-27,Basel,Swiss Indoors,Indoor,Hard,1.72,2.1,0
Rune H.,6,131,83,48,28,9,55,39,Humbert U.,36,170,80,90,23,21,57,69,2022-10-27,Basel,Swiss Indoors,Indoor,Hard,1.44,2.75,1
Coric B.,15,343,185,158,28,28,157,130,Tsitsipas S.,5,390,264,126,49,32,215,94,2022-10-27,Vienna,Vienna Open,Indoor,Hard,2.75,1.44,1
Murray A.,44,932,687,245,132,47,555,198,Bautista Agut R.,25,379,234,145,31,29,203,116,2022-10-27,Basel,Swiss Indoors,Indoor,Hard,2.5,1.53,0
Ruusuvuori E.,55,158,79,79,16,18,63,61,Hurkacz H.,17,238,137,101,27,24,110,77,2022-10-27,Vienna,Vienna Open,Indoor,Hard,2.5,1.53,0
Coric B.,15,343,185,158,28,28,157,130,Hurkacz H.,17,238,137,101,27,24,110,77,2022-10-28,Vienna,Vienna Open,Indoor,Hard,2.3,1.61,1
Sinner J.,8,224,153,71,42,19,111,52,Medvedev D.,3,406,289,117,69,27,220,90,2022-10-28,Vienna,Vienna Open,Indoor,Hard,3.0,1.4,0
Giron M.,69,150,68,82,20,14,48,68,Dimitrov G.,20,651,389,262,79,50,310,212,2022-10-28,Vienna,Vienna Open,Indoor,Hard,3.0,1.4,0
Evans D.,30,251,124,127,18,16,106,111,Shapovalov D.,29,298,166,132,30,27,136,105,2022-10-28,Vienna,Vienna Open,Indoor,Hard,2.1,1.72,0
Rune H.,6,131,83,48,28,9,55,39,Rinderknech A.,67,96,46,50,16,12,30,38,2022-10-28,Basel,Swiss Indoors,Indoor,Hard,1.3,3.5,1
Bautista Agut R.,25,379,234,145,31,29,203,116,Wawrinka S.,72,854,535,319,84,69,451,250,2022-10-28,Basel,Swiss Indoors,Indoor,Hard,1.61,2.3,1
Alcaraz C.,1,164,130,34,10,5,120,29,Carreno Busta P.,16,352,214,138,33,25,181,113,2022-10-28,Basel,Swiss Indoors,Indoor,Hard,1.25,4.0,1
Bublik A.,25,219,110,109,39,30,71,79,Auger-Aliassime F.,12,268,163,105,48,22,115,83,2022-10-28,Basel,Swiss Indoors,Indoor,Hard,4.0,1.25,0
Bautista Agut R.,25,379,234,145,31,29,203,116,Rune H.,6,131,83,48,28,9,55,39,2022-10-29,Basel,Swiss Indoors,Indoor,Hard,2.5,1.53,0
Alcaraz C.,1,164,130,34,10,5,120,29,Auger-Aliassime F.,12,268,163,105,48,22,115,83,2022-10-29,Basel,Swiss Indoors,Indoor,Hard,1.72,2.1,0
Medvedev D.,3,406,289,117,69,27,220,90,Dimitrov G.,20,651,389,262,79,50,310,212,2022-10-29,Vienna,Vienna Open,Indoor,Hard,1.16,5.0,1
Coric B.,15,343,185,158,28,28,157,130,Shapovalov D.,29,298,166,132,30,27,136,105,2022-10-29,Vienna,Vienna Open,Indoor,Hard,2.1,1.72,0
Auger-Aliassime F.,12,268,163,105,48,22,115,83,Rune H.,6,131,83,48,28,9,55,39,2022-10-30,Basel,Swiss Indoors,Indoor,Hard,1.33,3.4,1
Shapovalov D.,29,298,166,132,30,27,136,105,Medvedev D.,3,406,289,117,69,27,220,90,2022-10-30,Vienna,Vienna Open,Indoor,Hard,4.33,1.22,0
Korda S.,26,126,75,51,15,9,60,42,De Minaur A.,19,272,161,111,30,19,131,92,2022-10-31,Paris,BNP Paribas Masters,Indoor,Hard,1.66,2.2,0
Murray A.,44,932,687,245,132,47,555,198,Simon G.,188,869,491,378,135,94,356,284,2022-10-31,Paris,BNP Paribas Masters,Indoor,Hard,1.25,4.0,0
Ymer M.,59,130,58,72,18,23,40,49,Bublik A.,25,219,110,109,39,30,71,79,2022-10-31,Paris,BNP Paribas Masters,Indoor,Hard,2.1,1.72,1
Tiafoe F.,10,303,158,145,24,23,134,122,Sonego L.,43,221,107,114,19,17,88,97,2022-10-31,Paris,BNP Paribas Masters,Indoor,Hard,1.44,2.75,1
Sinner J.,8,224,153,71,42,19,111,52,Huesler M.A.,88,58,21,37,8,8,13,29,2022-10-31,Paris,BNP Paribas Masters,Indoor,Hard,1.2,4.5,0
Schwartzman D.,95,428,233,195,32,27,201,168,Cressy M.,96,96,42,54,10,11,32,43,2022-10-31,Paris,BNP Paribas Masters,Indoor,Hard,2.3,1.61,0
Gasquet R.,48,948,581,367,133,82,448,285,Molcan A.,120,86,45,41,1,6,44,35,2022-10-31,Paris,BNP Paribas Masters,Indoor,Hard,1.5,2.62,1
Khachanov K.,11,378,217,161,44,38,173,123,Baez S.,72,95,47,48,6,6,41,42,2022-10-31,Paris,BNP Paribas Masters,Indoor,Hard,1.12,6.0,1
Halys Q.,79,72,23,49,3,10,20,39,Basilashvili N.,118,301,138,163,26,34,112,129,2022-10-31,Paris,BNP Paribas Masters,Indoor,Hard,1.22,4.33,0
Fritz T.,9,356,205,151,26,22,179,129,Davidovich Fokina A.,39,168,84,84,17,20,67,64,2022-10-31,Paris,BNP Paribas Masters,Indoor,Hard,1.22,4.33,1
Karatsev A.,75,136,66,70,10,22,56,48,Nishioka Y.,31,215,99,116,15,15,84,101,2022-10-31,Paris,BNP Paribas Masters,Indoor,Hard,3.0,1.4,0
Kecmanovic M.,40,210,107,103,12,16,95,87,Norrie C.,13,287,172,115,15,18,157,97,2022-10-31,Paris,BNP Paribas Masters,Indoor,Hard,2.3,1.61,0
Otte O.,233,78,33,45,6,14,27,31,Isner J.,114,755,465,290,53,45,412,245,2022-10-31,Paris,BNP Paribas Masters,Indoor,Hard,1.8,2.0,0
Cilic M.,100,853,543,310,119,65,424,245,Musetti L.,18,143,79,64,12,12,67,52,2022-10-31,Paris,BNP Paribas Masters,Indoor,Hard,1.53,2.5,0
Wawrinka S.,72,854,535,319,84,69,451,250,Rune H.,6,131,83,48,28,9,55,39,2022-11-01,Paris,BNP Paribas Masters,Indoor,Hard,2.75,1.44,0
Khachanov K.,11,378,217,161,44,38,173,123,Huesler M.A.,88,58,21,37,8,8,13,29,2022-11-01,Paris,BNP Paribas Masters,Indoor,Hard,1.5,2.62,1
Gasquet R.,48,948,581,367,133,82,448,285,Ruud C.,4,275,176,99,19,16,157,83,2022-11-01,Paris,BNP Paribas Masters,Indoor,Hard,2.62,1.5,0
Cressy M.,96,96,42,54,10,11,32,43,Djokovic N.,2,1207,1012,195,146,42,866,153,2022-11-01,Paris,BNP Paribas Masters,Indoor,Hard,10.0,1.06,0
Isner J.,114,755,465,290,53,45,412,245,Rublev A.,7,392,255,137,57,34,198,103,2022-11-01,Paris,BNP Paribas Masters,Indoor,Hard,3.4,1.33,0
Cerundolo F.,21,104,58,46,3,7,55,39,Shapovalov D.,29,298,166,132,30,27,136,105,2022-11-01,Paris,BNP Paribas Masters,Indoor,Hard,4.33,1.22,0
Van De Zandschulp B.,44,117,63,54,11,11,52,43,Dimitrov G.,20,651,389,262,79,50,310,212,2022-11-01,Paris,BNP Paribas Masters,Indoor,Hard,2.3,1.61,0
Hurkacz H.,17,238,137,101,27,24,110,77,Mannarino A.,27,567,264,303,60,73,204,230,2022-11-01,Paris,BNP Paribas Masters,Indoor,Hard,1.22,4.33,1
Fognini F.,128,742,383,359,39,48,344,311,Fils A.,71,24,15,9,6,3,9,6,2022-11-01,Paris,BNP Paribas Masters,Indoor,Hard,1.72,2.1,1
Carreno Busta P.,16,352,214,138,33,25,181,113,Ramos-Vinolas A.,82,437,204,233,17,31,187,202,2022-11-01,Paris,BNP Paribas Masters,Indoor,Hard,1.2,4.5,1
Draper J.,55,51,29,22,2,3,27,19,Rinderknech A.,67,96,46,50,16,12,30,38,2022-11-01,Paris,BNP Paribas Masters,Indoor,Hard,1.57,2.37,1
Moutet C.,80,118,50,68,5,11,45,57,Coric B.,15,343,185,158,28,28,157,130,2022-11-01,Paris,BNP Paribas Masters,Indoor,Hard,3.0,1.4,1
Nakashima B.,70,106,57,49,6,5,51,44,Evans D.,30,251,124,127,18,16,106,111,2022-11-01,Paris,BNP Paribas Masters,Indoor,Hard,2.0,1.8,0
Bautista Agut R.,25,379,234,145,31,29,203,116,Paul T.,14,204,111,93,19,13,92,80,2022-11-01,Paris,BNP Paribas Masters,Indoor,Hard,1.66,2.2,0
Hurkacz H.,17,238,137,101,27,24,110,77,Rune H.,6,131,83,48,28,9,55,39,2022-11-02,Paris,BNP Paribas Masters,Indoor,Hard,1.53,2.5,0
Moutet C.,80,118,50,68,5,11,45,57,Norrie C.,13,287,172,115,15,18,157,97,2022-11-02,Paris,BNP Paribas Masters,Indoor,Hard,3.0,1.4,1
Nadal R.,2,1223,1017,206,76,40,941,166,Paul T.,14,204,111,93,19,13,92,80,2022-11-02,Paris,BNP Paribas Masters,Indoor,Hard,1.44,2.75,0
Shapovalov D.,29,298,166,132,30,27,136,105,Carreno Busta P.,16,352,214,138,33,25,181,113,2022-11-02,Paris,BNP Paribas Masters,Indoor,Hard,1.8,2.0,0
Simon G.,188,869,491,378,135,94,356,284,Fritz T.,9,356,205,151,26,22,179,129,2022-11-02,Paris,BNP Paribas Masters,Indoor,Hard,6.0,1.12,1
Dimitrov G.,20,651,389,262,79,50,310,212,Fognini F.,128,742,383,359,39,48,344,311,2022-11-02,Paris,BNP Paribas Masters,Indoor,Hard,1.22,4.33,1
Auger-Aliassime F.,12,268,163,105,48,22,115,83,Ymer M.,59,130,58,72,18,23,40,49,2022-11-02,Paris,BNP Paribas Masters,Indoor,Hard,1.2,4.5,1
Medvedev D.,3,406,289,117,69,27,220,90,De Minaur A.,19,272,161,111,30,19,131,92,2022-11-02,Paris,BNP Paribas Masters,Indoor,Hard,1.2,4.5,0
Tiafoe F.,10,303,158,145,24,23,134,122,Draper J.,55,51,29,22,2,3,27,19,2022-11-02,Paris,BNP Paribas Masters,Indoor,Hard,1.9,1.9,1
Evans D.,30,251,124,127,18,16,106,111,Tsitsipas S.,5,390,264,126,49,32,215,94,2022-11-02,Paris,BNP Paribas Masters,Indoor,Hard,3.5,1.3,0
Musetti L.,18,143,79,64,12,12,67,52,Basilashvili N.,118,301,138,163,26,34,112,129,2022-11-02,Paris,BNP Paribas Masters,Indoor,Hard,1.2,4.5,1
Alcaraz C.,1,164,130,34,10,5,120,29,Nishioka Y.,31,215,99,116,15,15,84,101,2022-11-02,Paris,BNP Paribas Masters,Indoor,Hard,1.2,4.5,1
Carreno Busta P.,16,352,214,138,33,25,181,113,Paul T.,14,204,111,93,19,13,92,80,2022-11-03,Paris,BNP Paribas Masters,Indoor,Hard,1.72,2.1,0
Musetti L.,18,143,79,64,12,12,67,52,Ruud C.,4,275,176,99,19,16,157,83,2022-11-03,Paris,BNP Paribas Masters,Indoor,Hard,2.2,1.66,1
De Minaur A.,19,272,161,111,30,19,131,92,Tiafoe F.,10,303,158,145,24,23,134,122,2022-11-03,Paris,BNP Paribas Masters,Indoor,Hard,1.72,2.1,0
Dimitrov G.,20,651,389,262,79,50,310,212,Alcaraz C.,1,164,130,34,10,5,120,29,2022-11-03,Paris,BNP Paribas Masters,Indoor,Hard,3.5,1.3,0
Rune H.,6,131,83,48,28,9,55,39,Rublev A.,7,392,255,137,57,34,198,103,2022-11-03,Paris,BNP Paribas Masters,Indoor,Hard,2.3,1.61,1
Auger-Aliassime F.,12,268,163,105,48,22,115,83,Simon G.,188,869,491,378,135,94,356,284,2022-11-03,Paris,BNP Paribas Masters,Indoor,Hard,1.1,7.0,1
Khachanov K.,11,378,217,161,44,38,173,123,Djokovic N.,2,1207,1012,195,146,42,866,153,2022-11-03,Paris,BNP Paribas Masters,Indoor,Hard,8.0,1.08,0
Tsitsipas S.,5,390,264,126,49,32,215,94,Moutet C.,80,118,50,68,5,11,45,57,2022-11-03,Paris,BNP Paribas Masters,Indoor,Hard,1.16,5.0,1
Musetti L.,18,143,79,64,12,12,67,52,Djokovic N.,2,1207,1012,195,146,42,866,153,2022-11-04,Paris,BNP Paribas Masters,Indoor,Hard,6.5,1.11,0
Paul T.,14,204,111,93,19,13,92,80,Tsitsipas S.,5,390,264,126,49,32,215,94,2022-11-04,Paris,BNP Paribas Masters,Indoor,Hard,3.0,1.4,0
Tiafoe F.,10,303,158,145,24,23,134,122,Auger-Aliassime F.,12,268,163,105,48,22,115,83,2022-11-04,Paris,BNP Paribas Masters,Indoor,Hard,2.75,1.44,0
Alcaraz C.,1,164,130,34,10,5,120,29,Rune H.,6,131,83,48,28,9,55,39,2022-11-04,Paris,BNP Paribas Masters,Indoor,Hard,1.44,2.75,0
Djokovic N.,2,1207,1012,195,146,42,866,153,Tsitsipas S.,5,390,264,126,49,32,215,94,2022-11-05,Paris,BNP Paribas Masters,Indoor,Hard,1.2,4.5,1
Rune H.,6,131,83,48,28,9,55,39,Auger-Aliassime F.,12,268,163,105,48,22,115,83,2022-11-05,Paris,BNP Paribas Masters,Indoor,Hard,2.75,1.44,1
Rune H.,6,131,83,48,28,9,55,39,Djokovic N.,2,1207,1012,195,146,42,866,153,2022-11-06,Paris,BNP Paribas Masters,Indoor,Hard,4.0,1.25,1
Ruud C.,4,275,176,99,19,16,157,83,Auger-Aliassime F.,12,268,163,105,48,22,115,83,2022-11-13,Turin,Masters Cup,Indoor,Hard,3.2,1.36,1
Fritz T.,9,356,205,151,26,22,179,129,Nadal R.,2,1223,1017,206,76,40,941,166,2022-11-13,Turin,Masters Cup,Indoor,Hard,2.37,1.57,1
Rublev A.,7,392,255,137,57,34,198,103,Medvedev D.,3,406,289,117,69,27,220,90,2022-11-14,Turin,Masters Cup,Indoor,Hard,3.4,1.33,1
Tsitsipas S.,5,390,264,126,49,32,215,94,Djokovic N.,2,1207,1012,195,146,42,866,153,2022-11-14,Turin,Masters Cup,Indoor,Hard,3.4,1.33,0
Nadal R.,2,1223,1017,206,76,40,941,166,Auger-Aliassime F.,12,268,163,105,48,22,115,83,2022-11-15,Turin,Masters Cup,Indoor,Hard,2.3,1.61,0
Ruud C.,4,275,176,99,19,16,157,83,Fritz T.,9,356,205,151,26,22,179,129,2022-11-15,Turin,Masters Cup,Indoor,Hard,2.0,1.8,1
Djokovic N.,2,1207,1012,195,146,42,866,153,Rublev A.,7,392,255,137,57,34,198,103,2022-11-16,Turin,Masters Cup,Indoor,Hard,1.3,3.5,1
Medvedev D.,3,406,289,117,69,27,220,90,Tsitsipas S.,5,390,264,126,49,32,215,94,2022-11-16,Turin,Masters Cup,Indoor,Hard,1.5,2.62,0
Ruud C.,4,275,176,99,19,16,157,83,Nadal R.,2,1223,1017,206,76,40,941,166,2022-11-17,Turin,Masters Cup,Indoor,Hard,1.53,2.5,0
Auger-Aliassime F.,12,268,163,105,48,22,115,83,Fritz T.,9,356,205,151,26,22,179,129,2022-11-17,Turin,Masters Cup,Indoor,Hard,1.53,2.5,0
Medvedev D.,3,406,289,117,69,27,220,90,Djokovic N.,2,1207,1012,195,146,42,866,153,2022-11-18,Turin,Masters Cup,Indoor,Hard,3.4,1.33,0
Rublev A.,7,392,255,137,57,34,198,103,Tsitsipas S.,5,390,264,126,49,32,215,94,2022-11-18,Turin,Masters Cup,Indoor,Hard,2.37,1.57,1
Fritz T.,9,356,205,151,26,22,179,129,Djokovic N.,2,1207,1012,195,146,42,866,153,2022-11-19,Turin,Masters Cup,Indoor,Hard,4.33,1.22,0
Ruud C.,4,275,176,99,19,16,157,83,Rublev A.,7,392,255,137,57,34,198,103,2022-11-19,Turin,Masters Cup,Indoor,Hard,2.2,1.66,1
Ruud C.,4,275,176,99,19,16,157,83,Djokovic N.,2,1207,1012,195,146,42,866,153,2022-11-20,Turin,Masters Cup,Indoor,Hard,4.33,1.22,0
Mcdonald M.,60,190,87,103,11,15,76,88,Galan D.E.,76,78,33,45,3,5,30,40,2023-01-01,Adelaide,Adelaide International 1,Outdoor,Hard,1.36,3.2,1
Gasquet R.,48,948,581,367,133,82,448,285,Giron M.,69,150,68,82,20,14,48,68,2023-01-01,Adelaide,Adelaide International 1,Outdoor,Hard,1.91,1.91,0
Zapata Miralles B.,54,80,32,48,1,6,31,42,Carballes Baena R.,64,207,91,116,11,10,80,106,2023-01-02,Pune,Maharashtra Open,Outdoor,Hard,1.8,2.0,0
Dhamne M.,0,1,0,1,0,0,0,1,Mmoh M.,112,55,20,35,0,3,20,32,2023-01-02,Pune,Maharashtra Open,Outdoor,Hard,41.0,1.002,0
Griekspoor T.,37,97,47,50,7,14,40,36,Munar J.,104,178,75,103,7,12,68,91,2023-01-02,Pune,Maharashtra Open,Outdoor,Hard,1.8,2.0,1
Djere L.,38,243,120,123,10,22,110,101,Molcan A.,120,86,45,41,1,6,44,35,2023-01-02,Pune,Maharashtra Open,Outdoor,Hard,1.91,1.91,1
Basilashvili N.,118,301,138,163,26,34,112,129,Cecchinato M.,108,204,79,125,2,14,77,111,2023-01-02,Pune,Maharashtra Open,Outdoor,Hard,1.44,2.75,0
Krajinovic F.,93,240,115,125,38,34,77,91,Nagal S.,503,17,3,14,0,1,3,13,2023-01-02,Pune,Maharashtra Open,Outdoor,Hard,1.25,4.0,1
Bonzi B.,107,83,37,46,10,13,27,33,Tseng C.H.,145,9,1,8,0,0,1,8,2023-01-02,Pune,Maharashtra Open,Outdoor,Hard,1.4,3.0,1
Draper J.,55,51,29,22,2,3,27,19,Kwon S.W.,68,108,53,55,12,6,41,49,2023-01-02,Adelaide,Adelaide International 1,Outdoor,Hard,1.67,2.2,1
Safiullin R.,92,42,20,22,7,7,13,15,Ymer M.,59,130,58,72,18,23,40,49,2023-01-02,Adelaide,Adelaide International 1,Outdoor,Hard,2.2,1.67,1
Thompson J.,71,221,96,125,10,10,86,115,Halys Q.,79,72,23,49,3,10,20,39,2023-01-02,Adelaide,Adelaide International 1,Outdoor,Hard,1.73,2.1,0
Popyrin A.,90,140,59,81,9,13,50,68,Auger-Aliassime F.,12,268,163,105,48,22,115,83,2023-01-02,Adelaide,Adelaide International 1,Outdoor,Hard,6.5,1.11,1
Nishioka Y.,31,215,99,116,15,15,84,101,Rune H.,6,131,83,48,28,9,55,39,2023-01-02,Adelaide,Adelaide International 1,Outdoor,Hard,3.75,1.29,1
O Connell C.,74,65,26,39,0,0,26,39,Kecmanovic M.,40,210,107,103,12,16,95,87,2023-01-02,Adelaide,Adelaide International 1,Outdoor,Hard,2.38,1.57,0
Kokkinakis T.,86,124,55,69,0,4,55,65,Cressy M.,96,96,42,54,10,11,32,43,2023-01-02,Adelaide,Adelaide International 1,Outdoor,Hard,1.91,1.91,1
Andujar P.,323,404,164,240,12,30,152,210,Karatsev A.,75,136,66,70,10,22,56,48,2023-01-03,Pune,Maharashtra Open,Outdoor,Hard,3.5,1.3,0
Marterer M.,144,91,31,60,2,8,29,52,Ymer E.,186,81,24,57,3,11,21,46,2023-01-03,Pune,Maharashtra Open,Outdoor,Hard,2.1,1.73,1
Van Rijthoven T.,110,19,10,9,0,4,10,5,Albot R.,97,215,86,129,26,26,60,103,2023-01-03,Pune,Maharashtra Open,Outdoor,Hard,1.8,2.0,1
Martinez P.,135,118,50,68,7,6,43,62,Ramanathan R.,435,40,14,26,0,4,14,22,2023-01-03,Pune,Maharashtra Open,Outdoor,Hard,1.57,2.38,1
Shapovalov D.,29,298,166,132,30,27,136,105,Hijikata R.,110,16,7,9,0,0,7,9,2023-01-03,Adelaide,Adelaide International 1,Outdoor,Hard,1.25,4.0,1
Medvedev D.,3,406,289,117,69,27,220,90,Sonego L.,43,221,107,114,19,17,88,97,2023-01-03,Adelaide,Adelaide International 1,Outdoor,Hard,1.11,6.5,1
Cachin P.,54,52,23,29,1,3,22,26,Khachanov K.,11,378,217,161,44,38,173,123,2023-01-03,Adelaide,Adelaide International 1,Outdoor,Hard,5.0,1.17,0
Djokovic N.,2,1207,1012,195,146,42,866,153,Lestienne C.,109,40,13,27,6,9,7,18,2023-01-03,Adelaide,Adelaide International 1,Outdoor,Hard,1.03,17.0,1
Sinner J.,8,224,153,71,42,19,111,52,Edmund K.,473,233,113,120,19,10,94,110,2023-01-03,Adelaide,Adelaide International 1,Outdoor,Hard,1.13,6.0,1
Mukund S.,356,3,0,3,0,0,0,3,Cobolli F.,148,14,5,9,0,1,5,8,2023-01-03,Pune,Maharashtra Open,Outdoor,Hard,3.4,1.33,0
Rublev A.,7,392,255,137,57,34,198,103,Bautista Agut R.,25,379,234,145,31,29,203,116,2023-01-03,Adelaide,Adelaide International 1,Outdoor,Hard,1.4,3.0,0
Murray A.,44,932,687,245,132,47,555,198,Korda S.,26,126,75,51,15,9,60,42,2023-01-03,Adelaide,Adelaide International 1,Outdoor,Hard,2.38,1.57,0
Kecmanovic M.,40,210,107,103,12,16,95,87,Medvedev D.,3,406,289,117,69,27,220,90,2023-01-04,Adelaide,Adelaide International 1,Outdoor,Hard,5.5,1.14,0
Draper J.,55,51,29,22,2,3,27,19,Khachanov K.,11,378,217,161,44,38,173,123,2023-01-04,Adelaide,Adelaide International 1,Outdoor,Hard,1.62,2.3,0
Mcdonald M.,60,190,87,103,11,15,76,88,Nishioka Y.,31,215,99,116,15,15,84,101,2023-01-04,Adelaide,Adelaide International 1,Outdoor,Hard,2.3,1.62,0
Marterer M.,144,91,31,60,2,8,29,52,Djere L.,38,243,120,123,10,22,110,101,2023-01-04,Pune,Maharashtra Open,Outdoor,Hard,2.38,1.57,1
Van Rijthoven T.,110,19,10,9,0,4,10,5,Karatsev A.,75,136,66,70,10,22,56,48,2023-01-04,Pune,Maharashtra Open,Outdoor,Hard,2.38,1.57,0
Baez S.,72,95,47,48,6,6,41,42,Martinez P.,135,118,50,68,7,6,43,62,2023-01-04,Pune,Maharashtra Open,Outdoor,Hard,1.91,1.91,0
Griekspoor T.,37,97,47,50,7,14,40,36,Cecchinato M.,108,204,79,125,2,14,77,111,2023-01-04,Pune,Maharashtra Open,Outdoor,Hard,1.33,3.4,1
Cobolli F.,148,14,5,9,0,1,5,8,Van De Zandschulp B.,44,117,63,54,11,11,52,43,2023-01-04,Pune,Maharashtra Open,Outdoor,Hard,3.75,1.29,0
Bonzi B.,107,83,37,46,10,13,27,33,Ruusuvuori E.,55,158,79,79,16,18,63,61,2023-01-04,Pune,Maharashtra Open,Outdoor,Hard,2.3,1.62,1
Krajinovic F.,93,240,115,125,38,34,77,91,Mmoh M.,112,55,20,35,0,3,20,32,2023-01-04,Pune,Maharashtra Open,Outdoor,Hard,1.8,2.0,1
Carballes Baena R.,64,207,91,116,11,10,80,106,Cilic M.,100,853,543,310,119,65,424,245,2023-01-04,Pune,Maharashtra Open,Outdoor,Hard,4.33,1.22,0
Giron M.,69,150,68,82,20,14,48,68,Popyrin A.,90,140,59,81,9,13,50,68,2023-01-04,Adelaide,Adelaide International 1,Outdoor,Hard,2.1,1.73,0
Marterer M.,144,91,31,60,2,8,29,52,Van De Zandschulp B.,44,117,63,54,11,11,52,43,2023-01-05,Pune,Maharashtra Open,Outdoor,Hard,3.0,1.4,0
Bonzi B.,107,83,37,46,10,13,27,33,Krajinovic F.,93,240,115,125,38,34,77,91,2023-01-05,Pune,Maharashtra Open,Outdoor,Hard,1.5,2.63,1
Karatsev A.,75,136,66,70,10,22,56,48,Martinez P.,135,118,50,68,7,6,43,62,2023-01-05,Pune,Maharashtra Open,Outdoor,Hard,1.5,2.63,1
Griekspoor T.,37,97,47,50,7,14,40,36,Cilic M.,100,853,543,310,119,65,424,245,2023-01-05,Pune,Maharashtra Open,Outdoor,Hard,2.75,1.44,1
Kokkinakis T.,86,124,55,69,0,4,55,65,Sinner J.,8,224,153,71,42,19,111,52,2023-01-05,Adelaide,Adelaide International 1,Outdoor,Hard,4.0,1.25,0
Korda S.,26,126,75,51,15,9,60,42,Bautista Agut R.,25,379,234,145,31,29,203,116,2023-01-05,Adelaide,Adelaide International 1,Outdoor,Hard,1.8,2.0,1
Halys Q.,79,72,23,49,3,10,20,39,Djokovic N.,2,1207,1012,195,146,42,866,153,2023-01-05,Adelaide,Adelaide International 1,Outdoor,Hard,15.0,1.03,0
Shapovalov D.,29,298,166,132,30,27,136,105,Safiullin R.,92,42,20,22,7,7,13,15,2023-01-05,Adelaide,Adelaide International 1,Outdoor,Hard,1.4,3.0,1
Shapovalov D.,29,298,166,132,30,27,136,105,Djokovic N.,2,1207,1012,195,146,42,866,153,2023-01-06,Adelaide,Adelaide International 1,Outdoor,Hard,5.5,1.14,0
Medvedev D.,3,406,289,117,69,27,220,90,Khachanov K.,11,378,217,161,44,38,173,123,2023-01-06,Adelaide,Adelaide International 1,Outdoor,Hard,1.25,4.0,1
Sinner J.,8,224,153,71,42,19,111,52,Korda S.,26,126,75,51,15,9,60,42,2023-01-06,Adelaide,Adelaide International 1,Outdoor,Hard,1.53,2.5,0
Popyrin A.,90,140,59,81,9,13,50,68,Nishioka Y.,31,215,99,116,15,15,84,101,2023-01-06,Adelaide,Adelaide International 1,Outdoor,Hard,2.1,1.73,0
Karatsev A.,75,136,66,70,10,22,56,48,Griekspoor T.,37,97,47,50,7,14,40,36,2023-01-06,Pune,Maharashtra Open,Outdoor,Hard,1.5,2.63,0
Bonzi B.,107,83,37,46,10,13,27,33,Van De Zandschulp B.,44,117,63,54,11,11,52,43,2023-01-06,Pune,Maharashtra Open,Outdoor,Hard,2.3,1.62,1
Medvedev D.,3,406,289,117,69,27,220,90,Djokovic N.,2,1207,1012,195,146,42,866,153,2023-01-07,Adelaide,Adelaide International 1,Outdoor,Hard,2.5,1.53,0
Nishioka Y.,31,215,99,116,15,15,84,101,Korda S.,26,126,75,51,15,9,60,42,2023-01-07,Adelaide,Adelaide International 1,Outdoor,Hard,3.4,1.33,0
Bonzi B.,107,83,37,46,10,13,27,33,Griekspoor T.,37,97,47,50,7,14,40,36,2023-01-07,Pune,Maharashtra Open,Outdoor,Hard,1.62,2.3,0
Djokovic N.,2,1207,1012,195,146,42,866,153,Korda S.,26,126,75,51,15,9,60,42,2023-01-08,Adelaide,Adelaide International 1,Outdoor,Hard,1.14,5.5,1
Cachin P.,54,52,23,29,1,3,22,26,Lestienne C.,109,40,13,27,6,9,7,18,2023-01-08,Auckland,ASB Classic,Outdoor,Hard,2.3,1.62,0
Draper J.,55,51,29,22,2,3,27,19,Sonego L.,43,221,107,114,19,17,88,97,2023-01-09,Adelaide,Adelaide International 2,Outdoor,Hard,1.44,2.75,1
Gasquet R.,48,948,581,367,133,82,448,285,Pannu K.,717,2,0,2,0,0,0,2,2023-01-09,Auckland,ASB Classic,Outdoor,Hard,1.06,10.0,1
Mannarino A.,27,567,264,303,60,73,204,230,Wolf J.J.,45,75,39,36,8,6,31,30,2023-01-09,Auckland,ASB Classic,Outdoor,Hard,1.8,2.0,0
Isner J.,114,755,465,290,53,45,412,245,Barrere G.,59,79,31,48,11,16,20,32,2023-01-09,Auckland,ASB Classic,Outdoor,Hard,1.53,2.5,0
Coria F.,108,99,43,56,2,6,41,50,Giron M.,69,150,68,82,20,14,48,68,2023-01-09,Auckland,ASB Classic,Outdoor,Hard,5.5,1.14,0
Mcdonald M.,60,190,87,103,11,15,76,88,Evans D.,30,251,124,127,18,16,106,111,2023-01-09,Adelaide,Adelaide International 2,Outdoor,Hard,2.5,1.53,1
Fognini F.,128,742,383,359,39,48,344,311,Brooksby J.,39,79,46,33,6,5,40,28,2023-01-09,Auckland,ASB Classic,Outdoor,Hard,3.0,1.4,0
Goffin D.,123,522,296,226,66,52,230,174,Bublik A.,25,219,110,109,39,30,71,79,2023-01-09,Auckland,ASB Classic,Outdoor,Hard,2.1,1.73,1
Kokkinakis T.,86,124,55,69,0,4,55,65,Popyrin A.,90,140,59,81,9,13,50,68,2023-01-09,Adelaide,Adelaide International 2,Outdoor,Hard,1.73,2.1,1
Nakashima B.,70,106,57,49,6,5,51,44,Davidovich Fokina A.,39,168,84,84,17,20,67,64,2023-01-09,Adelaide,Adelaide International 2,Outdoor,Hard,1.44,2.75,0
Kecmanovic M.,40,210,107,103,12,16,95,87,Edmund K.,473,233,113,120,19,10,94,110,2023-01-09,Adelaide,Adelaide International 2,Outdoor,Hard,1.17,5.0,1
Munar J.,104,178,75,103,7,12,68,91,Djere L.,38,243,120,123,10,22,110,101,2023-01-10,Auckland,ASB Classic,Outdoor,Hard,2.1,1.73,0
Molcan A.,120,86,45,41,1,6,44,35,Halys Q.,79,72,23,49,3,10,20,39,2023-01-10,Auckland,ASB Classic,Outdoor,Hard,3.2,1.36,0
Giron M.,69,150,68,82,20,14,48,68,Wolf J.J.,45,75,39,36,8,6,31,30,2023-01-10,Auckland,ASB Classic,Outdoor,Hard,2.2,1.67,1
Schwartzman D.,95,428,233,195,32,27,201,168,Brooksby J.,39,79,46,33,6,5,40,28,2023-01-10,Auckland,ASB Classic,Outdoor,Hard,2.5,1.53,0
Baez S.,72,95,47,48,6,6,41,42,Shelton B.,43,34,13,21,0,0,13,21,2023-01-10,Auckland,ASB Classic,Outdoor,Hard,3.0,1.4,0
Lehecka J.,33,61,30,31,4,4,26,27,Monteiro T.,121,171,69,102,9,11,60,91,2023-01-10,Auckland,ASB Classic,Outdoor,Hard,1.57,2.38,1
Humbert U.,36,170,80,90,23,21,57,69,Eubanks C.,29,64,28,36,1,3,27,33,2023-01-10,Auckland,ASB Classic,Outdoor,Hard,1.73,2.1,0
O Connell C.,74,65,26,39,0,0,26,39,Paul T.,14,204,111,93,19,13,92,80,2023-01-10,Adelaide,Adelaide International 2,Outdoor,Hard,2.75,1.44,0
Ramos-Vinolas A.,82,437,204,233,17,31,187,202,Millman J.,140,256,113,143,21,22,92,121,2023-01-10,Adelaide,Adelaide International 2,Outdoor,Hard,2.38,1.57,0
Haase R.,257,458,202,256,35,54,167,202,Bonzi B.,107,83,37,46,10,13,27,33,2023-01-10,Adelaide,Adelaide International 2,Outdoor,Hard,,,1
Huesler M.A.,88,58,21,37,8,8,13,29,Rinderknech A.,67,96,46,50,16,12,30,38,2023-01-10,Adelaide,Adelaide International 2,Outdoor,Hard,2.3,1.62,1
Kwon S.W.,68,108,53,55,12,6,41,49,Machac T.,108,18,6,12,1,1,5,11,2023-01-10,Adelaide,Adelaide International 2,Outdoor,Hard,1.8,2.0,1
Ruusuvuori E.,55,158,79,79,16,18,63,61,Ymer M.,59,130,58,72,18,23,40,49,2023-01-10,Adelaide,Adelaide International 2,Outdoor,Hard,2.0,1.8,0
Kubler J.,77,53,24,29,0,1,24,28,Etcheverry T.,34,60,26,34,5,3,21,31,2023-01-10,Adelaide,Adelaide International 2,Outdoor,Hard,1.44,2.75,1
Rublev A.,7,392,255,137,57,34,198,103,Kokkinakis T.,86,124,55,69,0,4,55,65,2023-01-11,Adelaide,Adelaide International 2,Outdoor,Hard,1.33,3.4,0
Djere L.,38,243,120,123,10,22,110,101,Ruud C.,4,275,176,99,19,16,157,83,2023-01-11,Auckland,ASB Classic,Outdoor,Hard,5.0,1.17,1
Barrere G.,59,79,31,48,11,16,20,32,Lestienne C.,109,40,13,27,6,9,7,18,2023-01-11,Auckland,ASB Classic,Outdoor,Hard,1.91,1.91,0
Goffin D.,123,522,296,226,66,52,230,174,Eubanks C.,29,64,28,36,1,3,27,33,2023-01-11,Auckland,ASB Classic,Outdoor,Hard,1.57,2.38,1
Kubler J.,77,53,24,29,0,1,24,28,Kecmanovic M.,40,210,107,103,12,16,95,87,2023-01-11,Adelaide,Adelaide International 2,Outdoor,Hard,2.5,1.53,0
Sousa J.,147,436,189,247,42,44,147,203,Gasquet R.,48,948,581,367,133,82,448,285,2023-01-11,Auckland,ASB Classic,Outdoor,Hard,3.2,1.36,0
Lehecka J.,33,61,30,31,4,4,26,27,Norrie C.,13,287,172,115,15,18,157,97,2023-01-11,Auckland,ASB Classic,Outdoor,Hard,4.0,1.25,0
Halys Q.,79,72,23,49,3,10,20,39,Shelton B.,43,34,13,21,0,0,13,21,2023-01-11,Auckland,ASB Classic,Outdoor,Hard,1.8,2.0,1
Paul T.,14,204,111,93,19,13,92,80,Draper J.,55,51,29,22,2,3,27,19,2023-01-11,Adelaide,Adelaide International 2,Outdoor,Hard,2.0,1.8,0
Khachanov K.,11,378,217,161,44,38,173,123,Huesler M.A.,88,58,21,37,8,8,13,29,2023-01-11,Adelaide,Adelaide International 2,Outdoor,Hard,1.33,3.4,1
Mcdonald M.,60,190,87,103,11,15,76,88,Ymer M.,59,130,58,72,18,23,40,49,2023-01-11,Adelaide,Adelaide International 2,Outdoor,Hard,2.1,1.73,0
Carreno Busta P.,16,352,214,138,33,25,181,113,Kwon S.W.,68,108,53,55,12,6,41,49,2023-01-11,Adelaide,Adelaide International 2,Outdoor,Hard,1.5,2.63,0
Haase R.,257,458,202,256,35,54,167,202,Bautista Agut R.,25,379,234,145,31,29,203,116,2023-01-11,Adelaide,Adelaide International 2,Outdoor,Hard,6.5,1.11,0
Davidovich Fokina A.,39,168,84,84,17,20,67,64,Millman J.,140,256,113,143,21,22,92,121,2023-01-11,Adelaide,Adelaide International 2,Outdoor,Hard,1.4,3.0,1
Djere L.,38,243,120,123,10,22,110,101,Lestienne C.,109,40,13,27,6,9,7,18,2023-01-12,Auckland,ASB Classic,Outdoor,Hard,1.67,2.2,0
Gasquet R.,48,948,581,367,133,82,448,285,Goffin D.,123,522,296,226,66,52,230,174,2023-01-12,Auckland,ASB Classic,Outdoor,Hard,2.3,1.62,1
Kecmanovic M.,40,210,107,103,12,16,95,87,Kokkinakis T.,86,124,55,69,0,4,55,65,2023-01-12,Adelaide,Adelaide International 2,Outdoor,Hard,2.3,1.62,0
Davidovich Fokina A.,39,168,84,84,17,20,67,64,Bautista Agut R.,25,379,234,145,31,29,203,116,2023-01-12,Adelaide,Adelaide International 2,Outdoor,Hard,2.3,1.62,0
Ymer M.,59,130,58,72,18,23,40,49,Kwon S.W.,68,108,53,55,12,6,41,49,2023-01-12,Adelaide,Adelaide International 2,Outdoor,Hard,1.67,2.2,0
Draper J.,55,51,29,22,2,3,27,19,Khachanov K.,11,378,217,161,44,38,173,123,2023-01-12,Adelaide,Adelaide International 2,Outdoor,Hard,2.0,1.8,1
Norrie C.,13,287,172,115,15,18,157,97,Giron M.,69,150,68,82,20,14,48,68,2023-01-12,Auckland,ASB Classic,Outdoor,Hard,1.29,3.75,1
Brooksby J.,39,79,46,33,6,5,40,28,Halys Q.,79,72,23,49,3,10,20,39,2023-01-12,Auckland,ASB Classic,Outdoor,Hard,1.91,1.91,1
Gasquet R.,48,948,581,367,133,82,448,285,Lestienne C.,109,40,13,27,6,9,7,18,2023-01-13,Auckland,ASB Classic,Outdoor,Hard,1.5,2.63,1
Brooksby J.,39,79,46,33,6,5,40,28,Norrie C.,13,287,172,115,15,18,157,97,2023-01-13,Auckland,ASB Classic,Outdoor,Hard,3.2,1.36,0
Kokkinakis T.,86,124,55,69,0,4,55,65,Bautista Agut R.,25,379,234,145,31,29,203,116,2023-01-13,Adelaide,Adelaide International 2,Outdoor,Hard,2.0,1.8,0
Draper J.,55,51,29,22,2,3,27,19,Kwon S.W.,68,108,53,55,12,6,41,49,2023-01-13,Adelaide,Adelaide International 2,Outdoor,Hard,1.36,3.2,0
Bautista Agut R.,25,379,234,145,31,29,203,116,Kwon S.W.,68,108,53,55,12,6,41,49,2023-01-14,Adelaide,Adelaide International 2,Outdoor,Hard,1.44,2.75,0
Norrie C.,13,287,172,115,15,18,157,97,Gasquet R.,48,948,581,367,133,82,448,285,2023-01-14,Auckland,ASB Classic,Outdoor,Hard,1.29,3.75,0
Lehecka J.,33,61,30,31,4,4,26,27,Coric B.,15,343,185,158,28,28,157,130,2023-01-16,Melbourne,Australian Open,Outdoor,Hard,3.2,1.36,1
Baez S.,72,95,47,48,6,6,41,42,Kubler J.,77,53,24,29,0,1,24,28,2023-01-16,Melbourne,Australian Open,Outdoor,Hard,3.4,1.33,0
Munar J.,104,178,75,103,7,12,68,91,Svrcina D.,216,2,1,1,0,0,1,1,2023-01-16,Melbourne,Australian Open,Outdoor,Hard,1.44,2.75,0
Millman J.,140,256,113,143,21,22,92,121,Huesler M.A.,88,58,21,37,8,8,13,29,2023-01-16,Melbourne,Australian Open,Outdoor,Hard,2.2,1.67,1
Eubanks C.,29,64,28,36,1,3,27,33,Kwon S.W.,68,108,53,55,12,6,41,49,2023-01-16,Melbourne,Australian Open,Outdoor,Hard,2.38,1.57,1
Coria F.,108,99,43,56,2,6,41,50,Fucsovics M.,67,249,121,128,26,24,95,104,2023-01-16,Melbourne,Australian Open,Outdoor,Hard,5.5,1.14,0
Hanfmann Y.,50,99,50,49,5,4,45,45,Hijikata R.,110,16,7,9,0,0,7,9,2023-01-16,Melbourne,Australian Open,Outdoor,Hard,1.8,2.0,0
Van Assche L.,68,20,7,13,0,3,7,10,Norrie C.,13,287,172,115,15,18,157,97,2023-01-16,Melbourne,Australian Open,Outdoor,Hard,10.0,1.06,0
Medvedev D.,3,406,289,117,69,27,220,90,Giron M.,69,150,68,82,20,14,48,68,2023-01-16,Melbourne,Australian Open,Outdoor,Hard,1.03,17.0,1
Halys Q.,79,72,23,49,3,10,20,39,Tsitsipas S.,5,390,264,126,49,32,215,94,2023-01-16,Melbourne,Australian Open,Outdoor,Hard,5.5,1.14,0
Monteiro T.,121,171,69,102,9,11,60,91,Lestienne C.,109,40,13,27,6,9,7,18,2023-01-16,Melbourne,Australian Open,Outdoor,Hard,1.73,2.1,0
Musetti L.,18,143,79,64,12,12,67,52,Harris L.,186,129,59,70,7,8,52,62,2023-01-16,Melbourne,Australian Open,Outdoor,Hard,1.33,3.4,0
Sonego L.,43,221,107,114,19,17,88,97,Borges N.,69,28,10,18,1,1,9,17,2023-01-16,Melbourne,Australian Open,Outdoor,Hard,1.3,3.5,1
Wawrinka S.,72,854,535,319,84,69,451,250,Molcan A.,120,86,45,41,1,6,44,35,2023-01-16,Melbourne,Australian Open,Outdoor,Hard,1.29,3.75,0
Escobedo E.,377,57,20,37,2,2,18,35,Daniel T.,111,178,67,111,3,10,64,101,2023-01-16,Melbourne,Australian Open,Outdoor,Hard,2.38,1.57,0
Auger-Aliassime F.,12,268,163,105,48,22,115,83,Pospisil V.,99,280,122,158,39,34,83,124,2023-01-16,Melbourne,Australian Open,Outdoor,Hard,1.07,9.0,1
Altmaier D.,51,79,28,51,1,5,27,46,Tiafoe F.,10,303,158,145,24,23,134,122,2023-01-16,Melbourne,Australian Open,Outdoor,Hard,7.0,1.1,0
Nadal R.,2,1223,1017,206,76,40,941,166,Draper J.,55,51,29,22,2,3,27,19,2023-01-16,Melbourne,Australian Open,Outdoor,Hard,1.36,3.2,1
Wu Y.,90,36,15,21,5,0,10,21,Moutet C.,80,118,50,68,5,11,45,57,2023-01-16,Melbourne,Australian Open,Outdoor,Hard,1.57,2.38,0
Van De Zandschulp B.,44,117,63,54,11,11,52,43,Ivashka I.,113,159,78,81,19,18,59,63,2023-01-16,Melbourne,Australian Open,Outdoor,Hard,1.36,3.2,1
Etcheverry T.,34,60,26,34,5,3,21,31,Barrere G.,59,79,31,48,11,16,20,32,2023-01-16,Melbourne,Australian Open,Outdoor,Hard,2.3,1.62,1
Sinner J.,8,224,153,71,42,19,111,52,Edmund K.,473,233,113,120,19,10,94,110,2023-01-16,Melbourne,Australian Open,Outdoor,Hard,1.06,10.0,1
Cerundolo F.,21,104,58,46,3,7,55,39,Pella G.,199,260,118,142,14,16,104,126,2023-01-16,Melbourne,Australian Open,Outdoor,Hard,1.13,6.0,1
Otte O.,233,78,33,45,6,14,27,31,Shang J.,149,12,4,8,0,0,4,8,2023-01-16,Melbourne,Australian Open,Outdoor,Hard,1.44,2.75,0
Rinderknech A.,67,96,46,50,16,12,30,38,Watanuki Y.,99,25,11,14,0,0,11,14,2023-01-16,Melbourne,Australian Open,Outdoor,Hard,1.62,2.3,0
Korda S.,26,126,75,51,15,9,60,42,Garin C.,101,190,103,87,15,13,88,74,2023-01-16,Melbourne,Australian Open,Outdoor,Hard,1.08,8.0,1
Ymer M.,59,130,58,72,18,23,40,49,Nishioka Y.,31,215,99,116,15,15,84,101,2023-01-16,Melbourne,Australian Open,Outdoor,Hard,1.91,1.91,0
Shapovalov D.,29,298,166,132,30,27,136,105,Lajovic D.,66,378,163,215,21,36,142,179,2023-01-16,Melbourne,Australian Open,Outdoor,Hard,1.08,8.0,1
Griekspoor T.,37,97,47,50,7,14,40,36,Kotov P.,89,25,10,15,1,4,9,11,2023-01-16,Melbourne,Australian Open,Outdoor,Hard,1.36,3.2,1
Nakashima B.,70,106,57,49,6,5,51,44,Mcdonald M.,60,190,87,103,11,15,76,88,2023-01-16,Melbourne,Australian Open,Outdoor,Hard,1.53,2.5,0
Khachanov K.,11,378,217,161,44,38,173,123,Zapata Miralles B.,54,80,32,48,1,6,31,42,2023-01-16,Melbourne,Australian Open,Outdoor,Hard,1.07,9.0,1
Martinez P.,135,118,50,68,7,6,43,62,Hurkacz H.,17,238,137,101,27,24,110,77,2023-01-16,Melbourne,Australian Open,Outdoor,Hard,10.0,1.06,0
Zhang Zh.,53,44,20,24,1,2,19,22,Shelton B.,43,34,13,21,0,0,13,21,2023-01-17,Melbourne,Australian Open,Outdoor,Hard,3.0,1.4,0
Berrettini M.,38,217,142,75,14,11,128,64,Murray A.,44,932,687,245,132,47,555,198,2023-01-17,Melbourne,Australian Open,Outdoor,Hard,1.25,4.0,0
Zverev A.,19,500,346,154,60,31,286,123,Varillas J. P.,1345,20,9,11,2,1,7,10,2023-01-17,Melbourne,Australian Open,Outdoor,Hard,1.06,10.0,1
Paul T.,14,204,111,93,19,13,92,80,Struff J.L.,21,369,170,199,43,42,127,157,2023-01-17,Melbourne,Australian Open,Outdoor,Hard,1.4,3.0,1
Machac T.,108,18,6,12,1,1,5,11,Ruud C.,4,275,176,99,19,16,157,83,2023-01-17,Melbourne,Australian Open,Outdoor,Hard,5.0,1.17,0
Hsu Y.,209,1,0,1,0,0,0,1,De Minaur A.,19,272,161,111,30,19,131,92,2023-01-17,Melbourne,Australian Open,Outdoor,Hard,13.0,1.04,0
Popyrin A.,90,140,59,81,9,13,50,68,Tseng C. H.,108,8,2,6,0,1,2,5,2023-01-17,Melbourne,Australian Open,Outdoor,Hard,1.17,5.0,1
Carballes Baena R.,64,207,91,116,11,10,80,106,Djokovic N.,2,1207,1012,195,146,42,866,153,2023-01-17,Melbourne,Australian Open,Outdoor,Hard,29.0,1.01,0
Rune H.,6,131,83,48,28,9,55,39,Krajinovic F.,93,240,115,125,38,34,77,91,2023-01-17,Melbourne,Australian Open,Outdoor,Hard,1.14,5.5,1
Brooksby J.,39,79,46,33,6,5,40,28,O Connell C.,74,65,26,39,0,0,26,39,2023-01-17,Melbourne,Australian Open,Outdoor,Hard,1.44,2.75,1
Fritz T.,9,356,205,151,26,22,179,129,Basilashvili N.,118,301,138,163,26,34,112,129,2023-01-17,Melbourne,Australian Open,Outdoor,Hard,1.03,17.0,1
Bublik A.,25,219,110,109,39,30,71,79,Davidovich Fokina A.,39,168,84,84,17,20,67,64,2023-01-17,Melbourne,Australian Open,Outdoor,Hard,2.1,1.73,0
Cachin P.,54,52,23,29,1,3,22,26,Carreno Busta P.,16,352,214,138,33,25,181,113,2023-01-17,Melbourne,Australian Open,Outdoor,Hard,8.0,1.08,0
Kecmanovic M.,40,210,107,103,12,16,95,87,Jarry N.,28,141,73,68,9,6,64,62,2023-01-17,Melbourne,Australian Open,Outdoor,Hard,1.3,3.5,0
Schwartzman D.,95,428,233,195,32,27,201,168,Krutykh O.,180,3,0,3,0,0,0,3,2023-01-17,Melbourne,Australian Open,Outdoor,Hard,1.5,2.63,1
Bergs Z.,175,15,4,11,1,5,3,6,Djere L.,38,243,120,123,10,22,110,101,2023-01-17,Melbourne,Australian Open,Outdoor,Hard,2.75,1.44,0
Dimitrov G.,20,651,389,262,79,50,310,212,Karatsev A.,75,136,66,70,10,22,56,48,2023-01-17,Melbourne,Australian Open,Outdoor,Hard,1.4,3.0,1
Bellucci M.,152,1,0,1,0,0,0,1,Bonzi B.,107,83,37,46,10,13,27,33,2023-01-17,Melbourne,Australian Open,Outdoor,Hard,3.0,1.4,0
Evans D.,30,251,124,127,18,16,106,111,Bagnis F.,135,121,39,82,9,8,30,74,2023-01-17,Melbourne,Australian Open,Outdoor,Hard,1.11,6.5,1
Chardy J.,542,591,289,302,44,48,245,254,Galan D.E.,76,78,33,45,3,5,30,40,2023-01-17,Melbourne,Australian Open,Outdoor,Hard,3.2,1.36,1
Rublev A.,7,392,255,137,57,34,198,103,Thiem D.,116,517,327,190,53,39,274,151,2023-01-17,Melbourne,Australian Open,Outdoor,Hard,1.25,4.0,1
Wolf J.J.,45,75,39,36,8,6,31,30,Thompson J.,71,221,96,125,10,10,86,115,2023-01-17,Melbourne,Australian Open,Outdoor,Hard,1.57,2.38,1
Medvedev D.,3,406,289,117,69,27,220,90,Millman J.,140,256,113,143,21,22,92,121,2023-01-18,Melbourne,Australian Open,Outdoor,Hard,1.02,19.0,1
Nishioka Y.,31,215,99,116,15,15,84,101,Svrcina D.,216,2,1,1,0,0,1,1,2023-01-18,Melbourne,Australian Open,Outdoor,Hard,1.25,4.0,1
Moutet C.,80,118,50,68,5,11,45,57,Cerundolo F.,21,104,58,46,3,7,55,39,2023-01-18,Melbourne,Australian Open,Outdoor,Hard,1.91,1.91,0
Daniel T.,111,178,67,111,3,10,64,101,Shapovalov D.,29,298,166,132,30,27,136,105,2023-01-18,Melbourne,Australian Open,Outdoor,Hard,5.0,1.17,0
Hurkacz H.,17,238,137,101,27,24,110,77,Sonego L.,43,221,107,114,19,17,88,97,2023-01-18,Melbourne,Australian Open,Outdoor,Hard,1.25,4.0,1
Lestienne C.,109,40,13,27,6,9,7,18,Norrie C.,13,287,172,115,15,18,157,97,2023-01-18,Melbourne,Australian Open,Outdoor,Hard,7.0,1.1,0
Watanuki Y.,99,25,11,14,0,0,11,14,Korda S.,26,126,75,51,15,9,60,42,2023-01-18,Melbourne,Australian Open,Outdoor,Hard,4.33,1.22,0
Van De Zandschulp B.,44,117,63,54,11,11,52,43,Griekspoor T.,37,97,47,50,7,14,40,36,2023-01-18,Melbourne,Australian Open,Outdoor,Hard,1.73,2.1,0
Eubanks C.,29,64,28,36,1,3,27,33,Lehecka J.,33,61,30,31,4,4,26,27,2023-01-18,Melbourne,Australian Open,Outdoor,Hard,2.75,1.44,0
Kubler J.,77,53,24,29,0,1,24,28,Khachanov K.,11,378,217,161,44,38,173,123,2023-01-18,Melbourne,Australian Open,Outdoor,Hard,3.75,1.29,0
Tsitsipas S.,5,390,264,126,49,32,215,94,Hijikata R.,110,16,7,9,0,0,7,9,2023-01-18,Melbourne,Australian Open,Outdoor,Hard,1.05,11.0,1
Tiafoe F.,10,303,158,145,24,23,134,122,Shang J.,149,12,4,8,0,0,4,8,2023-01-18,Melbourne,Australian Open,Outdoor,Hard,1.14,5.5,1
Harris L.,186,129,59,70,7,8,52,62,Fucsovics M.,67,249,121,128,26,24,95,104,2023-01-18,Melbourne,Australian Open,Outdoor,Hard,2.0,1.8,0
Auger-Aliassime F.,12,268,163,105,48,22,115,83,Molcan A.,120,86,45,41,1,6,44,35,2023-01-18,Melbourne,Australian Open,Outdoor,Hard,1.05,11.0,1
Mcdonald M.,60,190,87,103,11,15,76,88,Nadal R.,2,1223,1017,206,76,40,941,166,2023-01-18,Melbourne,Australian Open,Outdoor,Hard,9.0,1.07,1
Ruusuvuori E.,55,158,79,79,16,18,63,61,Purcell M.,78,28,9,19,0,0,9,19,2023-01-18,Melbourne,Australian Open,Outdoor,Hard,1.36,3.2,1
Humbert U.,36,170,80,90,23,21,57,69,Gasquet R.,48,948,581,367,133,82,448,285,2023-01-18,Melbourne,Australian Open,Outdoor,Hard,2.1,1.73,1
Kudla D.,137,198,70,128,5,14,65,114,Safiullin R.,92,42,20,22,7,7,13,15,2023-01-18,Melbourne,Australian Open,Outdoor,Hard,3.2,1.36,1
Isner J.,114,755,465,290,53,45,412,245,Mannarino A.,27,567,264,303,60,73,204,230,2023-01-18,Melbourne,Australian Open,Outdoor,Hard,1.8,2.0,0
Vukic A.,62,36,15,21,2,1,13,20,Holt B.,193,7,2,5,0,1,2,4,2023-01-18,Melbourne,Australian Open,Outdoor,Hard,1.57,2.38,0
Mmoh M.,112,55,20,35,0,3,20,32,Lokoli L.,199,8,0,8,0,3,0,5,2023-01-18,Melbourne,Australian Open,Outdoor,Hard,1.53,2.5,1
Couacaud E.,158,9,2,7,0,1,2,6,Dellien H.,164,70,22,48,5,5,17,43,2023-01-18,Melbourne,Australian Open,Outdoor,Hard,1.11,6.5,1
Ramos-Vinolas A.,82,437,204,233,17,31,187,202,Cressy M.,96,96,42,54,10,11,32,43,2023-01-18,Melbourne,Australian Open,Outdoor,Hard,3.2,1.36,0
Kokkinakis T.,86,124,55,69,0,4,55,65,Fognini F.,128,742,383,359,39,48,344,311,2023-01-18,Melbourne,Australian Open,Outdoor,Hard,1.17,5.0,1
Etcheverry T.,34,60,26,34,5,3,21,31,Sinner J.,8,224,153,71,42,19,111,52,2023-01-18,Melbourne,Australian Open,Outdoor,Hard,11.0,1.05,0
Bautista Agut R.,25,379,234,145,31,29,203,116,Sousa J.,147,436,189,247,42,44,147,203,2023-01-18,Melbourne,Australian Open,Outdoor,Hard,1.08,8.0,1
Djere L.,38,243,120,123,10,22,110,101,Dimitrov G.,20,651,389,262,79,50,310,212,2023-01-19,Melbourne,Australian Open,Outdoor,Hard,3.75,1.29,0
Murray A.,44,932,687,245,132,47,555,198,Kokkinakis T.,86,124,55,69,0,4,55,65,2023-01-19,Melbourne,Australian Open,Outdoor,Hard,2.38,1.57,1
De Minaur A.,19,272,161,111,30,19,131,92,Mannarino A.,27,567,264,303,60,73,204,230,2023-01-19,Melbourne,Australian Open,Outdoor,Hard,1.17,5.0,1
Carreno Busta P.,16,352,214,138,33,25,181,113,Bonzi B.,107,83,37,46,10,13,27,33,2023-01-19,Melbourne,Australian Open,Outdoor,Hard,1.36,3.2,0
Holt B.,193,7,2,5,0,1,2,4,Bautista Agut R.,25,379,234,145,31,29,203,116,2023-01-19,Melbourne,Australian Open,Outdoor,Hard,7.0,1.1,0
Rune H.,6,131,83,48,28,9,55,39,Cressy M.,96,96,42,54,10,11,32,43,2023-01-19,Melbourne,Australian Open,Outdoor,Hard,1.17,5.0,1
Zverev A.,19,500,346,154,60,31,286,123,Mmoh M.,112,55,20,35,0,3,20,32,2023-01-19,Melbourne,Australian Open,Outdoor,Hard,1.2,4.5,0
Couacaud E.,158,9,2,7,0,1,2,6,Djokovic N.,2,1207,1012,195,146,42,866,153,2023-01-19,Melbourne,Australian Open,Outdoor,Hard,29.0,1.01,0
Popyrin A.,90,140,59,81,9,13,50,68,Fritz T.,9,356,205,151,26,22,179,129,2023-01-19,Melbourne,Australian Open,Outdoor,Hard,6.5,1.11,1
Wolf J.J.,45,75,39,36,8,6,31,30,Schwartzman D.,95,428,233,195,32,27,201,168,2023-01-19,Melbourne,Australian Open,Outdoor,Hard,1.53,2.5,1
Jarry N.,28,141,73,68,9,6,64,62,Shelton B.,43,34,13,21,0,0,13,21,2023-01-19,Melbourne,Australian Open,Outdoor,Hard,2.0,1.8,0
Rublev A.,7,392,255,137,57,34,198,103,Ruusuvuori E.,55,158,79,79,16,18,63,61,2023-01-19,Melbourne,Australian Open,Outdoor,Hard,1.22,4.33,1
Ruud C.,4,275,176,99,19,16,157,83,Brooksby J.,39,79,46,33,6,5,40,28,2023-01-19,Melbourne,Australian Open,Outdoor,Hard,1.33,3.4,0
Davidovich Fokina A.,39,168,84,84,17,20,67,64,Paul T.,14,204,111,93,19,13,92,80,2023-01-19,Melbourne,Australian Open,Outdoor,Hard,2.63,1.5,0
Evans D.,30,251,124,127,18,16,106,111,Chardy J.,542,591,289,302,44,48,245,254,2023-01-19,Melbourne,Australian Open,Outdoor,Hard,1.13,6.0,1
Humbert U.,36,170,80,90,23,21,57,69,Kudla D.,137,198,70,128,5,14,65,114,2023-01-19,Melbourne,Australian Open,Outdoor,Hard,1.44,2.75,1
Korda S.,26,126,75,51,15,9,60,42,Medvedev D.,3,406,289,117,69,27,220,90,2023-01-20,Melbourne,Australian Open,Outdoor,Hard,4.5,1.2,1
Tiafoe F.,10,303,158,145,24,23,134,122,Khachanov K.,11,378,217,161,44,38,173,123,2023-01-20,Melbourne,Australian Open,Outdoor,Hard,1.8,2.0,0
Shapovalov D.,29,298,166,132,30,27,136,105,Hurkacz H.,17,238,137,101,27,24,110,77,2023-01-20,Melbourne,Australian Open,Outdoor,Hard,1.91,1.91,0
Norrie C.,13,287,172,115,15,18,157,97,Lehecka J.,33,61,30,31,4,4,26,27,2023-01-20,Melbourne,Australian Open,Outdoor,Hard,1.33,3.4,0
Tsitsipas S.,5,390,264,126,49,32,215,94,Griekspoor T.,37,97,47,50,7,14,40,36,2023-01-20,Melbourne,Australian Open,Outdoor,Hard,1.1,7.0,1
Nishioka Y.,31,215,99,116,15,15,84,101,Mcdonald M.,60,190,87,103,11,15,76,88,2023-01-20,Melbourne,Australian Open,Outdoor,Hard,1.57,2.38,1
Fucsovics M.,67,249,121,128,26,24,95,104,Sinner J.,8,224,153,71,42,19,111,52,2023-01-20,Melbourne,Australian Open,Outdoor,Hard,7.0,1.1,0
Cerundolo F.,21,104,58,46,3,7,55,39,Auger-Aliassime F.,12,268,163,105,48,22,115,83,2023-01-20,Melbourne,Australian Open,Outdoor,Hard,6.5,1.11,0
Popyrin A.,90,140,59,81,9,13,50,68,Shelton B.,43,34,13,21,0,0,13,21,2023-01-21,Melbourne,Australian Open,Outdoor,Hard,1.62,2.3,0
Djokovic N.,2,1207,1012,195,146,42,866,153,Dimitrov G.,20,651,389,262,79,50,310,212,2023-01-21,Melbourne,Australian Open,Outdoor,Hard,1.2,4.5,1
Murray A.,44,932,687,245,132,47,555,198,Bautista Agut R.,25,379,234,145,31,29,203,116,2023-01-21,Melbourne,Australian Open,Outdoor,Hard,3.4,1.33,0
Wolf J.J.,45,75,39,36,8,6,31,30,Mmoh M.,112,55,20,35,0,3,20,32,2023-01-21,Melbourne,Australian Open,Outdoor,Hard,1.33,3.4,1
Evans D.,30,251,124,127,18,16,106,111,Rublev A.,7,392,255,137,57,34,198,103,2023-01-21,Melbourne,Australian Open,Outdoor,Hard,3.5,1.3,0
Bonzi B.,107,83,37,46,10,13,27,33,De Minaur A.,19,272,161,111,30,19,131,92,2023-01-21,Melbourne,Australian Open,Outdoor,Hard,4.33,1.22,0
Humbert U.,36,170,80,90,23,21,57,69,Rune H.,6,131,83,48,28,9,55,39,2023-01-21,Melbourne,Australian Open,Outdoor,Hard,5.0,1.17,0
Paul T.,14,204,111,93,19,13,92,80,Brooksby J.,39,79,46,33,6,5,40,28,2023-01-21,Melbourne,Australian Open,Outdoor,Hard,1.67,2.2,1
Korda S.,26,126,75,51,15,9,60,42,Hurkacz H.,17,238,137,101,27,24,110,77,2023-01-22,Melbourne,Australian Open,Outdoor,Hard,1.53,2.5,1
Khachanov K.,11,378,217,161,44,38,173,123,Nishioka Y.,31,215,99,116,15,15,84,101,2023-01-22,Melbourne,Australian Open,Outdoor,Hard,1.4,3.0,1
Lehecka J.,33,61,30,31,4,4,26,27,Auger-Aliassime F.,12,268,163,105,48,22,115,83,2023-01-22,Melbourne,Australian Open,Outdoor,Hard,4.5,1.2,1
Tsitsipas S.,5,390,264,126,49,32,215,94,Sinner J.,8,224,153,71,42,19,111,52,2023-01-22,Melbourne,Australian Open,Outdoor,Hard,1.44,2.75,1
Wolf J.J.,45,75,39,36,8,6,31,30,Shelton B.,43,34,13,21,0,0,13,21,2023-01-23,Melbourne,Australian Open,Outdoor,Hard,1.91,1.91,0
Rublev A.,7,392,255,137,57,34,198,103,Rune H.,6,131,83,48,28,9,55,39,2023-01-23,Melbourne,Australian Open,Outdoor,Hard,2.1,1.73,1
Bautista Agut R.,25,379,234,145,31,29,203,116,Paul T.,14,204,111,93,19,13,92,80,2023-01-23,Melbourne,Australian Open,Outdoor,Hard,2.1,1.73,0
Djokovic N.,2,1207,1012,195,146,42,866,153,De Minaur A.,19,272,161,111,30,19,131,92,2023-01-23,Melbourne,Australian Open,Outdoor,Hard,1.2,4.5,1
Korda S.,26,126,75,51,15,9,60,42,Khachanov K.,11,378,217,161,44,38,173,123,2023-01-24,Melbourne,Australian Open,Outdoor,Hard,1.8,2.0,0
Tsitsipas S.,5,390,264,126,49,32,215,94,Lehecka J.,33,61,30,31,4,4,26,27,2023-01-24,Melbourne,Australian Open,Outdoor,Hard,1.14,5.5,1
Rublev A.,7,392,255,137,57,34,198,103,Djokovic N.,2,1207,1012,195,146,42,866,153,2023-01-25,Melbourne,Australian Open,Outdoor,Hard,6.5,1.11,0
Shelton B.,43,34,13,21,0,0,13,21,Paul T.,14,204,111,93,19,13,92,80,2023-01-25,Melbourne,Australian Open,Outdoor,Hard,3.4,1.33,0
Tsitsipas S.,5,390,264,126,49,32,215,94,Khachanov K.,11,378,217,161,44,38,173,123,2023-01-27,Melbourne,Australian Open,Outdoor,Hard,1.3,3.5,1
Djokovic N.,2,1207,1012,195,146,42,866,153,Paul T.,14,204,111,93,19,13,92,80,2023-01-27,Melbourne,Australian Open,Outdoor,Hard,1.05,11.0,1
Tsitsipas S.,5,390,264,126,49,32,215,94,Djokovic N.,2,1207,1012,195,146,42,866,153,2023-01-29,Melbourne,Australian Open,Outdoor,Hard,4.8,1.2,0
Fils A.,71,24,15,9,6,3,9,6,Gasquet R.,48,948,581,367,133,82,448,285,2023-02-06,Montpellier,Open Sud de France,Indoor,Hard,2.63,1.5,1
Lestienne C.,109,40,13,27,6,9,7,18,Basilashvili N.,118,301,138,163,26,34,112,129,2023-02-06,Montpellier,Open Sud de France,Indoor,Hard,1.4,3.0,0
Carballes Baena R.,64,207,91,116,11,10,80,106,Zapata Miralles B.,54,80,32,48,1,6,31,42,2023-02-06,Cordoba,Cordoba Open,Outdoor,Clay,1.5,2.63,0
Lajovic D.,66,378,163,215,21,36,142,179,Varillas J. P.,1345,20,9,11,2,1,7,10,2023-02-06,Cordoba,Cordoba Open,Outdoor,Clay,2.2,1.67,1
Karatsev A.,75,136,66,70,10,22,56,48,Krajinovic F.,93,240,115,125,38,34,77,91,2023-02-07,Montpellier,Open Sud de France,Indoor,Hard,2.0,1.8,0
Chidekh C.,434,1,0,1,0,1,0,0,Halys Q.,79,72,23,49,3,10,20,39,2023-02-07,Montpellier,Open Sud de France,Indoor,Hard,3.4,1.33,0
Cressy M.,96,96,42,54,10,11,32,43,Bellier A.,190,9,4,5,1,2,3,3,2023-02-07,Montpellier,Open Sud de France,Indoor,Hard,1.22,4.33,1
Wolf J.J.,45,75,39,36,8,6,31,30,Holt B.,193,7,2,5,0,1,2,4,2023-02-07,Dallas,Dallas Open,Indoor,Hard,1.33,3.4,1
Huesler M.A.,88,58,21,37,8,8,13,29,Van Assche L.,68,20,7,13,0,3,7,10,2023-02-07,Montpellier,Open Sud de France,Indoor,Hard,1.44,2.75,1
Sonego L.,43,221,107,114,19,17,88,97,Bonzi B.,107,83,37,46,10,13,27,33,2023-02-07,Montpellier,Open Sud de France,Indoor,Hard,2.0,1.8,1
Rinderknech A.,67,96,46,50,16,12,30,38,Nardi L.,151,11,2,9,1,3,1,6,2023-02-07,Montpellier,Open Sud de France,Indoor,Hard,1.57,2.38,1
Verdasco F.,244,962,537,425,79,79,458,346,Mcdonald M.,60,190,87,103,11,15,76,88,2023-02-07,Dallas,Dallas Open,Indoor,Hard,4.0,1.25,0
Thompson J.,71,221,96,125,10,10,86,115,Kudla D.,137,198,70,128,5,14,65,114,2023-02-07,Dallas,Dallas Open,Indoor,Hard,1.73,2.1,1
Johnson S.,197,395,196,199,16,23,180,176,Mannarino A.,27,567,264,303,60,73,204,230,2023-02-07,Dallas,Dallas Open,Indoor,Hard,2.38,1.57,0
Blancaneaux G.,152,6,0,6,0,4,0,2,Fucsovics M.,67,249,121,128,26,24,95,104,2023-02-07,Montpellier,Open Sud de France,Indoor,Hard,3.75,1.29,0
Rybakov A.,378,1,0,1,0,1,0,0,Giron M.,69,150,68,82,20,14,48,68,2023-02-07,Dallas,Dallas Open,Indoor,Hard,5.5,1.14,0
Sock J.,166,324,177,147,38,24,139,123,Ivashka I.,113,159,78,81,19,18,59,63,2023-02-07,Dallas,Dallas Open,Indoor,Hard,3.0,1.4,1
Tabilo A.,122,44,21,23,5,4,16,19,Delbonis F.,131,340,152,188,19,23,133,165,2023-02-07,Cordoba,Cordoba Open,Outdoor,Clay,1.8,2.0,0
Garin C.,101,190,103,87,15,13,88,74,Martinez P.,135,118,50,68,7,6,43,62,2023-02-07,Cordoba,Cordoba Open,Outdoor,Clay,1.8,2.0,1
Galan D.E.,76,78,33,45,3,5,30,40,Barrios M.,121,10,3,7,0,0,3,7,2023-02-07,Cordoba,Cordoba Open,Outdoor,Clay,2.0,1.8,0
Coria F.,108,99,43,56,2,6,41,50,Monteiro T.,121,171,69,102,9,11,60,91,2023-02-07,Cordoba,Cordoba Open,Outdoor,Clay,1.62,2.3,1
Gaston H.,109,58,24,34,5,9,19,25,Darderi L.,184,3,1,2,0,0,1,2,2023-02-07,Cordoba,Cordoba Open,Outdoor,Clay,2.1,1.73,0
Andujar P.,323,404,164,240,12,30,152,210,Cerundolo J.M.,106,29,12,17,2,3,10,14,2023-02-07,Cordoba,Cordoba Open,Outdoor,Clay,4.5,1.2,0
Tseng C. H.,108,8,2,6,0,1,2,5,Isner J.,114,755,465,290,53,45,412,245,2023-02-08,Dallas,Dallas Open,Indoor,Hard,4.0,1.25,0
Svajda Z.,233,8,2,6,0,1,2,5,Altmaier D.,51,79,28,51,1,5,27,46,2023-02-08,Dallas,Dallas Open,Indoor,Hard,1.91,1.91,0
Otte O.,233,78,33,45,6,14,27,31,Eubanks C.,29,64,28,36,1,3,27,33,2023-02-08,Dallas,Dallas Open,Indoor,Hard,2.3,1.62,1
Wolf J.J.,45,75,39,36,8,6,31,30,Albot R.,97,215,86,129,26,26,60,103,2023-02-08,Dallas,Dallas Open,Indoor,Hard,1.14,5.5,1
Mmoh M.,112,55,20,35,0,3,20,32,Wu Y.,90,36,15,21,5,0,10,21,2023-02-08,Dallas,Dallas Open,Indoor,Hard,2.2,1.67,0
Diallo G.,140,3,0,3,0,1,0,2,Gomez E.,155,26,7,19,2,2,5,17,2023-02-08,Dallas,Dallas Open,Indoor,Hard,2.1,1.73,0
Albot R.,97,215,86,129,26,26,60,103,Krall L.,0,1,0,1,0,1,0,0,2023-02-08,Dallas,Dallas Open,Indoor,Hard,1.05,11.0,1
Davidovich Fokina A.,39,168,84,84,17,20,67,64,Humbert U.,36,170,80,90,23,21,57,69,2023-02-08,Montpellier,Open Sud de France,Indoor,Hard,2.2,1.67,1
Barrere G.,59,79,31,48,11,16,20,32,Bublik A.,25,219,110,109,39,30,71,79,2023-02-08,Montpellier,Open Sud de France,Indoor,Hard,1.8,2.0,1
Fucsovics M.,67,249,121,128,26,24,95,104,Sinner J.,8,224,153,71,42,19,111,52,2023-02-08,Montpellier,Open Sud de France,Indoor,Hard,5.5,1.14,0
Fils A.,71,24,15,9,6,3,9,6,Bautista Agut R.,25,379,234,145,31,29,203,116,2023-02-08,Montpellier,Open Sud de France,Indoor,Hard,3.75,1.29,1
Barrios M.,121,10,3,7,0,0,3,7,Zapata Miralles B.,54,80,32,48,1,6,31,42,2023-02-08,Cordoba,Cordoba Open,Outdoor,Clay,2.38,1.57,1
Cachin P.,54,52,23,29,1,3,22,26,Dellien H.,164,70,22,48,5,5,17,43,2023-02-08,Cordoba,Cordoba Open,Outdoor,Clay,2.3,1.62,0
Bagnis F.,135,121,39,82,9,8,30,74,Cecchinato M.,108,204,79,125,2,14,77,111,2023-02-08,Cordoba,Cordoba Open,Outdoor,Clay,1.73,2.1,0
Etcheverry T.,34,60,26,34,5,3,21,31,Sousa J.,147,436,189,247,42,44,147,203,2023-02-08,Cordoba,Cordoba Open,Outdoor,Clay,1.29,3.75,0
Vavassori A.,128,12,5,7,1,1,4,6,Pella G.,199,260,118,142,14,16,104,126,2023-02-08,Cordoba,Cordoba Open,Outdoor,Clay,1.53,2.5,0
Ruusuvuori E.,55,158,79,79,16,18,63,61,Ymer M.,59,130,58,72,18,23,40,49,2023-02-08,Montpellier,Open Sud de France,Indoor,Hard,2.0,1.8,1
Cressy M.,96,96,42,54,10,11,32,43,Ruusuvuori E.,55,158,79,79,16,18,63,61,2023-02-09,Montpellier,Open Sud de France,Indoor,Hard,2.75,1.44,1
Davidovich Fokina A.,39,168,84,84,17,20,67,64,Halys Q.,79,72,23,49,3,10,20,39,2023-02-09,Montpellier,Open Sud de France,Indoor,Hard,1.73,2.1,0
Rune H.,6,131,83,48,28,9,55,39,Huesler M.A.,88,58,21,37,8,8,13,29,2023-02-09,Montpellier,Open Sud de France,Indoor,Hard,1.3,3.5,1
Barrere G.,59,79,31,48,11,16,20,32,Basilashvili N.,118,301,138,163,26,34,112,129,2023-02-09,Montpellier,Open Sud de France,Indoor,Hard,1.53,2.5,1
Shapovalov D.,29,298,166,132,30,27,136,105,Wu Y.,90,36,15,21,5,0,10,21,2023-02-09,Dallas,Dallas Open,Indoor,Hard,1.36,3.2,0
Coric B.,15,343,185,158,28,28,157,130,Rinderknech A.,67,96,46,50,16,12,30,38,2023-02-09,Montpellier,Open Sud de France,Indoor,Hard,1.4,3.0,1
Darderi L.,184,3,1,2,0,0,1,2,Baez S.,72,95,47,48,6,6,41,42,2023-02-09,Cordoba,Cordoba Open,Outdoor,Clay,2.75,1.44,0
Sousa J.,147,436,189,247,42,44,147,203,Garin C.,101,190,103,87,15,13,88,74,2023-02-09,Cordoba,Cordoba Open,Outdoor,Clay,4.0,1.25,1
Cecchinato M.,108,204,79,125,2,14,77,111,Coria F.,108,99,43,56,2,6,41,50,2023-02-09,Cordoba,Cordoba Open,Outdoor,Clay,2.38,1.57,0
Pella G.,199,260,118,142,14,16,104,126,Dellien H.,164,70,22,48,5,5,17,43,2023-02-09,Cordoba,Cordoba Open,Outdoor,Clay,2.75,1.44,0
Mannarino A.,27,567,264,303,60,73,204,230,Thompson J.,71,221,96,125,10,10,86,115,2023-02-09,Dallas,Dallas Open,Indoor,Hard,1.53,2.5,1
Ramos-Vinolas A.,82,437,204,233,17,31,187,202,Lajovic D.,66,378,163,215,21,36,142,179,2023-02-09,Cordoba,Cordoba Open,Outdoor,Clay,1.73,2.1,1
Gomez E.,155,26,7,19,2,2,5,17,Kecmanovic M.,40,210,107,103,12,16,95,87,2023-02-09,Dallas,Dallas Open,Indoor,Hard,3.75,1.29,1
Cerundolo F.,21,104,58,46,3,7,55,39,Delbonis F.,131,340,152,188,19,23,133,165,2023-02-09,Cordoba,Cordoba Open,Outdoor,Clay,1.53,2.5,1
Mcdonald M.,60,190,87,103,11,15,76,88,Tiafoe F.,10,303,158,145,24,23,134,122,2023-02-09,Dallas,Dallas Open,Indoor,Hard,2.63,1.5,0
Sonego L.,43,221,107,114,19,17,88,97,Krajinovic F.,93,240,115,125,38,34,77,91,2023-02-09,Montpellier,Open Sud de France,Indoor,Hard,1.53,2.5,1
Isner J.,114,755,465,290,53,45,412,245,Altmaier D.,51,79,28,51,1,5,27,46,2023-02-09,Dallas,Dallas Open,Indoor,Hard,1.44,2.75,1
Schwartzman D.,95,428,233,195,32,27,201,168,Cerundolo J.M.,106,29,12,17,2,3,10,14,2023-02-10,Cordoba,Cordoba Open,Outdoor,Clay,1.73,2.1,0
Ramos-Vinolas A.,82,437,204,233,17,31,187,202,Sousa J.,147,436,189,247,42,44,147,203,2023-02-10,Cordoba,Cordoba Open,Outdoor,Clay,1.36,3.2,1
Cerundolo F.,21,104,58,46,3,7,55,39,Coria F.,108,99,43,56,2,6,41,50,2023-02-10,Cordoba,Cordoba Open,Outdoor,Clay,2.2,1.67,0
Fritz T.,9,356,205,151,26,22,179,129,Sock J.,166,324,177,147,38,24,139,123,2023-02-10,Dallas,Dallas Open,Indoor,Hard,1.11,6.5,1
Cerundolo J.M.,106,29,12,17,2,3,10,14,Dellien H.,164,70,22,48,5,5,17,43,2023-02-10,Cordoba,Cordoba Open,Outdoor,Clay,1.62,2.3,0
Coric B.,15,343,185,158,28,28,157,130,Cressy M.,96,96,42,54,10,11,32,43,2023-02-10,Montpellier,Open Sud de France,Indoor,Hard,1.36,3.2,0
Barrere G.,59,79,31,48,11,16,20,32,Rune H.,6,131,83,48,28,9,55,39,2023-02-10,Montpellier,Open Sud de France,Indoor,Hard,4.5,1.2,0
Fils A.,71,24,15,9,6,3,9,6,Halys Q.,79,72,23,49,3,10,20,39,2023-02-10,Montpellier,Open Sud de France,Indoor,Hard,2.0,1.8,1
Sonego L.,43,221,107,114,19,17,88,97,Sinner J.,8,224,153,71,42,19,111,52,2023-02-10,Montpellier,Open Sud de France,Indoor,Hard,3.5,1.3,0
Gomez E.,155,26,7,19,2,2,5,17,Isner J.,114,755,465,290,53,45,412,245,2023-02-10,Dallas,Dallas Open,Indoor,Hard,4.0,1.25,0
Tiafoe F.,10,303,158,145,24,23,134,122,Wolf J.J.,45,75,39,36,8,6,31,30,2023-02-10,Dallas,Dallas Open,Indoor,Hard,1.44,2.75,0
Otte O.,233,78,33,45,6,14,27,31,Giron M.,69,150,68,82,20,14,48,68,2023-02-10,Dallas,Dallas Open,Indoor,Hard,2.63,1.5,0
Baez S.,72,95,47,48,6,6,41,42,Barrios M.,121,10,3,7,0,0,3,7,2023-02-10,Cordoba,Cordoba Open,Outdoor,Clay,1.36,3.2,1
Fils A.,71,24,15,9,6,3,9,6,Sinner J.,8,224,153,71,42,19,111,52,2023-02-11,Montpellier,Open Sud de France,Indoor,Hard,4.0,1.25,0
Cressy M.,96,96,42,54,10,11,32,43,Rune H.,6,131,83,48,28,9,55,39,2023-02-11,Montpellier,Open Sud de France,Indoor,Hard,4.0,1.25,1
Wu Y.,90,36,15,21,5,0,10,21,Mannarino A.,27,567,264,303,60,73,204,230,2023-02-11,Dallas,Dallas Open,Indoor,Hard,2.0,1.8,1
Fritz T.,9,356,205,151,26,22,179,129,Wu Y.,90,36,15,21,5,0,10,21,2023-02-11,Dallas,Dallas Open,Indoor,Hard,1.29,3.75,0
Wolf J.J.,45,75,39,36,8,6,31,30,Isner J.,114,755,465,290,53,45,412,245,2023-02-11,Dallas,Dallas Open,Indoor,Hard,1.73,2.1,0
Giron M.,69,150,68,82,20,14,48,68,Fritz T.,9,356,205,151,26,22,179,129,2023-02-11,Dallas,Dallas Open,Indoor,Hard,4.33,1.22,0
Baez S.,72,95,47,48,6,6,41,42,Dellien H.,164,70,22,48,5,5,17,43,2023-02-11,Cordoba,Cordoba Open,Outdoor,Clay,1.44,2.75,1
Ramos-Vinolas A.,82,437,204,233,17,31,187,202,Coria F.,108,99,43,56,2,6,41,50,2023-02-11,Cordoba,Cordoba Open,Outdoor,Clay,2.1,1.73,0
Baez S.,72,95,47,48,6,6,41,42,Coria F.,108,99,43,56,2,6,41,50,2023-02-12,Cordoba,Cordoba Open,Outdoor,Clay,1.53,2.5,1
Cressy M.,96,96,42,54,10,11,32,43,Sinner J.,8,224,153,71,42,19,111,52,2023-02-12,Montpellier,Open Sud de France,Indoor,Hard,3.5,1.3,0
Wu Y.,90,36,15,21,5,0,10,21,Isner J.,114,755,465,290,53,45,412,245,2023-02-12,Dallas,Dallas Open,Indoor,Hard,1.8,2.0,1
Wawrinka S.,72,854,535,319,84,69,451,250,Bublik A.,25,219,110,109,39,30,71,79,2023-02-13,Rotterdam,ABN AMRO World Tennis Tournament,Indoor,Hard,1.8,2.0,1
Borges N.,69,28,10,18,1,1,9,17,Johnson S.,197,395,196,199,16,23,180,176,2023-02-13,Delray Beach,Delray Beach Open,Outdoor,Hard,1.36,3.2,1
Otte O.,233,78,33,45,6,14,27,31,Nishioka Y.,31,215,99,116,15,15,84,101,2023-02-13,Delray Beach,Delray Beach Open,Outdoor,Hard,3.5,1.3,0
Gasquet R.,48,948,581,367,133,82,448,285,Carreno Busta P.,16,352,214,138,33,25,181,113,2023-02-13,Rotterdam,ABN AMRO World Tennis Tournament,Indoor,Hard,2.75,1.44,1
Dimitrov G.,20,651,389,262,79,50,310,212,Karatsev A.,75,136,66,70,10,22,56,48,2023-02-13,Rotterdam,ABN AMRO World Tennis Tournament,Indoor,Hard,1.4,3.0,1
Barrere G.,59,79,31,48,11,16,20,32,Goffin D.,123,522,296,226,66,52,230,174,2023-02-13,Rotterdam,ABN AMRO World Tennis Tournament,Indoor,Hard,2.2,1.67,1
Wu T.L.,175,6,1,5,0,0,1,5,Gomez E.,155,26,7,19,2,2,5,17,2023-02-13,Delray Beach,Delray Beach Open,Outdoor,Hard,1.91,1.91,0
Thompson J.,71,221,96,125,10,10,86,115,Kudla D.,137,198,70,128,5,14,65,114,2023-02-13,Delray Beach,Delray Beach Open,Outdoor,Hard,2.3,1.62,0
Zapata Miralles B.,54,80,32,48,1,6,31,42,Martinez P.,135,118,50,68,7,6,43,62,2023-02-13,Buenos Aires,Argentina Open,Outdoor,Clay,1.91,1.91,1
Cachin P.,54,52,23,29,1,3,22,26,Monteiro T.,121,171,69,102,9,11,60,91,2023-02-13,Buenos Aires,Argentina Open,Outdoor,Clay,2.2,1.67,1
Fognini F.,128,742,383,359,39,48,344,311,Djere L.,38,243,120,123,10,22,110,101,2023-02-13,Buenos Aires,Argentina Open,Outdoor,Clay,3.2,1.36,0
Kovacevic A.,129,14,6,8,0,0,6,8,Mmoh M.,112,55,20,35,0,3,20,32,2023-02-14,Delray Beach,Delray Beach Open,Outdoor,Hard,2.1,1.73,0
Wolf J.J.,45,75,39,36,8,6,31,30,Ivashka I.,113,159,78,81,19,18,59,63,2023-02-14,Delray Beach,Delray Beach Open,Outdoor,Hard,1.36,3.2,1
Mcdonald M.,60,190,87,103,11,15,76,88,Daniel T.,111,178,67,111,3,10,64,101,2023-02-14,Delray Beach,Delray Beach Open,Outdoor,Hard,1.36,3.2,1
Vukic A.,62,36,15,21,2,1,13,20,Eubanks C.,29,64,28,36,1,3,27,33,2023-02-14,Delray Beach,Delray Beach Open,Outdoor,Hard,2.38,1.57,1
Griekspoor T.,37,97,47,50,7,14,40,36,Ymer M.,59,130,58,72,18,23,40,49,2023-02-14,Rotterdam,ABN AMRO World Tennis Tournament,Indoor,Hard,1.8,2.0,1
Pecotic M.,784,2,1,1,0,0,1,1,Sock J.,166,324,177,147,38,24,139,123,2023-02-14,Delray Beach,Delray Beach Open,Outdoor,Hard,4.0,1.25,1
Medvedev D.,3,406,289,117,69,27,220,90,Davidovich Fokina A.,39,168,84,84,17,20,67,64,2023-02-14,Rotterdam,ABN AMRO World Tennis Tournament,Indoor,Hard,1.17,5.0,1
Ruusuvuori E.,55,158,79,79,16,18,63,61,Tsitsipas S.,5,390,264,126,49,32,215,94,2023-02-14,Rotterdam,ABN AMRO World Tennis Tournament,Indoor,Hard,5.5,1.14,0
Sonego L.,43,221,107,114,19,17,88,97,Auger-Aliassime F.,12,268,163,105,48,22,115,83,2023-02-14,Rotterdam,ABN AMRO World Tennis Tournament,Indoor,Hard,3.75,1.29,0
Brouwer G.,144,21,11,10,3,2,8,8,Huesler M.A.,88,58,21,37,8,8,13,29,2023-02-14,Rotterdam,ABN AMRO World Tennis Tournament,Indoor,Hard,3.75,1.29,1
Hurkacz H.,17,238,137,101,27,24,110,77,Bautista Agut R.,25,379,234,145,31,29,203,116,2023-02-14,Rotterdam,ABN AMRO World Tennis Tournament,Indoor,Hard,1.62,2.3,1
Kwon S.W.,68,108,53,55,12,6,41,49,Zverev A.,19,500,346,154,60,31,286,123,2023-02-14,Rotterdam,ABN AMRO World Tennis Tournament,Indoor,Hard,2.5,1.53,0
Verdasco F.,244,962,537,425,79,79,458,346,Albot R.,97,215,86,129,26,26,60,103,2023-02-14,Delray Beach,Delray Beach Open,Outdoor,Hard,2.38,1.57,0
Mannarino A.,27,567,264,303,60,73,204,230,Altmaier D.,51,79,28,51,1,5,27,46,2023-02-14,Delray Beach,Delray Beach Open,Outdoor,Hard,1.4,3.0,1
Baez S.,72,95,47,48,6,6,41,42,Lajovic D.,66,378,163,215,21,36,142,179,2023-02-14,Buenos Aires,Argentina Open,Outdoor,Clay,1.44,2.75,0
Sousa J.,147,436,189,247,42,44,147,203,Varillas J. P.,1345,20,9,11,2,1,7,10,2023-02-14,Buenos Aires,Argentina Open,Outdoor,Clay,2.75,1.44,0
Diaz Acosta F.,137,5,1,4,0,0,1,4,Coria F.,108,99,43,56,2,6,41,50,2023-02-14,Buenos Aires,Argentina Open,Outdoor,Clay,2.38,1.57,1
Hanfmann Y.,50,99,50,49,5,4,45,45,Cerundolo F.,21,104,58,46,3,7,55,39,2023-02-14,Buenos Aires,Argentina Open,Outdoor,Clay,2.38,1.57,0
Ugo Carabelli C.,122,5,2,3,0,1,2,2,Galan D.E.,76,78,33,45,3,5,30,40,2023-02-14,Buenos Aires,Argentina Open,Outdoor,Clay,1.57,2.38,1
Dellien H.,164,70,22,48,5,5,17,43,Etcheverry T.,34,60,26,34,5,3,21,31,2023-02-14,Buenos Aires,Argentina Open,Outdoor,Clay,1.73,2.1,0
Munar J.,104,178,75,103,7,12,68,91,Pella G.,199,260,118,142,14,16,104,126,2023-02-14,Buenos Aires,Argentina Open,Outdoor,Clay,1.44,2.75,1
Carballes Baena R.,64,207,91,116,11,10,80,106,Ramos-Vinolas A.,82,437,204,233,17,31,187,202,2023-02-14,Buenos Aires,Argentina Open,Outdoor,Clay,2.2,1.67,1
Carballes Baena R.,64,207,91,116,11,10,80,106,Etcheverry T.,34,60,26,34,5,3,21,31,2023-02-15,Buenos Aires,Argentina Open,Outdoor,Clay,1.91,1.91,0
Molcan A.,120,86,45,41,1,6,44,35,Thiem D.,116,517,327,190,53,39,274,151,2023-02-15,Buenos Aires,Argentina Open,Outdoor,Clay,2.2,1.67,0
Pecotic M.,784,2,1,1,0,0,1,1,Giron M.,69,150,68,82,20,14,48,68,2023-02-15,Delray Beach,Delray Beach Open,Outdoor,Hard,6.0,1.13,0
Mcdonald M.,60,190,87,103,11,15,76,88,Nishioka Y.,31,215,99,116,15,15,84,101,2023-02-15,Delray Beach,Delray Beach Open,Outdoor,Hard,2.1,1.73,1
Kecmanovic M.,40,210,107,103,12,16,95,87,Borges N.,69,28,10,18,1,1,9,17,2023-02-15,Delray Beach,Delray Beach Open,Outdoor,Hard,1.44,2.75,1
Giron M.,69,150,68,82,20,14,48,68,Shelton B.,43,34,13,21,0,0,13,21,2023-02-15,Delray Beach,Delray Beach Open,Outdoor,Hard,2.2,1.67,1
Lajovic D.,66,378,163,215,21,36,142,179,Ugo Carabelli C.,122,5,2,3,0,1,2,2,2023-02-15,Buenos Aires,Argentina Open,Outdoor,Clay,1.53,2.5,1
Cressy M.,96,96,42,54,10,11,32,43,Van Rijthoven T.,110,19,10,9,0,4,10,5,2023-02-15,Rotterdam,ABN AMRO World Tennis Tournament,Indoor,Hard,1.5,2.63,1
Sinner J.,8,224,153,71,42,19,111,52,Bonzi B.,107,83,37,46,10,13,27,33,2023-02-15,Rotterdam,ABN AMRO World Tennis Tournament,Indoor,Hard,1.17,5.0,1
Rune H.,6,131,83,48,28,9,55,39,Lestienne C.,109,40,13,27,6,9,7,18,2023-02-15,Rotterdam,ABN AMRO World Tennis Tournament,Indoor,Hard,1.14,5.5,1
Van De Zandschulp B.,44,117,63,54,11,11,52,43,Halys Q.,79,72,23,49,3,10,20,39,2023-02-15,Rotterdam,ABN AMRO World Tennis Tournament,Indoor,Hard,1.67,2.2,1
De Minaur A.,19,272,161,111,30,19,131,92,Rublev A.,7,392,255,137,57,34,198,103,2023-02-15,Rotterdam,ABN AMRO World Tennis Tournament,Indoor,Hard,2.63,1.5,1
Gasquet R.,48,948,581,367,133,82,448,285,Wawrinka S.,72,854,535,319,84,69,451,250,2023-02-15,Rotterdam,ABN AMRO World Tennis Tournament,Indoor,Hard,2.2,1.67,0
Dimitrov G.,20,651,389,262,79,50,310,212,Hurkacz H.,17,238,137,101,27,24,110,77,2023-02-15,Rotterdam,ABN AMRO World Tennis Tournament,Indoor,Hard,2.0,1.8,1
Griekspoor T.,37,97,47,50,7,14,40,36,Zverev A.,19,500,346,154,60,31,286,123,2023-02-15,Rotterdam,ABN AMRO World Tennis Tournament,Indoor,Hard,3.0,1.4,1
Norrie C.,13,287,172,115,15,18,157,97,Diaz Acosta F.,137,5,1,4,0,0,1,4,2023-02-15,Buenos Aires,Argentina Open,Outdoor,Clay,1.29,3.75,1
Sinner J.,8,224,153,71,42,19,111,52,Tsitsipas S.,5,390,264,126,49,32,215,94,2023-02-16,Rotterdam,ABN AMRO World Tennis Tournament,Indoor,Hard,2.2,1.67,1
Barrere G.,59,79,31,48,11,16,20,32,Auger-Aliassime F.,12,268,163,105,48,22,115,83,2023-02-16,Rotterdam,ABN AMRO World Tennis Tournament,Indoor,Hard,4.5,1.2,0
Rune H.,6,131,83,48,28,9,55,39,Brouwer G.,144,21,11,10,3,2,8,8,2023-02-16,Rotterdam,ABN AMRO World Tennis Tournament,Indoor,Hard,1.08,8.0,0
Cressy M.,96,96,42,54,10,11,32,43,De Minaur A.,19,272,161,111,30,19,131,92,2023-02-16,Rotterdam,ABN AMRO World Tennis Tournament,Indoor,Hard,3.0,1.4,0
Varillas J. P.,1345,20,9,11,2,1,7,10,Thiem D.,116,517,327,190,53,39,274,151,2023-02-16,Buenos Aires,Argentina Open,Outdoor,Clay,3.2,1.36,1
Van De Zandschulp B.,44,117,63,54,11,11,52,43,Medvedev D.,3,406,289,117,69,27,220,90,2023-02-16,Rotterdam,ABN AMRO World Tennis Tournament,Indoor,Hard,6.0,1.13,0
Schwartzman D.,95,428,233,195,32,27,201,168,Zapata Miralles B.,54,80,32,48,1,6,31,42,2023-02-16,Buenos Aires,Argentina Open,Outdoor,Clay,1.57,2.38,0
Mannarino A.,27,567,264,303,60,73,204,230,Wolf J.J.,45,75,39,36,8,6,31,30,2023-02-16,Delray Beach,Delray Beach Open,Outdoor,Hard,2.38,1.57,1
Kudla D.,137,198,70,128,5,14,65,114,Paul T.,14,204,111,93,19,13,92,80,2023-02-16,Delray Beach,Delray Beach Open,Outdoor,Hard,5.0,1.17,0
Vukic A.,62,36,15,21,2,1,13,20,Albot R.,97,215,86,129,26,26,60,103,2023-02-16,Delray Beach,Delray Beach Open,Outdoor,Hard,1.73,2.1,0
Shapovalov D.,29,298,166,132,30,27,136,105,Mmoh M.,112,55,20,35,0,3,20,32,2023-02-16,Delray Beach,Delray Beach Open,Outdoor,Hard,1.29,3.75,0
Djere L.,38,243,120,123,10,22,110,101,Alcaraz C.,1,164,130,34,10,5,120,29,2023-02-16,Buenos Aires,Argentina Open,Outdoor,Clay,4.0,1.25,0
Cachin P.,54,52,23,29,1,3,22,26,Musetti L.,18,143,79,64,12,12,67,52,2023-02-16,Buenos Aires,Argentina Open,Outdoor,Clay,3.4,1.33,0
Munar J.,104,178,75,103,7,12,68,91,Cerundolo F.,21,104,58,46,3,7,55,39,2023-02-16,Buenos Aires,Argentina Open,Outdoor,Clay,2.3,1.62,0
Alcaraz C.,1,164,130,34,10,5,120,29,Lajovic D.,66,378,163,215,21,36,142,179,2023-02-17,Buenos Aires,Argentina Open,Outdoor,Clay,1.14,5.5,1
Varillas J. P.,1345,20,9,11,2,1,7,10,Musetti L.,18,143,79,64,12,12,67,52,2023-02-17,Buenos Aires,Argentina Open,Outdoor,Clay,3.5,1.3,1
Etcheverry T.,34,60,26,34,5,3,21,31,Norrie C.,13,287,172,115,15,18,157,97,2023-02-17,Buenos Aires,Argentina Open,Outdoor,Clay,2.38,1.57,0
Medvedev D.,3,406,289,117,69,27,220,90,Auger-Aliassime F.,12,268,163,105,48,22,115,83,2023-02-17,Rotterdam,ABN AMRO World Tennis Tournament,Indoor,Hard,1.67,2.2,1
Gomez E.,155,26,7,19,2,2,5,17,Fritz T.,9,356,205,151,26,22,179,129,2023-02-17,Delray Beach,Delray Beach Open,Outdoor,Hard,9.0,1.07,0
Giron M.,69,150,68,82,20,14,48,68,Kecmanovic M.,40,210,107,103,12,16,95,87,2023-02-17,Delray Beach,Delray Beach Open,Outdoor,Hard,1.91,1.91,0
Paul T.,14,204,111,93,19,13,92,80,Albot R.,97,215,86,129,26,26,60,103,2023-02-17,Delray Beach,Delray Beach Open,Outdoor,Hard,1.14,5.5,0
Griekspoor T.,37,97,47,50,7,14,40,36,Brouwer G.,144,21,11,10,3,2,8,8,2023-02-17,Rotterdam,ABN AMRO World Tennis Tournament,Indoor,Hard,1.33,3.4,1
De Minaur A.,19,272,161,111,30,19,131,92,Dimitrov G.,20,651,389,262,79,50,310,212,2023-02-17,Rotterdam,ABN AMRO World Tennis Tournament,Indoor,Hard,1.8,2.0,0
Wawrinka S.,72,854,535,319,84,69,451,250,Sinner J.,8,224,153,71,42,19,111,52,2023-02-17,Rotterdam,ABN AMRO World Tennis Tournament,Indoor,Hard,4.33,1.22,0
Dimitrov G.,20,651,389,262,79,50,310,212,Medvedev D.,3,406,289,117,69,27,220,90,2023-02-18,Rotterdam,ABN AMRO World Tennis Tournament,Indoor,Hard,4.5,1.2,0
Sinner J.,8,224,153,71,42,19,111,52,Griekspoor T.,37,97,47,50,7,14,40,36,2023-02-18,Rotterdam,ABN AMRO World Tennis Tournament,Indoor,Hard,1.14,5.5,1
Norrie C.,13,287,172,115,15,18,157,97,Varillas J. P.,1345,20,9,11,2,1,7,10,2023-02-18,Buenos Aires,Argentina Open,Outdoor,Clay,1.53,2.5,1
Alcaraz C.,1,164,130,34,10,5,120,29,Zapata Miralles B.,54,80,32,48,1,6,31,42,2023-02-18,Buenos Aires,Argentina Open,Outdoor,Clay,1.11,6.5,1
Kecmanovic M.,40,210,107,103,12,16,95,87,Albot R.,97,215,86,129,26,26,60,103,2023-02-18,Delray Beach,Delray Beach Open,Outdoor,Hard,1.33,3.4,1
Mannarino A.,27,567,264,303,60,73,204,230,Fritz T.,9,356,205,151,26,22,179,129,2023-02-18,Delray Beach,Delray Beach Open,Outdoor,Hard,4.33,1.22,0
Mmoh M.,112,55,20,35,0,3,20,32,Mcdonald M.,60,190,87,103,11,15,76,88,2023-02-18,Delray Beach,Delray Beach Open,Outdoor,Hard,2.5,1.53,0
Cerundolo F.,21,104,58,46,3,7,55,39,Zapata Miralles B.,54,80,32,48,1,6,31,42,2023-02-18,Buenos Aires,Argentina Open,Outdoor,Clay,1.5,2.63,0
Kecmanovic M.,40,210,107,103,12,16,95,87,Fritz T.,9,356,205,151,26,22,179,129,2023-02-19,Delray Beach,Delray Beach Open,Outdoor,Hard,3.75,1.29,0
Mcdonald M.,60,190,87,103,11,15,76,88,Fritz T.,9,356,205,151,26,22,179,129,2023-02-19,Delray Beach,Delray Beach Open,Outdoor,Hard,3.5,1.3,0
Sinner J.,8,224,153,71,42,19,111,52,Medvedev D.,3,406,289,117,69,27,220,90,2023-02-19,Rotterdam,ABN AMRO World Tennis Tournament,Indoor,Hard,2.38,1.57,0
Norrie C.,13,287,172,115,15,18,157,97,Alcaraz C.,1,164,130,34,10,5,120,29,2023-02-19,Buenos Aires,Argentina Open,Outdoor,Clay,5.0,1.17,0
Djere L.,38,243,120,123,10,22,110,101,Bagnis F.,135,121,39,82,9,8,30,74,2023-02-20,Rio de Janeiro,Rio Open,Outdoor,Clay,1.44,2.75,1
Monteiro T.,121,171,69,102,9,11,60,91,Thiem D.,116,517,327,190,53,39,274,151,2023-02-20,Rio de Janeiro,Rio Open,Outdoor,Clay,3.0,1.4,1
Martinez P.,135,118,50,68,7,6,43,62,Garin C.,101,190,103,87,15,13,88,74,2023-02-20,Rio de Janeiro,Rio Open,Outdoor,Clay,2.2,1.67,1
Dellien H.,164,70,22,48,5,5,17,43,Sousa J.,147,436,189,247,42,44,147,203,2023-02-20,Rio de Janeiro,Rio Open,Outdoor,Clay,1.4,3.0,1
Wawrinka S.,72,854,535,319,84,69,451,250,Bergs Z.,175,15,4,11,1,5,3,6,2023-02-20,Marseille,Open 13,Indoor,Hard,1.3,3.5,1
Bonzi B.,107,83,37,46,10,13,27,33,Van Assche L.,68,20,7,13,0,3,7,10,2023-02-20,Marseille,Open 13,Indoor,Hard,1.5,2.63,1
Bublik A.,25,219,110,109,39,30,71,79,Krajinovic F.,93,240,115,125,38,34,77,91,2023-02-20,Marseille,Open 13,Indoor,Hard,1.57,2.38,1
Molcan A.,120,86,45,41,1,6,44,35,Fonseca J.,827,1,0,1,0,0,0,1,2023-02-20,Rio de Janeiro,Rio Open,Outdoor,Clay,1.07,9.0,1
Murray A.,44,932,687,245,132,47,555,198,Sonego L.,43,221,107,114,19,17,88,97,2023-02-20,Doha,Qatar Exxon Mobil Open,Outdoor,Hard,1.67,2.2,1
Karatsev A.,75,136,66,70,10,22,56,48,Kubler J.,77,53,24,29,0,1,24,28,2023-02-20,Doha,Qatar Exxon Mobil Open,Outdoor,Hard,2.1,1.73,0
O Connell C.,74,65,26,39,0,0,26,39,Verdasco F.,244,962,537,425,79,79,458,346,2023-02-20,Doha,Qatar Exxon Mobil Open,Outdoor,Hard,1.36,3.2,1
Broady L.,125,47,18,29,5,3,13,26,Krutykh O.,180,3,0,3,0,0,0,3,2023-02-20,Doha,Qatar Exxon Mobil Open,Outdoor,Hard,1.36,3.2,1
Lestienne C.,109,40,13,27,6,9,7,18,Davidovich Fokina A.,39,168,84,84,17,20,67,64,2023-02-20,Doha,Qatar Exxon Mobil Open,Outdoor,Hard,2.63,1.5,0
Ymer E.,186,81,24,57,3,11,21,46,Brouwer G.,144,21,11,10,3,2,8,8,2023-02-21,Marseille,Open 13,Indoor,Hard,2.5,1.53,0
Barrere G.,59,79,31,48,11,16,20,32,Huesler M.A.,88,58,21,37,8,8,13,29,2023-02-21,Marseille,Open 13,Indoor,Hard,1.67,2.2,1
Cressy M.,96,96,42,54,10,11,32,43,Blancaneaux G.,152,6,0,6,0,4,0,2,2023-02-21,Marseille,Open 13,Indoor,Hard,1.2,4.5,1
Gasquet R.,48,948,581,367,133,82,448,285,Lokoli L.,199,8,0,8,0,3,0,5,2023-02-21,Marseille,Open 13,Indoor,Hard,1.25,4.0,1
Goffin D.,123,522,296,226,66,52,230,174,Klein L.,142,7,2,5,0,1,2,4,2023-02-21,Marseille,Open 13,Indoor,Hard,1.44,2.75,1
Andujar P.,323,404,164,240,12,30,152,210,Ritschard A.,163,9,3,6,1,1,2,5,2023-02-21,Marseille,Open 13,Indoor,Hard,4.0,1.25,0
Muller A.,81,22,9,13,0,1,9,12,Basilashvili N.,118,301,138,163,26,34,112,129,2023-02-21,Doha,Qatar Exxon Mobil Open,Outdoor,Hard,2.2,1.67,1
Jarry N.,28,141,73,68,9,6,64,62,Musetti L.,18,143,79,64,12,12,67,52,2023-02-21,Rio de Janeiro,Rio Open,Outdoor,Clay,2.63,1.5,1
Cachin P.,54,52,23,29,1,3,22,26,Galan D.E.,76,78,33,45,3,5,30,40,2023-02-21,Rio de Janeiro,Rio Open,Outdoor,Clay,1.53,2.5,0
Gaston H.,109,58,24,34,5,9,19,25,Varillas J.P.,77,22,10,12,1,3,9,9,2023-02-21,Rio de Janeiro,Rio Open,Outdoor,Clay,2.5,1.53,0
Norrie C.,13,287,172,115,15,18,157,97,Cerundolo J.M.,106,29,12,17,2,3,10,14,2023-02-21,Rio de Janeiro,Rio Open,Outdoor,Clay,1.36,3.2,1
Evans D.,30,251,124,127,18,16,106,111,Ruusuvuori E.,55,158,79,79,16,18,63,61,2023-02-21,Doha,Qatar Exxon Mobil Open,Outdoor,Hard,2.0,1.8,0
Riedi L.,135,5,1,4,1,1,0,3,Rinderknech A.,67,96,46,50,16,12,30,38,2023-02-21,Marseille,Open 13,Indoor,Hard,2.3,1.62,1
Halys Q.,79,72,23,49,3,10,20,39,Griekspoor T.,37,97,47,50,7,14,40,36,2023-02-21,Doha,Qatar Exxon Mobil Open,Outdoor,Hard,2.3,1.62,0
Carballes Baena R.,64,207,91,116,11,10,80,106,Cerundolo F.,21,104,58,46,3,7,55,39,2023-02-21,Rio de Janeiro,Rio Open,Outdoor,Clay,2.75,1.44,0
Lehecka J.,33,61,30,31,4,4,26,27,Dzumhur D.,202,234,107,127,31,29,76,98,2023-02-21,Doha,Qatar Exxon Mobil Open,Outdoor,Hard,1.17,5.0,1
Bautista Agut R.,25,379,234,145,31,29,203,116,Fucsovics M.,67,249,121,128,26,24,95,104,2023-02-21,Doha,Qatar Exxon Mobil Open,Outdoor,Hard,1.3,3.5,1
Ivashka I.,113,159,78,81,19,18,59,63,Van De Zandschulp B.,44,117,63,54,11,11,52,43,2023-02-21,Doha,Qatar Exxon Mobil Open,Outdoor,Hard,2.38,1.57,0
Kwon S.W.,68,108,53,55,12,6,41,49,Shelbayh A.,240,6,1,5,0,0,1,5,2023-02-21,Doha,Qatar Exxon Mobil Open,Outdoor,Hard,1.25,4.0,1
Dellien H.,164,70,22,48,5,5,17,43,Molcan A.,120,86,45,41,1,6,44,35,2023-02-22,Rio de Janeiro,Rio Open,Outdoor,Clay,1.73,2.1,1
Schwartzman D.,95,428,233,195,32,27,201,168,Lajovic D.,66,378,163,215,21,36,142,179,2023-02-22,Rio de Janeiro,Rio Open,Outdoor,Clay,2.3,1.62,0
Zapata Miralles B.,54,80,32,48,1,6,31,42,Munar J.,104,178,75,103,7,12,68,91,2023-02-22,Rio de Janeiro,Rio Open,Outdoor,Clay,1.73,2.1,1
Auger-Aliassime F.,12,268,163,105,48,22,115,83,Kubler J.,77,53,24,29,0,1,24,28,2023-02-22,Doha,Qatar Exxon Mobil Open,Outdoor,Hard,1.17,5.0,1
Alves M.,556,1,0,1,0,0,0,1,Alcaraz C.,1,164,130,34,10,5,120,29,2023-02-22,Rio de Janeiro,Rio Open,Outdoor,Clay,21.0,1.02,0
Ruusuvuori E.,55,158,79,79,16,18,63,61,Lehecka J.,33,61,30,31,4,4,26,27,2023-02-22,Doha,Qatar Exxon Mobil Open,Outdoor,Hard,2.0,1.8,0
Bellucci T.,915,380,179,201,22,24,157,177,Baez S.,72,95,47,48,6,6,41,42,2023-02-22,Rio de Janeiro,Rio Open,Outdoor,Clay,15.0,1.03,0
Van De Zandschulp B.,44,117,63,54,11,11,52,43,Muller A.,81,22,9,13,0,1,9,12,2023-02-22,Doha,Qatar Exxon Mobil Open,Outdoor,Hard,1.3,3.5,0
Griekspoor T.,37,97,47,50,7,14,40,36,Rublev A.,7,392,255,137,57,34,198,103,2023-02-22,Doha,Qatar Exxon Mobil Open,Outdoor,Hard,3.75,1.29,0
Kwon S.W.,68,108,53,55,12,6,41,49,Davidovich Fokina A.,39,168,84,84,17,20,67,64,2023-02-22,Doha,Qatar Exxon Mobil Open,Outdoor,Hard,2.1,1.73,0
Zverev A.,19,500,346,154,60,31,286,123,Murray A.,44,932,687,245,132,47,555,198,2023-02-22,Doha,Qatar Exxon Mobil Open,Outdoor,Hard,1.67,2.2,0
Etcheverry T.,34,60,26,34,5,3,21,31,Ramos-Vinolas A.,82,437,204,233,17,31,187,202,2023-02-22,Rio de Janeiro,Rio Open,Outdoor,Clay,2.1,1.73,0
Barrios M.,121,10,3,7,0,0,3,7,Fognini F.,128,742,383,359,39,48,344,311,2023-02-22,Rio de Janeiro,Rio Open,Outdoor,Clay,1.67,2.2,0
Safiullin R.,92,42,20,22,7,7,13,15,Fils A.,71,24,15,9,6,3,9,6,2023-02-22,Marseille,Open 13,Indoor,Hard,2.38,1.57,0
Broady L.,125,47,18,29,5,3,13,26,Medvedev D.,3,406,289,117,69,27,220,90,2023-02-22,Doha,Qatar Exxon Mobil Open,Outdoor,Hard,10.0,1.06,0
O Connell C.,74,65,26,39,0,0,26,39,Bautista Agut R.,25,379,234,145,31,29,203,116,2023-02-22,Doha,Qatar Exxon Mobil Open,Outdoor,Hard,4.33,1.22,1
Gasquet R.,48,948,581,367,133,82,448,285,Wawrinka S.,72,854,535,319,84,69,451,250,2023-02-22,Marseille,Open 13,Indoor,Hard,2.75,1.44,0
Bublik A.,25,219,110,109,39,30,71,79,Barrere G.,59,79,31,48,11,16,20,32,2023-02-22,Marseille,Open 13,Indoor,Hard,2.0,1.8,1
Cressy M.,96,96,42,54,10,11,32,43,Bonzi B.,107,83,37,46,10,13,27,33,2023-02-22,Marseille,Open 13,Indoor,Hard,1.62,2.3,0
Ymer M.,59,130,58,72,18,23,40,49,Albot R.,97,215,86,129,26,26,60,103,2023-02-22,Marseille,Open 13,Indoor,Hard,1.3,3.5,1
Alcaraz C.,1,164,130,34,10,5,120,29,Fognini F.,128,742,383,359,39,48,344,311,2023-02-23,Rio de Janeiro,Rio Open,Outdoor,Clay,1.06,10.0,1
Auger-Aliassime F.,12,268,163,105,48,22,115,83,Davidovich Fokina A.,39,168,84,84,17,20,67,64,2023-02-23,Doha,Qatar Exxon Mobil Open,Outdoor,Hard,1.33,3.4,1
Medvedev D.,3,406,289,117,69,27,220,90,O Connell C.,74,65,26,39,0,0,26,39,2023-02-23,Doha,Qatar Exxon Mobil Open,Outdoor,Hard,1.05,11.0,1
Murray A.,44,932,687,245,132,47,555,198,Muller A.,81,22,9,13,0,1,9,12,2023-02-23,Doha,Qatar Exxon Mobil Open,Outdoor,Hard,1.36,3.2,1
Lehecka J.,33,61,30,31,4,4,26,27,Rublev A.,7,392,255,137,57,34,198,103,2023-02-23,Doha,Qatar Exxon Mobil Open,Outdoor,Hard,2.75,1.44,1
Fils A.,71,24,15,9,6,3,9,6,Sinner J.,8,224,153,71,42,19,111,52,2023-02-23,Marseille,Open 13,Indoor,Hard,4.5,1.2,1
Monteiro T.,121,171,69,102,9,11,60,91,Norrie C.,13,287,172,115,15,18,157,97,2023-02-23,Rio de Janeiro,Rio Open,Outdoor,Clay,3.75,1.29,0
Goffin D.,123,522,296,226,66,52,230,174,Ymer M.,59,130,58,72,18,23,40,49,2023-02-23,Marseille,Open 13,Indoor,Hard,1.8,2.0,0
Cerundolo F.,21,104,58,46,3,7,55,39,Zapata Miralles B.,54,80,32,48,1,6,31,42,2023-02-23,Rio de Janeiro,Rio Open,Outdoor,Clay,1.57,2.38,0
Galan D.E.,76,78,33,45,3,5,30,40,Ramos-Vinolas A.,82,437,204,233,17,31,187,202,2023-02-23,Rio de Janeiro,Rio Open,Outdoor,Clay,2.63,1.5,0
Jarry N.,28,141,73,68,9,6,64,62,Martinez P.,135,118,50,68,7,6,43,62,2023-02-23,Rio de Janeiro,Rio Open,Outdoor,Clay,1.36,3.2,1
Riedi L.,135,5,1,4,1,1,0,3,Hurkacz H.,17,238,137,101,27,24,110,77,2023-02-23,Marseille,Open 13,Indoor,Hard,4.0,1.25,0
Ritschard A.,163,9,3,6,1,1,2,5,De Minaur A.,19,272,161,111,30,19,131,92,2023-02-23,Marseille,Open 13,Indoor,Hard,9.0,1.07,0
Dimitrov G.,20,651,389,262,79,50,310,212,Brouwer G.,144,21,11,10,3,2,8,8,2023-02-23,Marseille,Open 13,Indoor,Hard,1.2,4.5,1
Baez S.,72,95,47,48,6,6,41,42,Varillas J.P.,77,22,10,12,1,3,9,9,2023-02-23,Rio de Janeiro,Rio Open,Outdoor,Clay,1.53,2.5,1
Djere L.,38,243,120,123,10,22,110,101,Lajovic D.,66,378,163,215,21,36,142,179,2023-02-24,Rio de Janeiro,Rio Open,Outdoor,Clay,1.62,2.3,0
Dellien H.,164,70,22,48,5,5,17,43,Norrie C.,13,287,172,115,15,18,157,97,2023-02-24,Rio de Janeiro,Rio Open,Outdoor,Clay,3.0,1.4,0
Ramos-Vinolas A.,82,437,204,233,17,31,187,202,Zapata Miralles B.,54,80,32,48,1,6,31,42,2023-02-24,Rio de Janeiro,Rio Open,Outdoor,Clay,2.1,1.73,0
De Minaur A.,19,272,161,111,30,19,131,92,Bonzi B.,107,83,37,46,10,13,27,33,2023-02-24,Marseille,Open 13,Indoor,Hard,1.33,3.4,0
Fils A.,71,24,15,9,6,3,9,6,Wawrinka S.,72,854,535,319,84,69,451,250,2023-02-24,Marseille,Open 13,Indoor,Hard,1.67,2.2,1
Dimitrov G.,20,651,389,262,79,50,310,212,Bublik A.,25,219,110,109,39,30,71,79,2023-02-24,Marseille,Open 13,Indoor,Hard,1.5,2.63,0
Ymer M.,59,130,58,72,18,23,40,49,Hurkacz H.,17,238,137,101,27,24,110,77,2023-02-24,Marseille,Open 13,Indoor,Hard,3.4,1.33,0
Murray A.,44,932,687,245,132,47,555,198,Lehecka J.,33,61,30,31,4,4,26,27,2023-02-24,Doha,Qatar Exxon Mobil Open,Outdoor,Hard,2.63,1.5,1
Auger-Aliassime F.,12,268,163,105,48,22,115,83,Medvedev D.,3,406,289,117,69,27,220,90,2023-02-24,Doha,Qatar Exxon Mobil Open,Outdoor,Hard,3.0,1.4,0
Lajovic D.,66,378,163,215,21,36,142,179,Alcaraz C.,1,164,130,34,10,5,120,29,2023-02-24,Rio de Janeiro,Rio Open,Outdoor,Clay,6.0,1.13,0
Jarry N.,28,141,73,68,9,6,64,62,Baez S.,72,95,47,48,6,6,41,42,2023-02-25,Rio de Janeiro,Rio Open,Outdoor,Clay,1.73,2.1,1
Jarry N.,28,141,73,68,9,6,64,62,Alcaraz C.,1,164,130,34,10,5,120,29,2023-02-25,Rio de Janeiro,Rio Open,Outdoor,Clay,4.5,1.2,0
Zapata Miralles B.,54,80,32,48,1,6,31,42,Norrie C.,13,287,172,115,15,18,157,97,2023-02-25,Rio de Janeiro,Rio Open,Outdoor,Clay,2.75,1.44,0
Medvedev D.,3,406,289,117,69,27,220,90,Murray A.,44,932,687,245,132,47,555,198,2023-02-25,Doha,Qatar Exxon Mobil Open,Outdoor,Hard,1.14,5.5,1
Fils A.,71,24,15,9,6,3,9,6,Bonzi B.,107,83,37,46,10,13,27,33,2023-02-25,Marseille,Open 13,Indoor,Hard,1.67,2.2,0
Bublik A.,25,219,110,109,39,30,71,79,Hurkacz H.,17,238,137,101,27,24,110,77,2023-02-25,Marseille,Open 13,Indoor,Hard,2.3,1.62,0
Hurkacz H.,17,238,137,101,27,24,110,77,Bonzi B.,107,83,37,46,10,13,27,33,2023-02-26,Marseille,Open 13,Indoor,Hard,1.5,2.63,1
Norrie C.,13,287,172,115,15,18,157,97,Alcaraz C.,1,164,130,34,10,5,120,29,2023-02-26,Rio de Janeiro,Rio Open,Outdoor,Clay,4.33,1.22,1
Hanfmann Y.,50,99,50,49,5,4,45,45,Martinez P.,135,118,50,68,7,6,43,62,2023-02-27,Santiago,Chile Open,Indoor,Clay,1.73,2.1,1
Griekspoor T.,37,97,47,50,7,14,40,36,Lestienne C.,109,40,13,27,6,9,7,18,2023-02-27,Dubai ,Dubai Tennis Championships,Outdoor,Hard,1.33,3.4,1
Davidovich Fokina A.,39,168,84,84,17,20,67,64,Jaziri M.,444,217,83,134,8,20,75,114,2023-02-27,Dubai ,Dubai Tennis Championships,Outdoor,Hard,1.02,21.0,1
Popyrin A.,90,140,59,81,9,13,50,68,Kotov P.,89,25,10,15,1,4,9,11,2023-02-27,Dubai ,Dubai Tennis Championships,Outdoor,Hard,1.57,2.38,0
Krajinovic F.,93,240,115,125,38,34,77,91,Rublev A.,7,392,255,137,57,34,198,103,2023-02-27,Dubai ,Dubai Tennis Championships,Outdoor,Hard,5.0,1.17,0
Lehecka J.,33,61,30,31,4,4,26,27,Zverev A.,19,500,346,154,60,31,286,123,2023-02-27,Dubai ,Dubai Tennis Championships,Outdoor,Hard,2.0,1.8,0
Huesler M.A.,88,58,21,37,8,8,13,29,Sonego L.,43,221,107,114,19,17,88,97,2023-02-27,Dubai ,Dubai Tennis Championships,Outdoor,Hard,2.63,1.5,0
Cerundolo J.M.,106,29,12,17,2,3,10,14,Cachin P.,54,52,23,29,1,3,22,26,2023-02-27,Santiago,Chile Open,Indoor,Clay,1.5,2.63,1
Bonadio R.,181,3,1,2,1,1,0,1,Galan D.E.,76,78,33,45,3,5,30,40,2023-02-27,Santiago,Chile Open,Indoor,Clay,2.75,1.44,1
Kokkinakis T.,86,124,55,69,0,4,55,65,Halys Q.,79,72,23,49,3,10,20,39,2023-02-27,Dubai ,Dubai Tennis Championships,Outdoor,Hard,1.57,2.38,1
Tabilo A.,122,44,21,23,5,4,16,19,Munar J.,104,178,75,103,7,12,68,91,2023-02-27,Santiago,Chile Open,Indoor,Clay,1.62,2.3,0
Fognini F.,128,742,383,359,39,48,344,311,Etcheverry T.,34,60,26,34,5,3,21,31,2023-02-28,Santiago,Chile Open,Indoor,Clay,2.3,1.62,0
Jarry N.,28,141,73,68,9,6,64,62,Varillas J.P.,77,22,10,12,1,3,9,9,2023-02-28,Santiago,Chile Open,Indoor,Clay,1.57,2.38,1
Bagnis F.,135,121,39,82,9,8,30,74,Cecchinato M.,108,204,79,125,2,14,77,111,2023-02-28,Santiago,Chile Open,Indoor,Clay,1.67,2.2,0
Sousa J.,147,436,189,247,42,44,147,203,Djere L.,38,243,120,123,10,22,110,101,2023-02-28,Santiago,Chile Open,Indoor,Clay,4.33,1.22,0
Taberner C.,181,37,13,24,4,6,9,18,Carballes Baena R.,64,207,91,116,11,10,80,106,2023-02-28,Santiago,Chile Open,Indoor,Clay,3.2,1.36,0
Ugo Carabelli C.,122,5,2,3,0,1,2,2,Lajovic D.,66,378,163,215,21,36,142,179,2023-02-28,Santiago,Chile Open,Indoor,Clay,3.2,1.36,0
Ruusuvuori E.,55,158,79,79,16,18,63,61,O Connell C.,74,65,26,39,0,0,26,39,2023-02-28,Dubai ,Dubai Tennis Championships,Outdoor,Hard,1.5,2.63,0
Cressy M.,96,96,42,54,10,11,32,43,Auger-Aliassime F.,12,268,163,105,48,22,115,83,2023-02-28,Dubai ,Dubai Tennis Championships,Outdoor,Hard,3.5,1.3,0
Khachanov K.,11,378,217,161,44,38,173,123,Van De Zandschulp B.,44,117,63,54,11,11,52,43,2023-02-28,Dubai ,Dubai Tennis Championships,Outdoor,Hard,1.4,3.0,0
Passaro F.,126,10,3,7,1,1,2,6,Ymer M.,59,130,58,72,18,23,40,49,2023-02-28,Dubai ,Dubai Tennis Championships,Outdoor,Hard,4.0,1.25,0
Lazarov A.,301,6,1,5,1,4,0,1,Bublik A.,25,219,110,109,39,30,71,79,2023-02-28,Dubai ,Dubai Tennis Championships,Outdoor,Hard,4.5,1.2,0
Medvedev D.,3,406,289,117,69,27,220,90,Arnaldi M.,76,18,9,9,0,0,9,9,2023-02-28,Dubai ,Dubai Tennis Championships,Outdoor,Hard,1.02,19.0,1
Djokovic N.,2,1207,1012,195,146,42,866,153,Machac T.,108,18,6,12,1,1,5,11,2023-02-28,Dubai ,Dubai Tennis Championships,Outdoor,Hard,1.05,11.0,1
Shevchenko A.,93,20,8,12,0,2,8,10,Hurkacz H.,17,238,137,101,27,24,110,77,2023-02-28,Dubai ,Dubai Tennis Championships,Outdoor,Hard,7.0,1.1,0
Monteiro T.,121,171,69,102,9,11,60,91,Ramos-Vinolas A.,82,437,204,233,17,31,187,202,2023-02-28,Santiago,Chile Open,Indoor,Clay,2.2,1.67,1
Coric B.,15,343,185,158,28,28,157,130,Evans D.,30,251,124,127,18,16,106,111,2023-02-28,Dubai ,Dubai Tennis Championships,Outdoor,Hard,1.53,2.5,1
Thiem D.,116,517,327,190,53,39,274,151,Garin C.,101,190,103,87,15,13,88,74,2023-02-28,Santiago,Chile Open,Indoor,Clay,1.67,2.2,0
Lopez F.,634,863,441,422,71,82,370,340,Eubanks C.,29,64,28,36,1,3,27,33,2023-02-28,Acapulco,Abierto Mexicano,Outdoor,Hard,5.5,1.14,1
Fritz T.,9,356,205,151,26,22,179,129,Isner J.,114,755,465,290,53,45,412,245,2023-02-28,Acapulco,Abierto Mexicano,Outdoor,Hard,1.29,3.75,1
Ruud C.,4,275,176,99,19,16,157,83,Andreozzi G.,240,39,12,27,0,0,12,27,2023-02-28,Acapulco,Abierto Mexicano,Outdoor,Hard,1.07,9.0,1
Gomez E.,155,26,7,19,2,2,5,17,Paul T.,14,204,111,93,19,13,92,80,2023-02-28,Acapulco,Abierto Mexicano,Outdoor,Hard,5.5,1.14,0
Daniel T.,111,178,67,111,3,10,64,101,Wolf J.J.,45,75,39,36,8,6,31,30,2023-02-28,Acapulco,Abierto Mexicano,Outdoor,Hard,2.75,1.44,1
Nishioka Y.,31,215,99,116,15,15,84,101,Tiafoe F.,10,303,158,145,24,23,134,122,2023-02-28,Acapulco,Abierto Mexicano,Outdoor,Hard,2.63,1.5,0
Rune H.,6,131,83,48,28,9,55,39,Shelton B.,43,34,13,21,0,0,13,21,2023-02-28,Acapulco,Abierto Mexicano,Outdoor,Hard,1.33,3.4,1
Giron M.,69,150,68,82,20,14,48,68,Mmoh M.,112,55,20,35,0,3,20,32,2023-02-28,Acapulco,Abierto Mexicano,Outdoor,Hard,1.53,2.5,0
Shapovalov D.,29,298,166,132,30,27,136,105,Kecmanovic M.,40,210,107,103,12,16,95,87,2023-02-28,Acapulco,Abierto Mexicano,Outdoor,Hard,1.67,2.2,1
Auger-Aliassime F.,12,268,163,105,48,22,115,83,Sonego L.,43,221,107,114,19,17,88,97,2023-03-01,Dubai ,Dubai Tennis Championships,Outdoor,Hard,1.25,4.0,0
Hurkacz H.,17,238,137,101,27,24,110,77,Kotov P.,89,25,10,15,1,4,9,11,2023-03-01,Dubai ,Dubai Tennis Championships,Outdoor,Hard,1.2,4.5,1
O Connell C.,74,65,26,39,0,0,26,39,Zverev A.,19,500,346,154,60,31,286,123,2023-03-01,Dubai ,Dubai Tennis Championships,Outdoor,Hard,3.75,1.29,0
Coric B.,15,343,185,158,28,28,157,130,Kokkinakis T.,86,124,55,69,0,4,55,65,2023-03-01,Dubai ,Dubai Tennis Championships,Outdoor,Hard,1.73,2.1,1
Djokovic N.,2,1207,1012,195,146,42,866,153,Griekspoor T.,37,97,47,50,7,14,40,36,2023-03-01,Dubai ,Dubai Tennis Championships,Outdoor,Hard,1.06,10.0,1
Medvedev D.,3,406,289,117,69,27,220,90,Bublik A.,25,219,110,109,39,30,71,79,2023-03-01,Dubai ,Dubai Tennis Championships,Outdoor,Hard,1.14,5.5,1
Molcan A.,120,86,45,41,1,6,44,35,Berrettini M.,38,217,142,75,14,11,128,64,2023-03-01,Acapulco,Abierto Mexicano,Outdoor,Hard,5.0,1.17,0
Van De Zandschulp B.,44,117,63,54,11,11,52,43,Ymer M.,59,130,58,72,18,23,40,49,2023-03-01,Dubai ,Dubai Tennis Championships,Outdoor,Hard,1.8,2.0,1
Davidovich Fokina A.,39,168,84,84,17,20,67,64,Rublev A.,7,392,255,137,57,34,198,103,2023-03-01,Dubai ,Dubai Tennis Championships,Outdoor,Hard,3.5,1.3,0
De Minaur A.,19,272,161,111,30,19,131,92,Pacheco Mendez R.,817,3,0,3,0,0,0,3,2023-03-01,Acapulco,Abierto Mexicano,Outdoor,Hard,1.02,19.0,1
Otte O.,233,78,33,45,6,14,27,31,Berrettini J.,842,2,1,1,0,0,1,1,2023-03-01,Acapulco,Abierto Mexicano,Outdoor,Hard,1.14,5.5,0
Mcdonald M.,60,190,87,103,11,15,76,88,Darderi L.,184,3,1,2,0,0,1,2,2023-03-01,Acapulco,Abierto Mexicano,Outdoor,Hard,1.14,5.5,1
Borges N.,69,28,10,18,1,1,9,17,Chappell N.,432,2,0,2,0,0,0,2,2023-03-01,Acapulco,Abierto Mexicano,Outdoor,Hard,1.11,6.5,1
Hanfmann Y.,50,99,50,49,5,4,45,45,Carballes Baena R.,64,207,91,116,11,10,80,106,2023-03-01,Santiago,Chile Open,Indoor,Clay,1.53,2.5,1
Munar J.,104,178,75,103,7,12,68,91,Musetti L.,18,143,79,64,12,12,67,52,2023-03-01,Santiago,Chile Open,Indoor,Clay,2.75,1.44,1
Cecchinato M.,108,204,79,125,2,14,77,111,Monteiro T.,121,171,69,102,9,11,60,91,2023-03-01,Santiago,Chile Open,Indoor,Clay,2.38,1.57,0
Jarry N.,28,141,73,68,9,6,64,62,Schwartzman D.,95,428,233,195,32,27,201,168,2023-03-01,Santiago,Chile Open,Indoor,Clay,1.36,3.2,1
Altmaier D.,51,79,28,51,1,5,27,46,Nakashima B.,70,106,57,49,6,5,51,44,2023-03-01,Acapulco,Abierto Mexicano,Outdoor,Hard,2.75,1.44,0
Ymer E.,186,81,24,57,3,11,21,46,Mannarino A.,27,567,264,303,60,73,204,230,2023-03-01,Acapulco,Abierto Mexicano,Outdoor,Hard,3.0,1.4,1
Baez S.,72,95,47,48,6,6,41,42,Garin C.,101,190,103,87,15,13,88,74,2023-03-02,Santiago,Chile Open,Indoor,Clay,1.67,2.2,1
Cerundolo J.M.,106,29,12,17,2,3,10,14,Lajovic D.,66,378,163,215,21,36,142,179,2023-03-02,Santiago,Chile Open,Indoor,Clay,2.63,1.5,0
Djokovic N.,2,1207,1012,195,146,42,866,153,Hurkacz H.,17,238,137,101,27,24,110,77,2023-03-02,Dubai ,Dubai Tennis Championships,Outdoor,Hard,1.1,7.0,1
Paul T.,14,204,111,93,19,13,92,80,Mmoh M.,112,55,20,35,0,3,20,32,2023-03-02,Acapulco,Abierto Mexicano,Outdoor,Hard,1.36,3.2,1
Paul T.,14,204,111,93,19,13,92,80,Mcdonald M.,60,190,87,103,11,15,76,88,2023-03-02,Acapulco,Abierto Mexicano,Outdoor,Hard,1.62,2.3,1
Borges N.,69,28,10,18,1,1,9,17,Rune H.,6,131,83,48,28,9,55,39,2023-03-02,Acapulco,Abierto Mexicano,Outdoor,Hard,4.5,1.2,0
Fritz T.,9,356,205,151,26,22,179,129,Shapovalov D.,29,298,166,132,30,27,136,105,2023-03-02,Acapulco,Abierto Mexicano,Outdoor,Hard,1.62,2.3,1
Berrettini M.,38,217,142,75,14,11,128,64,Ymer E.,186,81,24,57,3,11,21,46,2023-03-02,Acapulco,Abierto Mexicano,Outdoor,Hard,1.08,8.0,1
Berrettini J.,842,2,1,1,0,0,1,1,De Minaur A.,19,272,161,111,30,19,131,92,2023-03-02,Acapulco,Abierto Mexicano,Outdoor,Hard,15.0,1.03,0
Coric B.,15,343,185,158,28,28,157,130,Medvedev D.,3,406,289,117,69,27,220,90,2023-03-02,Dubai ,Dubai Tennis Championships,Outdoor,Hard,4.5,1.2,0
Ruud C.,4,275,176,99,19,16,157,83,Daniel T.,111,178,67,111,3,10,64,101,2023-03-02,Acapulco,Abierto Mexicano,Outdoor,Hard,1.3,3.5,0
Etcheverry T.,34,60,26,34,5,3,21,31,Cerundolo F.,21,104,58,46,3,7,55,39,2023-03-02,Santiago,Chile Open,Indoor,Clay,2.3,1.62,1
Mcdonald M.,60,190,87,103,11,15,76,88,Nakashima B.,70,106,57,49,6,5,51,44,2023-03-02,Acapulco,Abierto Mexicano,Outdoor,Hard,1.91,1.91,1
Bonadio R.,181,3,1,2,1,1,0,1,Djere L.,38,243,120,123,10,22,110,101,2023-03-02,Santiago,Chile Open,Indoor,Clay,5.0,1.17,0
Zverev A.,19,500,346,154,60,31,286,123,Sonego L.,43,221,107,114,19,17,88,97,2023-03-02,Dubai ,Dubai Tennis Championships,Outdoor,Hard,1.44,2.75,1
Rublev A.,7,392,255,137,57,34,198,103,Van De Zandschulp B.,44,117,63,54,11,11,52,43,2023-03-02,Dubai ,Dubai Tennis Championships,Outdoor,Hard,1.4,3.0,1
Tiafoe F.,10,303,158,145,24,23,134,122,Lopez F.,634,863,441,422,71,82,370,340,2023-03-02,Acapulco,Abierto Mexicano,Outdoor,Hard,1.06,10.0,1
Baez S.,72,95,47,48,6,6,41,42,Djere L.,38,243,120,123,10,22,110,101,2023-03-03,Santiago,Chile Open,Indoor,Clay,1.53,2.5,1
Lajovic D.,66,378,163,215,21,36,142,179,Etcheverry T.,34,60,26,34,5,3,21,31,2023-03-03,Santiago,Chile Open,Indoor,Clay,1.8,2.0,0
Medvedev D.,3,406,289,117,69,27,220,90,Djokovic N.,2,1207,1012,195,146,42,866,153,2023-03-03,Dubai ,Dubai Tennis Championships,Outdoor,Hard,2.75,1.44,1
De Minaur A.,19,272,161,111,30,19,131,92,Daniel T.,111,178,67,111,3,10,64,101,2023-03-03,Acapulco,Abierto Mexicano,Outdoor,Hard,1.25,4.0,1
Tiafoe F.,10,303,158,145,24,23,134,122,Fritz T.,9,356,205,151,26,22,179,129,2023-03-03,Acapulco,Abierto Mexicano,Outdoor,Hard,2.75,1.44,0
Rune H.,6,131,83,48,28,9,55,39,Berrettini M.,38,217,142,75,14,11,128,64,2023-03-03,Acapulco,Abierto Mexicano,Outdoor,Hard,1.8,2.0,1
Monteiro T.,121,171,69,102,9,11,60,91,Munar J.,104,178,75,103,7,12,68,91,2023-03-03,Santiago,Chile Open,Indoor,Clay,2.2,1.67,0
Zverev A.,19,500,346,154,60,31,286,123,Rublev A.,7,392,255,137,57,34,198,103,2023-03-03,Dubai ,Dubai Tennis Championships,Outdoor,Hard,1.67,2.2,0
Rune H.,6,131,83,48,28,9,55,39,De Minaur A.,19,272,161,111,30,19,131,92,2023-03-04,Acapulco,Abierto Mexicano,Outdoor,Hard,1.44,2.75,0
Medvedev D.,3,406,289,117,69,27,220,90,Rublev A.,7,392,255,137,57,34,198,103,2023-03-04,Dubai ,Dubai Tennis Championships,Outdoor,Hard,1.22,4.33,1
Paul T.,14,204,111,93,19,13,92,80,Fritz T.,9,356,205,151,26,22,179,129,2023-03-04,Acapulco,Abierto Mexicano,Outdoor,Hard,2.5,1.53,1
Munar J.,104,178,75,103,7,12,68,91,Jarry N.,28,141,73,68,9,6,64,62,2023-03-04,Santiago,Chile Open,Indoor,Clay,2.75,1.44,0
Jarry N.,28,141,73,68,9,6,64,62,Hanfmann Y.,50,99,50,49,5,4,45,45,2023-03-04,Santiago,Chile Open,Indoor,Clay,1.57,2.38,1
Etcheverry T.,34,60,26,34,5,3,21,31,Baez S.,72,95,47,48,6,6,41,42,2023-03-04,Santiago,Chile Open,Indoor,Clay,2.63,1.5,1
Etcheverry T.,34,60,26,34,5,3,21,31,Jarry N.,28,141,73,68,9,6,64,62,2023-03-05,Santiago,Chile Open,Indoor,Clay,1.91,1.91,0
Paul T.,14,204,111,93,19,13,92,80,De Minaur A.,19,272,161,111,30,19,131,92,2023-03-05,Acapulco,Abierto Mexicano,Outdoor,Hard,2.2,1.67,0
Carballes Baena R.,64,207,91,116,11,10,80,106,Daniel T.,111,178,67,111,3,10,64,101,2023-03-08,Indian Wells,BNP Paribas Open,Outdoor,Hard,3.2,1.36,0
Humbert U.,36,170,80,90,23,21,57,69,Zapata Miralles B.,54,80,32,48,1,6,31,42,2023-03-08,Indian Wells,BNP Paribas Open,Outdoor,Hard,1.44,2.75,1
Giron M.,69,150,68,82,20,14,48,68,Kovacevic A.,129,14,6,8,0,0,6,8,2023-03-08,Indian Wells,BNP Paribas Open,Outdoor,Hard,1.62,2.3,1
Safiullin R.,92,42,20,22,7,7,13,15,Ivashka I.,113,159,78,81,19,18,59,63,2023-03-08,Indian Wells,BNP Paribas Open,Outdoor,Hard,1.8,2.0,0
Djere L.,38,243,120,123,10,22,110,101,Otte O.,233,78,33,45,6,14,27,31,2023-03-08,Indian Wells,BNP Paribas Open,Outdoor,Hard,1.57,2.38,0
Sonego L.,43,221,107,114,19,17,88,97,Kubler J.,77,53,24,29,0,1,24,28,2023-03-08,Indian Wells,BNP Paribas Open,Outdoor,Hard,1.44,2.75,0
Nakashima B.,70,106,57,49,6,5,51,44,Isner J.,114,755,465,290,53,45,412,245,2023-03-08,Indian Wells,BNP Paribas Open,Outdoor,Hard,1.91,1.91,1
Cachin P.,54,52,23,29,1,3,22,26,Basilashvili N.,118,301,138,163,26,34,112,129,2023-03-08,Indian Wells,BNP Paribas Open,Outdoor,Hard,2.1,1.73,1
Lestienne C.,109,40,13,27,6,9,7,18,Ruusuvuori E.,55,158,79,79,16,18,63,61,2023-03-08,Indian Wells,BNP Paribas Open,Outdoor,Hard,2.75,1.44,0
Galan D.E.,76,78,33,45,3,5,30,40,Garin C.,101,190,103,87,15,13,88,74,2023-03-08,Indian Wells,BNP Paribas Open,Outdoor,Hard,3.0,1.4,0
Munar J.,104,178,75,103,7,12,68,91,Wu Y.,90,36,15,21,5,0,10,21,2023-03-08,Indian Wells,BNP Paribas Open,Outdoor,Hard,3.2,1.36,0
Rinderknech A.,67,96,46,50,16,12,30,38,Lehecka J.,33,61,30,31,4,4,26,27,2023-03-08,Indian Wells,BNP Paribas Open,Outdoor,Hard,4.0,1.25,0
Holt B.,193,7,2,5,0,1,2,4,Kokkinakis T.,86,124,55,69,0,4,55,65,2023-03-09,Indian Wells,BNP Paribas Open,Outdoor,Hard,4.33,1.22,0
Wolf J.J.,45,75,39,36,8,6,31,30,Fucsovics M.,67,249,121,128,26,24,95,104,2023-03-09,Indian Wells,BNP Paribas Open,Outdoor,Hard,1.62,2.3,0
Murray A.,44,932,687,245,132,47,555,198,Etcheverry T.,34,60,26,34,5,3,21,31,2023-03-09,Indian Wells,BNP Paribas Open,Outdoor,Hard,1.29,3.75,1
Martinez P.,135,118,50,68,7,6,43,62,Huesler M.A.,88,58,21,37,8,8,13,29,2023-03-09,Indian Wells,BNP Paribas Open,Outdoor,Hard,2.75,1.44,1
Pella G.,199,260,118,142,14,16,104,126,Monteiro T.,121,171,69,102,9,11,60,91,2023-03-09,Indian Wells,BNP Paribas Open,Outdoor,Hard,2.63,1.5,1
Ramos-Vinolas A.,82,437,204,233,17,31,187,202,Molcan A.,120,86,45,41,1,6,44,35,2023-03-09,Indian Wells,BNP Paribas Open,Outdoor,Hard,1.67,2.2,0
Vukic A.,62,36,15,21,2,1,13,20,Wawrinka S.,72,854,535,319,84,69,451,250,2023-03-09,Indian Wells,BNP Paribas Open,Outdoor,Hard,2.75,1.44,0
Fognini F.,128,742,383,359,39,48,344,311,Shelton B.,43,34,13,21,0,0,13,21,2023-03-09,Indian Wells,BNP Paribas Open,Outdoor,Hard,4.0,1.25,0
Halys Q.,79,72,23,49,3,10,20,39,Struff J.L.,21,369,170,199,43,42,127,157,2023-03-09,Indian Wells,BNP Paribas Open,Outdoor,Hard,2.2,1.67,0
Mcdonald M.,60,190,87,103,11,15,76,88,Krajinovic F.,93,240,115,125,38,34,77,91,2023-03-09,Indian Wells,BNP Paribas Open,Outdoor,Hard,1.44,2.75,1
Wu T.L.,175,6,1,5,0,0,1,5,Bublik A.,25,219,110,109,39,30,71,79,2023-03-09,Indian Wells,BNP Paribas Open,Outdoor,Hard,4.0,1.25,1
Marterer M.,144,91,31,60,2,8,29,52,Tabilo A.,122,44,21,23,5,4,16,19,2023-03-09,Indian Wells,BNP Paribas Open,Outdoor,Hard,2.0,1.8,0
Thompson J.,71,221,96,125,10,10,86,115,Monfils G.,323,816,510,306,131,65,379,241,2023-03-09,Indian Wells,BNP Paribas Open,Outdoor,Hard,1.57,2.38,1
Schwartzman D.,95,428,233,195,32,27,201,168,Coria F.,108,99,43,56,2,6,41,50,2023-03-09,Indian Wells,BNP Paribas Open,Outdoor,Hard,1.5,2.63,1
Draper J.,55,51,29,22,2,3,27,19,Riedi L.,135,5,1,4,1,1,0,3,2023-03-09,Indian Wells,BNP Paribas Open,Outdoor,Hard,1.44,2.75,1
Shapovalov D.,29,298,166,132,30,27,136,105,Humbert U.,36,170,80,90,23,21,57,69,2023-03-10,Indian Wells,BNP Paribas Open,Outdoor,Hard,1.5,2.63,0
Cachin P.,54,52,23,29,1,3,22,26,Zverev A.,19,500,346,154,60,31,286,123,2023-03-10,Indian Wells,BNP Paribas Open,Outdoor,Hard,8.0,1.08,0
Davidovich Fokina A.,39,168,84,84,17,20,67,64,Wu Y.,90,36,15,21,5,0,10,21,2023-03-10,Indian Wells,BNP Paribas Open,Outdoor,Hard,1.8,2.0,1
Tabilo A.,122,44,21,23,5,4,16,19,Cressy M.,96,96,42,54,10,11,32,43,2023-03-10,Indian Wells,BNP Paribas Open,Outdoor,Hard,2.63,1.5,1
Dimitrov G.,20,651,389,262,79,50,310,212,Kubler J.,77,53,24,29,0,1,24,28,2023-03-10,Indian Wells,BNP Paribas Open,Outdoor,Hard,1.33,3.4,0
Tsitsipas S.,5,390,264,126,49,32,215,94,Thompson J.,71,221,96,125,10,10,86,115,2023-03-10,Indian Wells,BNP Paribas Open,Outdoor,Hard,1.14,5.5,0
Ruusuvuori E.,55,158,79,79,16,18,63,61,Bautista Agut R.,25,379,234,145,31,29,203,116,2023-03-10,Indian Wells,BNP Paribas Open,Outdoor,Hard,2.3,1.62,1
Van De Zandschulp B.,44,117,63,54,11,11,52,43,Ivashka I.,113,159,78,81,19,18,59,63,2023-03-10,Indian Wells,BNP Paribas Open,Outdoor,Hard,1.53,2.5,0
Norrie C.,13,287,172,115,15,18,157,97,Wu T.L.,175,6,1,5,0,0,1,5,2023-03-10,Indian Wells,BNP Paribas Open,Outdoor,Hard,1.1,7.0,1
Nishioka Y.,31,215,99,116,15,15,84,101,Garin C.,101,190,103,87,15,13,88,74,2023-03-10,Indian Wells,BNP Paribas Open,Outdoor,Hard,1.53,2.5,0
Zhang Zh.,53,44,20,24,1,2,19,22,Popyrin A.,90,140,59,81,9,13,50,68,2023-03-10,Indian Wells,BNP Paribas Open,Outdoor,Hard,2.5,1.53,0
Sock J.,166,324,177,147,38,24,139,123,Barrere G.,59,79,31,48,11,16,20,32,2023-03-10,Indian Wells,BNP Paribas Open,Outdoor,Hard,2.3,1.62,1
Thiem D.,116,517,327,190,53,39,274,151,Mannarino A.,27,567,264,303,60,73,204,230,2023-03-10,Indian Wells,BNP Paribas Open,Outdoor,Hard,2.0,1.8,0
Gojo B.,115,14,3,11,0,1,3,10,Gasquet R.,48,948,581,367,133,82,448,285,2023-03-10,Indian Wells,BNP Paribas Open,Outdoor,Hard,1.62,2.3,0
Ymer M.,59,130,58,72,18,23,40,49,Hijikata R.,110,16,7,9,0,0,7,9,2023-03-10,Indian Wells,BNP Paribas Open,Outdoor,Hard,1.29,3.75,0
Ruud C.,4,275,176,99,19,16,157,83,Schwartzman D.,95,428,233,195,32,27,201,168,2023-03-10,Indian Wells,BNP Paribas Open,Outdoor,Hard,1.25,4.0,1
Fucsovics M.,67,249,121,128,26,24,95,104,De Minaur A.,19,272,161,111,30,19,131,92,2023-03-11,Indian Wells,BNP Paribas Open,Outdoor,Hard,3.75,1.29,1
Albot R.,97,215,86,129,26,26,60,103,Murray A.,44,932,687,245,132,47,555,198,2023-03-11,Indian Wells,BNP Paribas Open,Outdoor,Hard,3.75,1.29,0
Sock J.,166,324,177,147,38,24,139,123,Cerundolo F.,21,104,58,46,3,7,55,39,2023-03-11,Indian Wells,BNP Paribas Open,Outdoor,Hard,1.91,1.91,0
Martinez P.,135,118,50,68,7,6,43,62,Auger-Aliassime F.,12,268,163,105,48,22,115,83,2023-03-11,Indian Wells,BNP Paribas Open,Outdoor,Hard,8.0,1.08,0
Fritz T.,9,356,205,151,26,22,179,129,Shelton B.,43,34,13,21,0,0,13,21,2023-03-11,Indian Wells,BNP Paribas Open,Outdoor,Hard,1.25,4.0,1
Musetti L.,18,143,79,64,12,12,67,52,Mannarino A.,27,567,264,303,60,73,204,230,2023-03-11,Indian Wells,BNP Paribas Open,Outdoor,Hard,1.91,1.91,0
Paul T.,14,204,111,93,19,13,92,80,Struff J.L.,21,369,170,199,43,42,127,157,2023-03-11,Indian Wells,BNP Paribas Open,Outdoor,Hard,1.3,3.5,1
Griekspoor T.,37,97,47,50,7,14,40,36,Pella G.,199,260,118,142,14,16,104,126,2023-03-11,Indian Wells,BNP Paribas Open,Outdoor,Hard,1.2,4.5,1
Coric B.,15,343,185,158,28,28,157,130,Molcan A.,120,86,45,41,1,6,44,35,2023-03-11,Indian Wells,BNP Paribas Open,Outdoor,Hard,1.3,3.5,0
Lehecka J.,33,61,30,31,4,4,26,27,Rublev A.,7,392,255,137,57,34,198,103,2023-03-11,Indian Wells,BNP Paribas Open,Outdoor,Hard,2.75,1.44,0
Wawrinka S.,72,854,535,319,84,69,451,250,Kecmanovic M.,40,210,107,103,12,16,95,87,2023-03-11,Indian Wells,BNP Paribas Open,Outdoor,Hard,2.2,1.67,1
Sinner J.,8,224,153,71,42,19,111,52,Gasquet R.,48,948,581,367,133,82,448,285,2023-03-11,Indian Wells,BNP Paribas Open,Outdoor,Hard,1.11,6.5,1
Draper J.,55,51,29,22,2,3,27,19,Evans D.,30,251,124,127,18,16,106,111,2023-03-11,Indian Wells,BNP Paribas Open,Outdoor,Hard,1.36,3.2,1
Tiafoe F.,10,303,158,145,24,23,134,122,Giron M.,69,150,68,82,20,14,48,68,2023-03-11,Indian Wells,BNP Paribas Open,Outdoor,Hard,1.36,3.2,1
Nakashima B.,70,106,57,49,6,5,51,44,Medvedev D.,3,406,289,117,69,27,220,90,2023-03-11,Indian Wells,BNP Paribas Open,Outdoor,Hard,7.0,1.1,0
Otte O.,233,78,33,45,6,14,27,31,Khachanov K.,11,378,217,161,44,38,173,123,2023-03-11,Indian Wells,BNP Paribas Open,Outdoor,Hard,3.75,1.29,0
Berrettini M.,38,217,142,75,14,11,128,64,Daniel T.,111,178,67,111,3,10,64,101,2023-03-11,Indian Wells,BNP Paribas Open,Outdoor,Hard,1.3,3.5,0
Rublev A.,7,392,255,137,57,34,198,103,Humbert U.,36,170,80,90,23,21,57,69,2023-03-12,Indian Wells,BNP Paribas Open,Outdoor,Hard,1.22,4.33,1
Kubler J.,77,53,24,29,0,1,24,28,Tiafoe F.,10,303,158,145,24,23,134,122,2023-03-12,Indian Wells,BNP Paribas Open,Outdoor,Hard,4.5,1.2,0
Khachanov K.,11,378,217,161,44,38,173,123,Davidovich Fokina A.,39,168,84,84,17,20,67,64,2023-03-12,Indian Wells,BNP Paribas Open,Outdoor,Hard,1.62,2.3,0
Zverev A.,19,500,346,154,60,31,286,123,Ruusuvuori E.,55,158,79,79,16,18,63,61,2023-03-12,Indian Wells,BNP Paribas Open,Outdoor,Hard,1.3,3.5,1
Norrie C.,13,287,172,115,15,18,157,97,Daniel T.,111,178,67,111,3,10,64,101,2023-03-12,Indian Wells,BNP Paribas Open,Outdoor,Hard,1.22,4.33,1
Alcaraz C.,1,164,130,34,10,5,120,29,Kokkinakis T.,86,124,55,69,0,4,55,65,2023-03-12,Indian Wells,BNP Paribas Open,Outdoor,Hard,1.33,3.4,1
Mcdonald M.,60,190,87,103,11,15,76,88,Rune H.,6,131,83,48,28,9,55,39,2023-03-12,Indian Wells,BNP Paribas Open,Outdoor,Hard,3.2,1.36,0
Hijikata R.,110,16,7,9,0,0,7,9,Baez S.,72,95,47,48,6,6,41,42,2023-03-12,Indian Wells,BNP Paribas Open,Outdoor,Hard,1.8,2.0,0
Hurkacz H.,17,238,137,101,27,24,110,77,Popyrin A.,90,140,59,81,9,13,50,68,2023-03-12,Indian Wells,BNP Paribas Open,Outdoor,Hard,1.22,4.33,1
Ruud C.,4,275,176,99,19,16,157,83,Garin C.,101,190,103,87,15,13,88,74,2023-03-12,Indian Wells,BNP Paribas Open,Outdoor,Hard,1.22,4.33,0
Molcan A.,120,86,45,41,1,6,44,35,Fucsovics M.,67,249,121,128,26,24,95,104,2023-03-13,Indian Wells,BNP Paribas Open,Outdoor,Hard,2.38,1.57,0
Mannarino A.,27,567,264,303,60,73,204,230,Sinner J.,8,224,153,71,42,19,111,52,2023-03-13,Indian Wells,BNP Paribas Open,Outdoor,Hard,7.0,1.1,0
Fritz T.,9,356,205,151,26,22,179,129,Baez S.,72,95,47,48,6,6,41,42,2023-03-13,Indian Wells,BNP Paribas Open,Outdoor,Hard,1.11,6.5,1
Wawrinka S.,72,854,535,319,84,69,451,250,Rune H.,6,131,83,48,28,9,55,39,2023-03-13,Indian Wells,BNP Paribas Open,Outdoor,Hard,4.33,1.22,1
Auger-Aliassime F.,12,268,163,105,48,22,115,83,Cerundolo F.,21,104,58,46,3,7,55,39,2023-03-13,Indian Wells,BNP Paribas Open,Outdoor,Hard,1.2,4.5,1
Hurkacz H.,17,238,137,101,27,24,110,77,Paul T.,14,204,111,93,19,13,92,80,2023-03-13,Indian Wells,BNP Paribas Open,Outdoor,Hard,1.73,2.1,0
Tabilo A.,122,44,21,23,5,4,16,19,Thompson J.,71,221,96,125,10,10,86,115,2023-03-13,Indian Wells,BNP Paribas Open,Outdoor,Hard,2.2,1.67,1
Ivashka I.,113,159,78,81,19,18,59,63,Medvedev D.,3,406,289,117,69,27,220,90,2023-03-13,Indian Wells,BNP Paribas Open,Outdoor,Hard,15.0,1.03,0
Fritz T.,9,356,205,151,26,22,179,129,Fucsovics M.,67,249,121,128,26,24,95,104,2023-03-14,Indian Wells,BNP Paribas Open,Outdoor,Hard,1.2,4.5,1
Norrie C.,13,287,172,115,15,18,157,97,Rublev A.,7,392,255,137,57,34,198,103,2023-03-14,Indian Wells,BNP Paribas Open,Outdoor,Hard,2.3,1.62,1
Zverev A.,19,500,346,154,60,31,286,123,Medvedev D.,3,406,289,117,69,27,220,90,2023-03-14,Indian Wells,BNP Paribas Open,Outdoor,Hard,4.0,1.25,0
Tabilo A.,122,44,21,23,5,4,16,19,Tiafoe F.,10,303,158,145,24,23,134,122,2023-03-14,Indian Wells,BNP Paribas Open,Outdoor,Hard,4.5,1.2,0
Griekspoor T.,37,97,47,50,7,14,40,36,Alcaraz C.,1,164,130,34,10,5,120,29,2023-03-14,Indian Wells,BNP Paribas Open,Outdoor,Hard,7.0,1.1,0
Draper J.,55,51,29,22,2,3,27,19,Murray A.,44,932,687,245,132,47,555,198,2023-03-14,Indian Wells,BNP Paribas Open,Outdoor,Hard,1.67,2.2,1
Davidovich Fokina A.,39,168,84,84,17,20,67,64,Garin C.,101,190,103,87,15,13,88,74,2023-03-14,Indian Wells,BNP Paribas Open,Outdoor,Hard,1.4,3.0,1
Alcaraz C.,1,164,130,34,10,5,120,29,Draper J.,55,51,29,22,2,3,27,19,2023-03-15,Indian Wells,BNP Paribas Open,Outdoor,Hard,1.3,3.5,1
Wawrinka S.,72,854,535,319,84,69,451,250,Sinner J.,8,224,153,71,42,19,111,52,2023-03-15,Indian Wells,BNP Paribas Open,Outdoor,Hard,5.0,1.17,0
Paul T.,14,204,111,93,19,13,92,80,Auger-Aliassime F.,12,268,163,105,48,22,115,83,2023-03-15,Indian Wells,BNP Paribas Open,Outdoor,Hard,2.0,1.8,0
Norrie C.,13,287,172,115,15,18,157,97,Tiafoe F.,10,303,158,145,24,23,134,122,2023-03-15,Indian Wells,BNP Paribas Open,Outdoor,Hard,1.57,2.38,0
Medvedev D.,3,406,289,117,69,27,220,90,Davidovich Fokina A.,39,168,84,84,17,20,67,64,2023-03-15,Indian Wells,BNP Paribas Open,Outdoor,Hard,1.22,4.33,1
Fritz T.,9,356,205,151,26,22,179,129,Sinner J.,8,224,153,71,42,19,111,52,2023-03-16,Indian Wells,BNP Paribas Open,Outdoor,Hard,2.2,1.67,0
Alcaraz C.,1,164,130,34,10,5,120,29,Auger-Aliassime F.,12,268,163,105,48,22,115,83,2023-03-17,Indian Wells,BNP Paribas Open,Outdoor,Hard,1.36,3.2,1
Alcaraz C.,1,164,130,34,10,5,120,29,Sinner J.,8,224,153,71,42,19,111,52,2023-03-18,Indian Wells,BNP Paribas Open,Outdoor,Hard,1.53,2.5,1
Tiafoe F.,10,303,158,145,24,23,134,122,Medvedev D.,3,406,289,117,69,27,220,90,2023-03-18,Indian Wells,BNP Paribas Open,Outdoor,Hard,4.0,1.25,0
Medvedev D.,3,406,289,117,69,27,220,90,Alcaraz C.,1,164,130,34,10,5,120,29,2023-03-19,Indian Wells,BNP Paribas Open,Outdoor,Hard,2.1,1.73,0
Murray A.,44,932,687,245,132,47,555,198,Lajovic D.,66,378,163,215,21,36,142,179,2023-03-22,Miami,Miami Open,Outdoor,Hard,1.2,4.5,0
Edmund K.,473,233,113,120,19,10,94,110,Wu Y.,90,36,15,21,5,0,10,21,2023-03-22,Miami,Miami Open,Outdoor,Hard,6.0,1.13,0
Borges N.,69,28,10,18,1,1,9,17,Ruusuvuori E.,55,158,79,79,16,18,63,61,2023-03-22,Miami,Miami Open,Outdoor,Hard,3.2,1.36,0
Humbert U.,36,170,80,90,23,21,57,69,Monfils G.,323,816,510,306,131,65,379,241,2023-03-22,Miami,Miami Open,Outdoor,Hard,1.29,3.75,1
Altmaier D.,51,79,28,51,1,5,27,46,Ivashka I.,113,159,78,81,19,18,59,63,2023-03-22,Miami,Miami Open,Outdoor,Hard,2.5,1.53,0
Struff J.L.,21,369,170,199,43,42,127,157,Fognini F.,128,742,383,359,39,48,344,311,2023-03-22,Miami,Miami Open,Outdoor,Hard,1.29,3.75,1
Bublik A.,25,219,110,109,39,30,71,79,Wolf J.J.,45,75,39,36,8,6,31,30,2023-03-22,Miami,Miami Open,Outdoor,Hard,2.1,1.73,0
Otte O.,233,78,33,45,6,14,27,31,Nakashima B.,70,106,57,49,6,5,51,44,2023-03-22,Miami,Miami Open,Outdoor,Hard,3.4,1.33,0
Vukic A.,62,36,15,21,2,1,13,20,Djere L.,38,243,120,123,10,22,110,101,2023-03-22,Miami,Miami Open,Outdoor,Hard,1.67,2.2,0
Huesler M.A.,88,58,21,37,8,8,13,29,Ramos-Vinolas A.,82,437,204,233,17,31,187,202,2023-03-22,Miami,Miami Open,Outdoor,Hard,1.67,2.2,1
Bagnis F.,135,121,39,82,9,8,30,74,Meligeni Alves F.,177,3,1,2,0,0,1,2,2023-03-22,Miami,Miami Open,Outdoor,Hard,1.62,2.3,1
Popyrin A.,90,140,59,81,9,13,50,68,Ymer M.,59,130,58,72,18,23,40,49,2023-03-22,Miami,Miami Open,Outdoor,Hard,1.8,2.0,1
Cachin P.,54,52,23,29,1,3,22,26,Fucsovics M.,67,249,121,128,26,24,95,104,2023-03-22,Miami,Miami Open,Outdoor,Hard,4.33,1.22,0
Pella G.,199,260,118,142,14,16,104,126,Varillas J.P.,77,22,10,12,1,3,9,9,2023-03-22,Miami,Miami Open,Outdoor,Hard,1.8,2.0,1
Rinderknech A.,67,96,46,50,16,12,30,38,Daniel T.,111,178,67,111,3,10,64,101,2023-03-22,Miami,Miami Open,Outdoor,Hard,2.75,1.44,0
Etcheverry T.,34,60,26,34,5,3,21,31,Kotov P.,89,25,10,15,1,4,9,11,2023-03-23,Miami,Miami Open,Outdoor,Hard,1.8,2.0,1
Safiullin R.,92,42,20,22,7,7,13,15,Barrere G.,59,79,31,48,11,16,20,32,2023-03-23,Miami,Miami Open,Outdoor,Hard,1.62,2.3,0
Kubler J.,77,53,24,29,0,1,24,28,Monteiro T.,121,171,69,102,9,11,60,91,2023-03-23,Miami,Miami Open,Outdoor,Hard,1.4,3.0,0
O Connell C.,74,65,26,39,0,0,26,39,Gasquet R.,48,948,581,367,133,82,448,285,2023-03-23,Miami,Miami Open,Outdoor,Hard,2.0,1.8,0
Watanuki Y.,99,25,11,14,0,0,11,14,Paire B.,149,527,237,290,39,56,198,234,2023-03-23,Miami,Miami Open,Outdoor,Hard,1.62,2.3,1
Galan D.E.,76,78,33,45,3,5,30,40,Mcdonald M.,60,190,87,103,11,15,76,88,2023-03-23,Miami,Miami Open,Outdoor,Hard,6.5,1.11,0
Eubanks C.,29,64,28,36,1,3,27,33,Kudla D.,137,198,70,128,5,14,65,114,2023-03-23,Miami,Miami Open,Outdoor,Hard,1.67,2.2,1
Sonego L.,43,221,107,114,19,17,88,97,Thiem D.,116,517,327,190,53,39,274,151,2023-03-23,Miami,Miami Open,Outdoor,Hard,1.62,2.3,1
Molcan A.,120,86,45,41,1,6,44,35,Thompson J.,71,221,96,125,10,10,86,115,2023-03-23,Miami,Miami Open,Outdoor,Hard,2.3,1.62,1
Shang J.,149,12,4,8,0,0,4,8,Mannarino A.,27,567,264,303,60,73,204,230,2023-03-23,Miami,Miami Open,Outdoor,Hard,3.2,1.36,0
Garin C.,101,190,103,87,15,13,88,74,Giron M.,69,150,68,82,20,14,48,68,2023-03-23,Miami,Miami Open,Outdoor,Hard,1.73,2.1,1
Halys Q.,79,72,23,49,3,10,20,39,Martinez P.,135,118,50,68,7,6,43,62,2023-03-23,Miami,Miami Open,Outdoor,Hard,1.33,3.4,1
Coria F.,108,99,43,56,2,6,41,50,Lehecka J.,33,61,30,31,4,4,26,27,2023-03-23,Miami,Miami Open,Outdoor,Hard,7.0,1.1,0
Kovacevic A.,129,14,6,8,0,0,6,8,Munar J.,104,178,75,103,7,12,68,91,2023-03-23,Miami,Miami Open,Outdoor,Hard,1.53,2.5,1
Isner J.,114,755,465,290,53,45,412,245,Nava E.,242,13,2,11,0,0,2,11,2023-03-23,Miami,Miami Open,Outdoor,Hard,1.25,4.0,0
Zapata Miralles B.,54,80,32,48,1,6,31,42,Carballes Baena R.,64,207,91,116,11,10,80,106,2023-03-23,Miami,Miami Open,Outdoor,Hard,1.73,2.1,0
Fucsovics M.,67,249,121,128,26,24,95,104,Rune H.,6,131,83,48,28,9,55,39,2023-03-24,Miami,Miami Open,Outdoor,Hard,3.4,1.33,0
Ruud C.,4,275,176,99,19,16,157,83,Ivashka I.,113,159,78,81,19,18,59,63,2023-03-24,Miami,Miami Open,Outdoor,Hard,1.4,3.0,1
Cressy M.,96,96,42,54,10,11,32,43,Lajovic D.,66,378,163,215,21,36,142,179,2023-03-24,Miami,Miami Open,Outdoor,Hard,1.57,2.38,0
Davidovich Fokina A.,39,168,84,84,17,20,67,64,Nakashima B.,70,106,57,49,6,5,51,44,2023-03-24,Miami,Miami Open,Outdoor,Hard,1.57,2.38,1
Bagnis F.,135,121,39,82,9,8,30,74,Alcaraz C.,1,164,130,34,10,5,120,29,2023-03-24,Miami,Miami Open,Outdoor,Hard,23.0,1.01,0
Dimitrov G.,20,651,389,262,79,50,310,212,Struff J.L.,21,369,170,199,43,42,127,157,2023-03-24,Miami,Miami Open,Outdoor,Hard,1.44,2.75,1
Kecmanovic M.,40,210,107,103,12,16,95,87,Humbert U.,36,170,80,90,23,21,57,69,2023-03-24,Miami,Miami Open,Outdoor,Hard,1.91,1.91,1
Fritz T.,9,356,205,151,26,22,179,129,Nava E.,242,13,2,11,0,0,2,11,2023-03-24,Miami,Miami Open,Outdoor,Hard,1.06,10.0,1
Paul T.,14,204,111,93,19,13,92,80,Huesler M.A.,88,58,21,37,8,8,13,29,2023-03-24,Miami,Miami Open,Outdoor,Hard,1.17,5.0,1
Wu Y.,90,36,15,21,5,0,10,21,Schwartzman D.,95,428,233,195,32,27,201,168,2023-03-24,Miami,Miami Open,Outdoor,Hard,1.44,2.75,0
Djere L.,38,243,120,123,10,22,110,101,Sinner J.,8,224,153,71,42,19,111,52,2023-03-24,Miami,Miami Open,Outdoor,Hard,9.0,1.07,0
Wolf J.J.,45,75,39,36,8,6,31,30,Rublev A.,7,392,255,137,57,34,198,103,2023-03-24,Miami,Miami Open,Outdoor,Hard,4.0,1.25,0
Shapovalov D.,29,298,166,132,30,27,136,105,Pella G.,199,260,118,142,14,16,104,126,2023-03-24,Miami,Miami Open,Outdoor,Hard,1.22,4.33,1
Kokkinakis T.,86,124,55,69,0,4,55,65,Bergs Z.,175,15,4,11,1,5,3,6,2023-03-24,Miami,Miami Open,Outdoor,Hard,1.17,5.0,1
Popyrin A.,90,140,59,81,9,13,50,68,Van De Zandschulp B.,44,117,63,54,11,11,52,43,2023-03-24,Miami,Miami Open,Outdoor,Hard,2.1,1.73,0
Ruusuvuori E.,55,158,79,79,16,18,63,61,Bautista Agut R.,25,379,234,145,31,29,203,116,2023-03-24,Miami,Miami Open,Outdoor,Hard,1.73,2.1,1
Medvedev D.,3,406,289,117,69,27,220,90,Carballes Baena R.,64,207,91,116,11,10,80,106,2023-03-25,Miami,Miami Open,Outdoor,Hard,1.02,19.0,1
Molcan A.,120,86,45,41,1,6,44,35,Nishioka Y.,31,215,99,116,15,15,84,101,2023-03-25,Miami,Miami Open,Outdoor,Hard,2.0,1.8,1
Khachanov K.,11,378,217,161,44,38,173,123,Etcheverry T.,34,60,26,34,5,3,21,31,2023-03-25,Miami,Miami Open,Outdoor,Hard,1.3,3.5,1
Kokkinakis T.,86,124,55,69,0,4,55,65,Hurkacz H.,17,238,137,101,27,24,110,77,2023-03-25,Miami,Miami Open,Outdoor,Hard,3.5,1.3,0
Evans D.,30,251,124,127,18,16,106,111,Sonego L.,43,221,107,114,19,17,88,97,2023-03-25,Miami,Miami Open,Outdoor,Hard,2.75,1.44,0
Monteiro T.,121,171,69,102,9,11,60,91,Auger-Aliassime F.,12,268,163,105,48,22,115,83,2023-03-25,Miami,Miami Open,Outdoor,Hard,9.0,1.07,0
De Minaur A.,19,272,161,111,30,19,131,92,Halys Q.,79,72,23,49,3,10,20,39,2023-03-25,Miami,Miami Open,Outdoor,Hard,1.3,3.5,0
Mcdonald M.,60,190,87,103,11,15,76,88,Berrettini M.,38,217,142,75,14,11,128,64,2023-03-25,Miami,Miami Open,Outdoor,Hard,2.75,1.44,1
Lehecka J.,33,61,30,31,4,4,26,27,Musetti L.,18,143,79,64,12,12,67,52,2023-03-25,Miami,Miami Open,Outdoor,Hard,1.4,3.0,1
Tsitsipas S.,5,390,264,126,49,32,215,94,Gasquet R.,48,948,581,367,133,82,448,285,2023-03-25,Miami,Miami Open,Outdoor,Hard,1.17,5.0,1
Coric B.,15,343,185,158,28,28,157,130,Eubanks C.,29,64,28,36,1,3,27,33,2023-03-25,Miami,Miami Open,Outdoor,Hard,1.36,3.2,0
Kovacevic A.,129,14,6,8,0,0,6,8,Cerundolo F.,21,104,58,46,3,7,55,39,2023-03-25,Miami,Miami Open,Outdoor,Hard,2.2,1.67,0
Daniel T.,111,178,67,111,3,10,64,101,Zverev A.,19,500,346,154,60,31,286,123,2023-03-25,Miami,Miami Open,Outdoor,Hard,4.5,1.2,1
Garin C.,101,190,103,87,15,13,88,74,Baez S.,72,95,47,48,6,6,41,42,2023-03-25,Miami,Miami Open,Outdoor,Hard,1.53,2.5,1
Alcaraz C.,1,164,130,34,10,5,120,29,Lajovic D.,66,378,163,215,21,36,142,179,2023-03-26,Miami,Miami Open,Outdoor,Hard,1.03,15.0,1
Daniel T.,111,178,67,111,3,10,64,101,Ruusuvuori E.,55,158,79,79,16,18,63,61,2023-03-26,Miami,Miami Open,Outdoor,Hard,2.38,1.57,0
Kecmanovic M.,40,210,107,103,12,16,95,87,Rublev A.,7,392,255,137,57,34,198,103,2023-03-26,Miami,Miami Open,Outdoor,Hard,4.33,1.22,0
Shapovalov D.,29,298,166,132,30,27,136,105,Fritz T.,9,356,205,151,26,22,179,129,2023-03-26,Miami,Miami Open,Outdoor,Hard,3.2,1.36,0
Davidovich Fokina A.,39,168,84,84,17,20,67,64,Paul T.,14,204,111,93,19,13,92,80,2023-03-26,Miami,Miami Open,Outdoor,Hard,2.3,1.62,0
Shelton B.,43,34,13,21,0,0,13,21,Mannarino A.,27,567,264,303,60,73,204,230,2023-03-26,Miami,Miami Open,Outdoor,Hard,1.67,2.2,0
Barrere G.,59,79,31,48,11,16,20,32,Norrie C.,13,287,172,115,15,18,157,97,2023-03-26,Miami,Miami Open,Outdoor,Hard,6.0,1.13,1
Watanuki Y.,99,25,11,14,0,0,11,14,Tiafoe F.,10,303,158,145,24,23,134,122,2023-03-26,Miami,Miami Open,Outdoor,Hard,5.0,1.17,0
Rune H.,6,131,83,48,28,9,55,39,Schwartzman D.,95,428,233,195,32,27,201,168,2023-03-26,Miami,Miami Open,Outdoor,Hard,1.17,5.0,1
Halys Q.,79,72,23,49,3,10,20,39,Mcdonald M.,60,190,87,103,11,15,76,88,2023-03-27,Miami,Miami Open,Outdoor,Hard,2.38,1.57,1
Eubanks C.,29,64,28,36,1,3,27,33,Barrere G.,59,79,31,48,11,16,20,32,2023-03-27,Miami,Miami Open,Outdoor,Hard,2.1,1.73,1
Auger-Aliassime F.,12,268,163,105,48,22,115,83,Cerundolo F.,21,104,58,46,3,7,55,39,2023-03-27,Miami,Miami Open,Outdoor,Hard,1.22,4.33,0
Tsitsipas S.,5,390,264,126,49,32,215,94,Garin C.,101,190,103,87,15,13,88,74,2023-03-27,Miami,Miami Open,Outdoor,Hard,1.3,3.5,1
Mannarino A.,27,567,264,303,60,73,204,230,Hurkacz H.,17,238,137,101,27,24,110,77,2023-03-27,Miami,Miami Open,Outdoor,Hard,4.0,1.25,1
Molcan A.,120,86,45,41,1,6,44,35,Medvedev D.,3,406,289,117,69,27,220,90,2023-03-27,Miami,Miami Open,Outdoor,Hard,11.0,1.05,0
Ruud C.,4,275,176,99,19,16,157,83,Van De Zandschulp B.,44,117,63,54,11,11,52,43,2023-03-27,Miami,Miami Open,Outdoor,Hard,1.3,3.5,0
Sinner J.,8,224,153,71,42,19,111,52,Dimitrov G.,20,651,389,262,79,50,310,212,2023-03-27,Miami,Miami Open,Outdoor,Hard,1.22,4.33,1
Khachanov K.,11,378,217,161,44,38,173,123,Lehecka J.,33,61,30,31,4,4,26,27,2023-03-27,Miami,Miami Open,Outdoor,Hard,1.73,2.1,1
Tiafoe F.,10,303,158,145,24,23,134,122,Sonego L.,43,221,107,114,19,17,88,97,2023-03-28,Miami,Miami Open,Outdoor,Hard,1.33,3.4,0
Rublev A.,7,392,255,137,57,34,198,103,Sinner J.,8,224,153,71,42,19,111,52,2023-03-28,Miami,Miami Open,Outdoor,Hard,2.63,1.5,0
Rune H.,6,131,83,48,28,9,55,39,Fritz T.,9,356,205,151,26,22,179,129,2023-03-28,Miami,Miami Open,Outdoor,Hard,2.3,1.62,0
Ruusuvuori E.,55,158,79,79,16,18,63,61,Van De Zandschulp B.,44,117,63,54,11,11,52,43,2023-03-28,Miami,Miami Open,Outdoor,Hard,1.67,2.2,1
Paul T.,14,204,111,93,19,13,92,80,Alcaraz C.,1,164,130,34,10,5,120,29,2023-03-28,Miami,Miami Open,Outdoor,Hard,6.0,1.13,0
Tsitsipas S.,5,390,264,126,49,32,215,94,Khachanov K.,11,378,217,161,44,38,173,123,2023-03-28,Miami,Miami Open,Outdoor,Hard,1.91,1.91,0
Mannarino A.,27,567,264,303,60,73,204,230,Eubanks C.,29,64,28,36,1,3,27,33,2023-03-28,Miami,Miami Open,Outdoor,Hard,1.53,2.5,0
Ruusuvuori E.,55,158,79,79,16,18,63,61,Sinner J.,8,224,153,71,42,19,111,52,2023-03-29,Miami,Miami Open,Outdoor,Hard,6.0,1.13,0
Halys Q.,79,72,23,49,3,10,20,39,Medvedev D.,3,406,289,117,69,27,220,90,2023-03-29,Miami,Miami Open,Outdoor,Hard,9.0,1.07,0
Sonego L.,43,221,107,114,19,17,88,97,Cerundolo F.,21,104,58,46,3,7,55,39,2023-03-29,Miami,Miami Open,Outdoor,Hard,1.62,2.3,0
Medvedev D.,3,406,289,117,69,27,220,90,Eubanks C.,29,64,28,36,1,3,27,33,2023-03-30,Miami,Miami Open,Outdoor,Hard,1.04,13.0,1
Khachanov K.,11,378,217,161,44,38,173,123,Cerundolo F.,21,104,58,46,3,7,55,39,2023-03-30,Miami,Miami Open,Outdoor,Hard,1.36,3.2,1
Alcaraz C.,1,164,130,34,10,5,120,29,Fritz T.,9,356,205,151,26,22,179,129,2023-03-31,Miami,Miami Open,Outdoor,Hard,1.22,4.33,1
Medvedev D.,3,406,289,117,69,27,220,90,Khachanov K.,11,378,217,161,44,38,173,123,2023-03-31,Miami,Miami Open,Outdoor,Hard,1.2,4.5,1
Alcaraz C.,1,164,130,34,10,5,120,29,Sinner J.,8,224,153,71,42,19,111,52,2023-04-01,Miami,Miami Open,Outdoor,Hard,1.4,3.0,0
Sinner J.,8,224,153,71,42,19,111,52,Medvedev D.,3,406,289,117,69,27,220,90,2023-04-02,Miami,Miami Open,Outdoor,Hard,1.91,1.91,0
Munar J.,104,178,75,103,7,12,68,91,Benchetrit E.,445,8,1,7,0,0,1,7,2023-04-03,Marrakech,Grand Prix Hassan II,Outdoor,Clay,1.1,7.0,1
Kovacevic A.,129,14,6,8,0,0,6,8,Brouwer G.,144,21,11,10,3,2,8,8,2023-04-03,Houston,U.S. Men's Clay Court Championships,Outdoor,Clay,1.91,1.91,0
Struff J.L.,21,369,170,199,43,42,127,157,Gaston H.,109,58,24,34,5,9,19,25,2023-04-03,Marrakech,Grand Prix Hassan II,Outdoor,Clay,1.53,2.5,0
Passaro F.,126,10,3,7,1,1,2,6,Karatsev A.,75,136,66,70,10,22,56,48,2023-04-03,Marrakech,Grand Prix Hassan II,Outdoor,Clay,2.1,1.73,1
Popyrin A.,90,140,59,81,9,13,50,68,Lalami Laaroussi Y.,937,1,0,1,0,0,0,1,2023-04-03,Marrakech,Grand Prix Hassan II,Outdoor,Clay,1.03,15.0,1
Zhang Zh.,53,44,20,24,1,2,19,22,Galan D.E.,76,78,33,45,3,5,30,40,2023-04-03,Houston,U.S. Men's Clay Court Championships,Outdoor,Clay,1.67,2.2,0
Albot R.,97,215,86,129,26,26,60,103,Baez S.,72,95,47,48,6,6,41,42,2023-04-03,Estoril,Estoril Open,Outdoor,Clay,5.5,1.14,0
Vukic A.,62,36,15,21,2,1,13,20,Kudla D.,137,198,70,128,5,14,65,114,2023-04-03,Houston,U.S. Men's Clay Court Championships,Outdoor,Clay,1.36,3.2,0
Tseng C.H.,145,9,1,8,0,0,1,8,Cachin P.,54,52,23,29,1,3,22,26,2023-04-03,Estoril,Estoril Open,Outdoor,Clay,2.3,1.62,0
Fognini F.,128,742,383,359,39,48,344,311,Giannessi A.,224,35,12,23,1,4,11,19,2023-04-03,Estoril,Estoril Open,Outdoor,Clay,1.5,2.63,1
Schwartzman D.,95,428,233,195,32,27,201,168,Cecchinato M.,108,204,79,125,2,14,77,111,2023-04-03,Estoril,Estoril Open,Outdoor,Clay,1.36,3.2,0
Verdasco F.,244,962,537,425,79,79,458,346,Kubler J.,77,53,24,29,0,1,24,28,2023-04-04,Houston,U.S. Men's Clay Court Championships,Outdoor,Clay,4.33,1.22,0
Hanfmann Y.,50,99,50,49,5,4,45,45,Watanuki Y.,99,25,11,14,0,0,11,14,2023-04-04,Houston,U.S. Men's Clay Court Championships,Outdoor,Clay,1.44,2.75,1
Thompson J.,71,221,96,125,10,10,86,115,Wolf J.J.,45,75,39,36,8,6,31,30,2023-04-04,Houston,U.S. Men's Clay Court Championships,Outdoor,Clay,2.1,1.73,0
Cerundolo J.M.,106,29,12,17,2,3,10,14,Etcheverry T.,34,60,26,34,5,3,21,31,2023-04-04,Houston,U.S. Men's Clay Court Championships,Outdoor,Clay,2.75,1.44,0
Ymer E.,186,81,24,57,3,11,21,46,Moundir A.,720,1,0,1,0,0,0,1,2023-04-04,Marrakech,Grand Prix Hassan II,Outdoor,Clay,1.13,6.0,1
Bonadio R.,181,3,1,2,1,1,0,1,O Connell C.,74,65,26,39,0,0,26,39,2023-04-04,Marrakech,Grand Prix Hassan II,Outdoor,Clay,2.1,1.73,0
Muller A.,81,22,9,13,0,1,9,12,Gasquet R.,48,948,581,367,133,82,448,285,2023-04-04,Marrakech,Grand Prix Hassan II,Outdoor,Clay,2.2,1.67,1
Vavassori A.,128,12,5,7,1,1,4,6,Jarry N.,28,141,73,68,9,6,64,62,2023-04-04,Marrakech,Grand Prix Hassan II,Outdoor,Clay,3.2,1.36,1
Cressy M.,96,96,42,54,10,11,32,43,Carballes Baena R.,64,207,91,116,11,10,80,106,2023-04-04,Marrakech,Grand Prix Hassan II,Outdoor,Clay,2.5,1.53,0
Martinez P.,135,118,50,68,7,6,43,62,Kotov P.,89,25,10,15,1,4,9,11,2023-04-04,Marrakech,Grand Prix Hassan II,Outdoor,Clay,1.8,2.0,0
Grenier H.,122,16,5,11,1,2,4,9,Kuzmanov D.,207,12,4,8,2,8,2,0,2023-04-04,Marrakech,Grand Prix Hassan II,Outdoor,Clay,2.5,1.53,0
Gomez E.,155,26,7,19,2,2,5,17,Giron M.,69,150,68,82,20,14,48,68,2023-04-04,Houston,U.S. Men's Clay Court Championships,Outdoor,Clay,3.2,1.36,0
Dellien H.,164,70,22,48,5,5,17,43,Garin C.,101,190,103,87,15,13,88,74,2023-04-04,Houston,U.S. Men's Clay Court Championships,Outdoor,Clay,2.5,1.53,0
Johnson S.,197,395,196,199,16,23,180,176,Bagnis F.,135,121,39,82,9,8,30,74,2023-04-04,Houston,U.S. Men's Clay Court Championships,Outdoor,Clay,2.63,1.5,1
Ramos-Vinolas A.,82,437,204,233,17,31,187,202,Rodionov J.,118,26,9,17,2,3,7,14,2023-04-04,Estoril,Estoril Open,Outdoor,Clay,1.3,3.5,0
Kecmanovic M.,40,210,107,103,12,16,95,87,Nardi L.,151,11,2,9,1,3,1,6,2023-04-04,Estoril,Estoril Open,Outdoor,Clay,1.29,3.75,1
Lestienne C.,109,40,13,27,6,9,7,18,Shelton B.,43,34,13,21,0,0,13,21,2023-04-04,Estoril,Estoril Open,Outdoor,Clay,2.38,1.57,0
Sousa P.,475,36,9,27,1,3,8,24,Van Assche L.,68,20,7,13,0,3,7,10,2023-04-04,Estoril,Estoril Open,Outdoor,Clay,3.4,1.33,0
Thiem D.,116,517,327,190,53,39,274,151,Ofner S.,61,34,16,18,1,2,15,16,2023-04-04,Estoril,Estoril Open,Outdoor,Clay,1.62,2.3,1
Zapata Miralles B.,54,80,32,48,1,6,31,42,Rocha H.,596,1,0,1,0,0,0,1,2023-04-04,Estoril,Estoril Open,Outdoor,Clay,1.2,4.5,1
Borges N.,69,28,10,18,1,1,9,17,Halys Q.,79,72,23,49,3,10,20,39,2023-04-04,Estoril,Estoril Open,Outdoor,Clay,1.57,2.38,0
Sousa J.,147,436,189,247,42,44,147,203,Zeppieri G.,129,13,4,9,0,1,4,8,2023-04-04,Estoril,Estoril Open,Outdoor,Clay,2.5,1.53,1
Baez S.,72,95,47,48,6,6,41,42,Cachin P.,54,52,23,29,1,3,22,26,2023-04-05,Estoril,Estoril Open,Outdoor,Clay,1.36,3.2,1
Cecchinato M.,108,204,79,125,2,14,77,111,Fognini F.,128,742,383,359,39,48,344,311,2023-04-05,Estoril,Estoril Open,Outdoor,Clay,2.38,1.57,1
Bonzi B.,107,83,37,46,10,13,27,33,Vatutin A.,295,8,2,6,0,2,2,4,2023-04-05,Marrakech,Grand Prix Hassan II,Outdoor,Clay,1.36,3.2,1
Davidovich Fokina A.,39,168,84,84,17,20,67,64,Van Assche L.,68,20,7,13,0,3,7,10,2023-04-05,Estoril,Estoril Open,Outdoor,Clay,1.4,3.0,1
Machac T.,108,18,6,12,1,1,5,11,Sock J.,166,324,177,147,38,24,139,123,2023-04-05,Houston,U.S. Men's Clay Court Championships,Outdoor,Clay,1.4,3.0,1
Ruud C.,4,275,176,99,19,16,157,83,Sousa J.,147,436,189,247,42,44,147,203,2023-04-05,Estoril,Estoril Open,Outdoor,Clay,1.11,6.5,1
Munar J.,104,178,75,103,7,12,68,91,Vavassori A.,128,12,5,7,1,1,4,6,2023-04-06,Marrakech,Grand Prix Hassan II,Outdoor,Clay,1.5,2.63,0
Griekspoor T.,37,97,47,50,7,14,40,36,Ymer E.,186,81,24,57,3,11,21,46,2023-04-06,Marrakech,Grand Prix Hassan II,Outdoor,Clay,1.25,4.0,1
Van De Zandschulp B.,44,117,63,54,11,11,52,43,O Connell C.,74,65,26,39,0,0,26,39,2023-04-06,Marrakech,Grand Prix Hassan II,Outdoor,Clay,1.5,2.63,0
Carballes Baena R.,64,207,91,116,11,10,80,106,Kuzmanov D.,207,12,4,8,2,8,2,0,2023-04-06,Marrakech,Grand Prix Hassan II,Outdoor,Clay,1.4,3.0,0
Popyrin A.,90,140,59,81,9,13,50,68,Evans D.,30,251,124,127,18,16,106,111,2023-04-06,Marrakech,Grand Prix Hassan II,Outdoor,Clay,1.67,2.2,0
Kotov P.,89,25,10,15,1,4,9,11,Bonzi B.,107,83,37,46,10,13,27,33,2023-04-06,Marrakech,Grand Prix Hassan II,Outdoor,Clay,2.38,1.57,1
Passaro F.,126,10,3,7,1,1,2,6,Muller A.,81,22,9,13,0,1,9,12,2023-04-06,Marrakech,Grand Prix Hassan II,Outdoor,Clay,2.38,1.57,0
Kecmanovic M.,40,210,107,103,12,16,95,87,Rodionov J.,118,26,9,17,2,3,7,14,2023-04-06,Estoril,Estoril Open,Outdoor,Clay,1.36,3.2,1
Shelton B.,43,34,13,21,0,0,13,21,Thiem D.,116,517,327,190,53,39,274,151,2023-04-06,Estoril,Estoril Open,Outdoor,Clay,2.2,1.67,0
Zapata Miralles B.,54,80,32,48,1,6,31,42,Hurkacz H.,17,238,137,101,27,24,110,77,2023-04-06,Estoril,Estoril Open,Outdoor,Clay,3.0,1.4,1
Halys Q.,79,72,23,49,3,10,20,39,Bautista Agut R.,25,379,234,145,31,29,203,116,2023-04-06,Estoril,Estoril Open,Outdoor,Clay,2.38,1.57,1
Gaston H.,109,58,24,34,5,9,19,25,Musetti L.,18,143,79,64,12,12,67,52,2023-04-06,Marrakech,Grand Prix Hassan II,Outdoor,Clay,2.38,1.57,0
Purcell M.,78,28,9,19,0,0,9,19,Altmaier D.,51,79,28,51,1,5,27,46,2023-04-07,Houston,U.S. Men's Clay Court Championships,Outdoor,Clay,3.5,1.3,1
Musetti L.,18,143,79,64,12,12,67,52,Muller A.,81,22,9,13,0,1,9,12,2023-04-07,Marrakech,Grand Prix Hassan II,Outdoor,Clay,1.4,3.0,0
Evans D.,30,251,124,127,18,16,106,111,Vavassori A.,128,12,5,7,1,1,4,6,2023-04-07,Marrakech,Grand Prix Hassan II,Outdoor,Clay,1.62,2.3,1
Cecchinato M.,108,204,79,125,2,14,77,111,Davidovich Fokina A.,39,168,84,84,17,20,67,64,2023-04-07,Estoril,Estoril Open,Outdoor,Clay,4.33,1.22,1
Kecmanovic M.,40,210,107,103,12,16,95,87,Zapata Miralles B.,54,80,32,48,1,6,31,42,2023-04-07,Estoril,Estoril Open,Outdoor,Clay,1.62,2.3,1
Thiem D.,116,517,327,190,53,39,274,151,Halys Q.,79,72,23,49,3,10,20,39,2023-04-07,Estoril,Estoril Open,Outdoor,Clay,1.73,2.1,0
Ruud C.,4,275,176,99,19,16,157,83,Baez S.,72,95,47,48,6,6,41,42,2023-04-07,Estoril,Estoril Open,Outdoor,Clay,1.44,2.75,1
Griekspoor T.,37,97,47,50,7,14,40,36,Carballes Baena R.,64,207,91,116,11,10,80,106,2023-04-07,Marrakech,Grand Prix Hassan II,Outdoor,Clay,1.57,2.38,0
Kotov P.,89,25,10,15,1,4,9,11,O Connell C.,74,65,26,39,0,0,26,39,2023-04-07,Marrakech,Grand Prix Hassan II,Outdoor,Clay,2.1,1.73,1
Halys Q.,79,72,23,49,3,10,20,39,Ruud C.,4,275,176,99,19,16,157,83,2023-04-08,Estoril,Estoril Open,Outdoor,Clay,4.33,1.22,0
Kotov P.,89,25,10,15,1,4,9,11,Muller A.,81,22,9,13,0,1,9,12,2023-04-08,Marrakech,Grand Prix Hassan II,Outdoor,Clay,2.5,1.53,0
Cecchinato M.,108,204,79,125,2,14,77,111,Kecmanovic M.,40,210,107,103,12,16,95,87,2023-04-08,Estoril,Estoril Open,Outdoor,Clay,3.5,1.3,0
Isner J.,114,755,465,290,53,45,412,245,Brouwer G.,144,21,11,10,3,2,8,8,2023-04-08,Houston,U.S. Men's Clay Court Championships,Outdoor,Clay,1.53,2.5,0
Wolf J.J.,45,75,39,36,8,6,31,30,Kudla D.,137,198,70,128,5,14,65,114,2023-04-08,Houston,U.S. Men's Clay Court Championships,Outdoor,Clay,1.36,3.2,1
Kubler J.,77,53,24,29,0,1,24,28,Galan D.E.,76,78,33,45,3,5,30,40,2023-04-08,Houston,U.S. Men's Clay Court Championships,Outdoor,Clay,1.8,2.0,1
Johnson S.,197,395,196,199,16,23,180,176,Tiafoe F.,10,303,158,145,24,23,134,122,2023-04-08,Houston,U.S. Men's Clay Court Championships,Outdoor,Clay,5.0,1.17,0
Evans D.,30,251,124,127,18,16,106,111,Carballes Baena R.,64,207,91,116,11,10,80,106,2023-04-08,Marrakech,Grand Prix Hassan II,Outdoor,Clay,2.0,1.8,0
Bergs Z.,175,15,4,11,1,5,3,6,Garin C.,101,190,103,87,15,13,88,74,2023-04-08,Houston,U.S. Men's Clay Court Championships,Outdoor,Clay,4.5,1.2,0
Paul T.,14,204,111,93,19,13,92,80,Hanfmann Y.,50,99,50,49,5,4,45,45,2023-04-08,Houston,U.S. Men's Clay Court Championships,Outdoor,Clay,1.53,2.5,0
Giron M.,69,150,68,82,20,14,48,68,Machac T.,108,18,6,12,1,1,5,11,2023-04-08,Houston,U.S. Men's Clay Court Championships,Outdoor,Clay,2.2,1.67,0
Tiafoe F.,10,303,158,145,24,23,134,122,Kubler J.,77,53,24,29,0,1,24,28,2023-04-08,Houston,U.S. Men's Clay Court Championships,Outdoor,Clay,1.4,3.0,1
Brouwer G.,144,21,11,10,3,2,8,8,Wolf J.J.,45,75,39,36,8,6,31,30,2023-04-08,Houston,U.S. Men's Clay Court Championships,Outdoor,Clay,2.63,1.5,1
Garin C.,101,190,103,87,15,13,88,74,Etcheverry T.,34,60,26,34,5,3,21,31,2023-04-08,Houston,U.S. Men's Clay Court Championships,Outdoor,Clay,1.67,2.2,0
Purcell M.,78,28,9,19,0,0,9,19,Etcheverry T.,34,60,26,34,5,3,21,31,2023-04-08,Houston,U.S. Men's Clay Court Championships,Outdoor,Clay,3.2,1.36,0
Huesler M.A.,88,58,21,37,8,8,13,29,Munar J.,104,178,75,103,7,12,68,91,2023-04-09,Monte Carlo,Monte Carlo Masters,Outdoor,Clay,2.5,1.53,0
Jarry N.,28,141,73,68,9,6,64,62,Coric B.,15,343,185,158,28,28,157,130,2023-04-09,Monte Carlo,Monte Carlo Masters,Outdoor,Clay,2.0,1.8,1
Muller A.,81,22,9,13,0,1,9,12,Carballes Baena R.,64,207,91,116,11,10,80,106,2023-04-09,Marrakech,Grand Prix Hassan II,Outdoor,Clay,2.1,1.73,0
Hurkacz H.,17,238,137,101,27,24,110,77,Djere L.,38,243,120,123,10,22,110,101,2023-04-09,Monte Carlo,Monte Carlo Masters,Outdoor,Clay,1.5,2.63,1
Etcheverry T.,34,60,26,34,5,3,21,31,Hanfmann Y.,50,99,50,49,5,4,45,45,2023-04-09,Houston,U.S. Men's Clay Court Championships,Outdoor,Clay,1.8,2.0,1
Tiafoe F.,10,303,158,145,24,23,134,122,Brouwer G.,144,21,11,10,3,2,8,8,2023-04-09,Houston,U.S. Men's Clay Court Championships,Outdoor,Clay,1.29,3.75,1
Machac T.,108,18,6,12,1,1,5,11,Hanfmann Y.,50,99,50,49,5,4,45,45,2023-04-09,Houston,U.S. Men's Clay Court Championships,Outdoor,Clay,2.0,1.8,0
Kecmanovic M.,40,210,107,103,12,16,95,87,Ruud C.,4,275,176,99,19,16,157,83,2023-04-09,Estoril,Estoril Open,Outdoor,Clay,2.75,1.44,0
Etcheverry T.,34,60,26,34,5,3,21,31,Tiafoe F.,10,303,158,145,24,23,134,122,2023-04-09,Houston,U.S. Men's Clay Court Championships,Outdoor,Clay,3.0,1.4,0
Krajinovic F.,93,240,115,125,38,34,77,91,Bautista Agut R.,25,379,234,145,31,29,203,116,2023-04-10,Monte Carlo,Monte Carlo Masters,Outdoor,Clay,2.63,1.5,0
Murray A.,44,932,687,245,132,47,555,198,De Minaur A.,19,272,161,111,30,19,131,92,2023-04-10,Monte Carlo,Monte Carlo Masters,Outdoor,Clay,2.5,1.53,0
Goffin D.,123,522,296,226,66,52,230,174,Schwartzman D.,95,428,233,195,32,27,201,168,2023-04-10,Monte Carlo,Monte Carlo Masters,Outdoor,Clay,2.3,1.62,0
Mcdonald M.,60,190,87,103,11,15,76,88,Gakhov I.,198,3,1,2,0,0,1,2,2023-04-10,Monte Carlo,Monte Carlo Masters,Outdoor,Clay,1.57,2.38,0
Berrettini M.,38,217,142,75,14,11,128,64,Cressy M.,96,96,42,54,10,11,32,43,2023-04-10,Monte Carlo,Monte Carlo Masters,Outdoor,Clay,1.22,4.33,1
Ramos-Vinolas A.,82,437,204,233,17,31,187,202,Struff J.L.,21,369,170,199,43,42,127,157,2023-04-10,Monte Carlo,Monte Carlo Masters,Outdoor,Clay,2.38,1.57,0
Thiem D.,116,517,327,190,53,39,274,151,Gasquet R.,48,948,581,367,133,82,448,285,2023-04-10,Monte Carlo,Monte Carlo Masters,Outdoor,Clay,1.57,2.38,1
Draper J.,55,51,29,22,2,3,27,19,Baez S.,72,95,47,48,6,6,41,42,2023-04-10,Monte Carlo,Monte Carlo Masters,Outdoor,Clay,2.75,1.44,1
Norrie C.,13,287,172,115,15,18,157,97,Cerundolo F.,21,104,58,46,3,7,55,39,2023-04-10,Monte Carlo,Monte Carlo Masters,Outdoor,Clay,1.53,2.5,0
Bonzi B.,107,83,37,46,10,13,27,33,Zapata Miralles B.,54,80,32,48,1,6,31,42,2023-04-10,Monte Carlo,Monte Carlo Masters,Outdoor,Clay,2.75,1.44,1
Wawrinka S.,72,854,535,319,84,69,451,250,Griekspoor T.,37,97,47,50,7,14,40,36,2023-04-10,Monte Carlo,Monte Carlo Masters,Outdoor,Clay,2.0,1.8,1
Van De Zandschulp B.,44,117,63,54,11,11,52,43,Fucsovics M.,67,249,121,128,26,24,95,104,2023-04-10,Monte Carlo,Monte Carlo Masters,Outdoor,Clay,2.2,1.67,1
Lajovic D.,66,378,163,215,21,36,142,179,Popyrin A.,90,140,59,81,9,13,50,68,2023-04-10,Monte Carlo,Monte Carlo Masters,Outdoor,Clay,1.44,2.75,0
Tsitsipas S.,5,390,264,126,49,32,215,94,Bonzi B.,107,83,37,46,10,13,27,33,2023-04-11,Monte Carlo,Monte Carlo Masters,Outdoor,Clay,1.17,5.0,1
Draper J.,55,51,29,22,2,3,27,19,Hurkacz H.,17,238,137,101,27,24,110,77,2023-04-11,Monte Carlo,Monte Carlo Masters,Outdoor,Clay,2.38,1.57,0
Djokovic N.,2,1207,1012,195,146,42,866,153,Gakhov I.,198,3,1,2,0,0,1,2,2023-04-11,Monte Carlo,Monte Carlo Masters,Outdoor,Clay,1.02,19.0,1
Munar J.,104,178,75,103,7,12,68,91,Rublev A.,7,392,255,137,57,34,198,103,2023-04-11,Monte Carlo,Monte Carlo Masters,Outdoor,Clay,4.5,1.2,0
Ivashka I.,113,159,78,81,19,18,59,63,Evans D.,30,251,124,127,18,16,106,111,2023-04-11,Monte Carlo,Monte Carlo Masters,Outdoor,Clay,1.67,2.2,1
Musetti L.,18,143,79,64,12,12,67,52,Kecmanovic M.,40,210,107,103,12,16,95,87,2023-04-11,Monte Carlo,Monte Carlo Masters,Outdoor,Clay,1.8,2.0,1
Nardi L.,151,11,2,9,1,3,1,6,Vacherot V.,357,1,0,1,0,0,0,1,2023-04-11,Monte Carlo,Monte Carlo Masters,Outdoor,Clay,1.29,3.75,1
Zverev A.,19,500,346,154,60,31,286,123,Bublik A.,25,219,110,109,39,30,71,79,2023-04-11,Monte Carlo,Monte Carlo Masters,Outdoor,Clay,1.14,5.5,1
Sonego L.,43,221,107,114,19,17,88,97,Humbert U.,36,170,80,90,23,21,57,69,2023-04-11,Monte Carlo,Monte Carlo Masters,Outdoor,Clay,1.5,2.63,1
Dimitrov G.,20,651,389,262,79,50,310,212,Shelton B.,43,34,13,21,0,0,13,21,2023-04-11,Monte Carlo,Monte Carlo Masters,Outdoor,Clay,1.2,4.5,1
Ruusuvuori E.,55,158,79,79,16,18,63,61,Lehecka J.,33,61,30,31,4,4,26,27,2023-04-11,Monte Carlo,Monte Carlo Masters,Outdoor,Clay,2.38,1.57,0
Davidovich Fokina A.,39,168,84,84,17,20,67,64,Khachanov K.,11,378,217,161,44,38,173,123,2023-04-11,Monte Carlo,Monte Carlo Masters,Outdoor,Clay,1.91,1.91,0
Ivashka I.,113,159,78,81,19,18,59,63,Khachanov K.,11,378,217,161,44,38,173,123,2023-04-12,Monte Carlo,Monte Carlo Masters,Outdoor,Clay,4.33,1.22,0
Rune H.,6,131,83,48,28,9,55,39,Thiem D.,116,517,327,190,53,39,274,151,2023-04-12,Monte Carlo,Monte Carlo Masters,Outdoor,Clay,1.44,2.75,1
Cerundolo F.,21,104,58,46,3,7,55,39,Berrettini M.,38,217,142,75,14,11,128,64,2023-04-12,Monte Carlo,Monte Carlo Masters,Outdoor,Clay,2.0,1.8,0
Wawrinka S.,72,854,535,319,84,69,451,250,Fritz T.,9,356,205,151,26,22,179,129,2023-04-12,Monte Carlo,Monte Carlo Masters,Outdoor,Clay,2.63,1.5,0
Sonego L.,43,221,107,114,19,17,88,97,Medvedev D.,3,406,289,117,69,27,220,90,2023-04-12,Monte Carlo,Monte Carlo Masters,Outdoor,Clay,3.4,1.33,0
Sinner J.,8,224,153,71,42,19,111,52,Schwartzman D.,95,428,233,195,32,27,201,168,2023-04-12,Monte Carlo,Monte Carlo Masters,Outdoor,Clay,1.11,6.5,1
Jarry N.,28,141,73,68,9,6,64,62,Popyrin A.,90,140,59,81,9,13,50,68,2023-04-12,Monte Carlo,Monte Carlo Masters,Outdoor,Clay,1.33,3.4,1
Nardi L.,151,11,2,9,1,3,1,6,Musetti L.,18,143,79,64,12,12,67,52,2023-04-12,Monte Carlo,Monte Carlo Masters,Outdoor,Clay,4.5,1.2,0
De Minaur A.,19,272,161,111,30,19,131,92,Struff J.L.,21,369,170,199,43,42,127,157,2023-04-12,Monte Carlo,Monte Carlo Masters,Outdoor,Clay,1.57,2.38,0
Ruud C.,4,275,176,99,19,16,157,83,Van De Zandschulp B.,44,117,63,54,11,11,52,43,2023-04-12,Monte Carlo,Monte Carlo Masters,Outdoor,Clay,1.2,4.5,1
Zverev A.,19,500,346,154,60,31,286,123,Bautista Agut R.,25,379,234,145,31,29,203,116,2023-04-12,Monte Carlo,Monte Carlo Masters,Outdoor,Clay,1.4,3.0,1
Lehecka J.,33,61,30,31,4,4,26,27,Dimitrov G.,20,651,389,262,79,50,310,212,2023-04-12,Monte Carlo,Monte Carlo Masters,Outdoor,Clay,2.1,1.73,1
Hurkacz H.,17,238,137,101,27,24,110,77,Sinner J.,8,224,153,71,42,19,111,52,2023-04-13,Monte Carlo,Monte Carlo Masters,Outdoor,Clay,4.33,1.22,0
Ruud C.,4,275,176,99,19,16,157,83,Struff J.L.,21,369,170,199,43,42,127,157,2023-04-13,Monte Carlo,Monte Carlo Masters,Outdoor,Clay,1.3,3.5,0
Rublev A.,7,392,255,137,57,34,198,103,Khachanov K.,11,378,217,161,44,38,173,123,2023-04-13,Monte Carlo,Monte Carlo Masters,Outdoor,Clay,1.91,1.91,1
Tsitsipas S.,5,390,264,126,49,32,215,94,Jarry N.,28,141,73,68,9,6,64,62,2023-04-13,Monte Carlo,Monte Carlo Masters,Outdoor,Clay,1.25,4.0,1
Lehecka J.,33,61,30,31,4,4,26,27,Fritz T.,9,356,205,151,26,22,179,129,2023-04-13,Monte Carlo,Monte Carlo Masters,Outdoor,Clay,2.3,1.62,0
Musetti L.,18,143,79,64,12,12,67,52,Djokovic N.,2,1207,1012,195,146,42,866,153,2023-04-13,Monte Carlo,Monte Carlo Masters,Outdoor,Clay,5.0,1.17,1
Berrettini M.,38,217,142,75,14,11,128,64,Rune H.,6,131,83,48,28,9,55,39,2023-04-13,Monte Carlo,Monte Carlo Masters,Outdoor,Clay,2.75,1.44,0
Zverev A.,19,500,346,154,60,31,286,123,Medvedev D.,3,406,289,117,69,27,220,90,2023-04-13,Monte Carlo,Monte Carlo Masters,Outdoor,Clay,2.38,1.57,0
Musetti L.,18,143,79,64,12,12,67,52,Sinner J.,8,224,153,71,42,19,111,52,2023-04-14,Monte Carlo,Monte Carlo Masters,Outdoor,Clay,3.4,1.33,0
Rune H.,6,131,83,48,28,9,55,39,Medvedev D.,3,406,289,117,69,27,220,90,2023-04-14,Monte Carlo,Monte Carlo Masters,Outdoor,Clay,1.73,2.1,1
Struff J.L.,21,369,170,199,43,42,127,157,Rublev A.,7,392,255,137,57,34,198,103,2023-04-14,Monte Carlo,Monte Carlo Masters,Outdoor,Clay,3.0,1.4,0
Tsitsipas S.,5,390,264,126,49,32,215,94,Fritz T.,9,356,205,151,26,22,179,129,2023-04-14,Monte Carlo,Monte Carlo Masters,Outdoor,Clay,1.33,3.4,0
Fritz T.,9,356,205,151,26,22,179,129,Rublev A.,7,392,255,137,57,34,198,103,2023-04-15,Monte Carlo,Monte Carlo Masters,Outdoor,Clay,1.91,1.91,0
Rune H.,6,131,83,48,28,9,55,39,Sinner J.,8,224,153,71,42,19,111,52,2023-04-15,Monte Carlo,Monte Carlo Masters,Outdoor,Clay,2.5,1.53,1
Rune H.,6,131,83,48,28,9,55,39,Rublev A.,7,392,255,137,57,34,198,103,2023-04-16,Monte Carlo,Monte Carlo Masters,Outdoor,Clay,1.53,2.5,0
Popyrin A.,90,140,59,81,9,13,50,68,Griekspoor T.,37,97,47,50,7,14,40,36,2023-04-17,Banja Luka,Srpska Open,Outdoor,Clay,2.5,1.53,1
Cobolli F.,148,14,5,9,0,1,5,8,Thompson J.,71,221,96,125,10,10,86,115,2023-04-17,Munich,BMW Open,Outdoor,Clay,1.62,2.3,1
Giron M.,69,150,68,82,20,14,48,68,Carballes Baena R.,64,207,91,116,11,10,80,106,2023-04-17,Munich,BMW Open,Outdoor,Clay,2.75,1.44,1
Daniel T.,111,178,67,111,3,10,64,101,Molcan A.,120,86,45,41,1,6,44,35,2023-04-17,Banja Luka,Srpska Open,Outdoor,Clay,1.73,2.1,0
Monteiro T.,121,171,69,102,9,11,60,91,Hanfmann Y.,50,99,50,49,5,4,45,45,2023-04-17,Munich,BMW Open,Outdoor,Clay,2.5,1.53,0
Van Assche L.,68,20,7,13,0,3,7,10,Wawrinka S.,72,854,535,319,84,69,451,250,2023-04-17,Banja Luka,Srpska Open,Outdoor,Clay,2.2,1.67,1
Kovalik J.,172,68,24,44,5,8,19,36,Martinez P.,135,118,50,68,7,6,43,62,2023-04-17,Barcelona,Barcelona Open,Outdoor,Clay,2.5,1.53,1
Ivashka I.,113,159,78,81,19,18,59,63,Borges N.,69,28,10,18,1,1,9,17,2023-04-17,Barcelona,Barcelona Open,Outdoor,Clay,1.57,2.38,0
Balazs A.,745,33,16,17,0,1,16,16,Zapata Miralles B.,54,80,32,48,1,6,31,42,2023-04-17,Barcelona,Barcelona Open,Outdoor,Clay,19.0,1.02,0
Jarry N.,28,141,73,68,9,6,64,62,Trungelliti M.,240,33,13,20,2,2,11,18,2023-04-17,Barcelona,Barcelona Open,Outdoor,Clay,1.22,4.33,1
Bublik A.,25,219,110,109,39,30,71,79,Ruusuvuori E.,55,158,79,79,16,18,63,61,2023-04-17,Barcelona,Barcelona Open,Outdoor,Clay,2.75,1.44,0
Andujar P.,323,404,164,240,12,30,152,210,Etcheverry T.,34,60,26,34,5,3,21,31,2023-04-17,Barcelona,Barcelona Open,Outdoor,Clay,6.0,1.13,0
Kotov P.,89,25,10,15,1,4,9,11,Krutykh O.,180,3,0,3,0,0,0,3,2023-04-17,Barcelona,Barcelona Open,Outdoor,Clay,1.5,2.63,1
Shelton B.,43,34,13,21,0,0,13,21,Mcdonald M.,60,190,87,103,11,15,76,88,2023-04-17,Barcelona,Barcelona Open,Outdoor,Clay,2.1,1.73,1
Prizmic D.,287,5,2,3,0,0,2,3,Gasquet R.,48,948,581,367,133,82,448,285,2023-04-18,Banja Luka,Srpska Open,Outdoor,Clay,2.2,1.67,0
Albot R.,97,215,86,129,26,26,60,103,Coria F.,108,99,43,56,2,6,41,50,2023-04-18,Banja Luka,Srpska Open,Outdoor,Clay,2.1,1.73,1
Djere L.,38,243,120,123,10,22,110,101,Safiullin R.,92,42,20,22,7,7,13,15,2023-04-18,Banja Luka,Srpska Open,Outdoor,Clay,1.3,3.5,1
Ymer E.,186,81,24,57,3,11,21,46,Shelbayh A.,240,6,1,5,0,0,1,5,2023-04-18,Banja Luka,Srpska Open,Outdoor,Clay,1.5,2.63,0
Baez S.,72,95,47,48,6,6,41,42,Otte O.,233,78,33,45,6,14,27,31,2023-04-18,Munich,BMW Open,Outdoor,Clay,1.44,2.75,0
Topo M.,478,4,0,4,0,0,0,4,Garin C.,101,190,103,87,15,13,88,74,2023-04-18,Munich,BMW Open,Outdoor,Clay,6.0,1.13,0
Rehberg M.,412,3,0,3,0,0,0,3,Fucsovics M.,67,249,121,128,26,24,95,104,2023-04-18,Munich,BMW Open,Outdoor,Clay,9.0,1.07,0
Edmund K.,473,233,113,120,19,10,94,110,Huesler M.A.,88,58,21,37,8,8,13,29,2023-04-18,Munich,BMW Open,Outdoor,Clay,3.2,1.36,0
Humbert U.,36,170,80,90,23,21,57,69,O Connell C.,74,65,26,39,0,0,26,39,2023-04-18,Munich,BMW Open,Outdoor,Clay,1.91,1.91,0
Struff J.L.,21,369,170,199,43,42,127,157,Ritschard A.,163,9,3,6,1,1,2,5,2023-04-18,Munich,BMW Open,Outdoor,Clay,1.13,6.0,0
Halys Q.,79,72,23,49,3,10,20,39,Sonego L.,43,221,107,114,19,17,88,97,2023-04-18,Munich,BMW Open,Outdoor,Clay,2.1,1.73,0
Lestienne C.,109,40,13,27,6,9,7,18,Thiem D.,116,517,327,190,53,39,274,151,2023-04-18,Munich,BMW Open,Outdoor,Clay,4.33,1.22,0
Lajovic D.,66,378,163,215,21,36,142,179,Krajinovic F.,93,240,115,125,38,34,77,91,2023-04-18,Banja Luka,Srpska Open,Outdoor,Clay,1.67,2.2,1
Giustino L.,223,8,1,7,0,0,1,7,Shevchenko A.,93,20,8,12,0,2,8,10,2023-04-18,Barcelona,Barcelona Open,Outdoor,Clay,3.4,1.33,0
Alcaraz C.,1,164,130,34,10,5,120,29,Borges N.,69,28,10,18,1,1,9,17,2023-04-18,Barcelona,Barcelona Open,Outdoor,Clay,1.05,11.0,1
Davidovich Fokina A.,39,168,84,84,17,20,67,64,Etcheverry T.,34,60,26,34,5,3,21,31,2023-04-18,Barcelona,Barcelona Open,Outdoor,Clay,1.57,2.38,1
Ruud C.,4,275,176,99,19,16,157,83,Shelton B.,43,34,13,21,0,0,13,21,2023-04-18,Barcelona,Barcelona Open,Outdoor,Clay,1.14,5.5,1
Rincon D.,841,2,0,2,0,0,0,2,Kubler J.,77,53,24,29,0,1,24,28,2023-04-18,Barcelona,Barcelona Open,Outdoor,Clay,3.5,1.3,0
Cachin P.,54,52,23,29,1,3,22,26,Brouwer G.,144,21,11,10,3,2,8,8,2023-04-18,Barcelona,Barcelona Open,Outdoor,Clay,1.53,2.5,1
Goffin D.,123,522,296,226,66,52,230,174,Lopez F.,634,863,441,422,71,82,370,340,2023-04-18,Barcelona,Barcelona Open,Outdoor,Clay,1.14,5.5,1
Gomez E.,155,26,7,19,2,2,5,17,Ramos-Vinolas A.,82,437,204,233,17,31,187,202,2023-04-18,Barcelona,Barcelona Open,Outdoor,Clay,5.5,1.14,1
Arnaldi M.,76,18,9,9,0,0,9,9,Munar J.,104,178,75,103,7,12,68,91,2023-04-18,Barcelona,Barcelona Open,Outdoor,Clay,2.75,1.44,1
Bautista Agut R.,25,379,234,145,31,29,203,116,Zapata Miralles B.,54,80,32,48,1,6,31,42,2023-04-18,Barcelona,Barcelona Open,Outdoor,Clay,1.67,2.2,1
Ruusuvuori E.,55,158,79,79,16,18,63,61,Tiafoe F.,10,303,158,145,24,23,134,122,2023-04-18,Barcelona,Barcelona Open,Outdoor,Clay,2.5,1.53,1
Wu Y.,90,36,15,21,5,0,10,21,Schwartzman D.,95,428,233,195,32,27,201,168,2023-04-18,Barcelona,Barcelona Open,Outdoor,Clay,2.75,1.44,0
Verdasco F.,244,962,537,425,79,79,458,346,Passaro F.,126,10,3,7,1,1,2,6,2023-04-18,Barcelona,Barcelona Open,Outdoor,Clay,3.4,1.33,0
Gaston H.,109,58,24,34,5,9,19,25,Varillas J. P.,1345,20,9,11,2,1,7,10,2023-04-19,Banja Luka,Srpska Open,Outdoor,Clay,2.3,1.62,0
Monfils G.,323,816,510,306,131,65,379,241,Lehecka J.,33,61,30,31,4,4,26,27,2023-04-19,Banja Luka,Srpska Open,Outdoor,Clay,5.0,1.17,0
Djere L.,38,243,120,123,10,22,110,101,Coric B.,15,343,185,158,28,28,157,130,2023-04-19,Banja Luka,Srpska Open,Outdoor,Clay,1.67,2.2,1
Djokovic N.,2,1207,1012,195,146,42,866,153,Van Assche L.,68,20,7,13,0,3,7,10,2023-04-19,Banja Luka,Srpska Open,Outdoor,Clay,1.06,10.0,1
Molcan A.,120,86,45,41,1,6,44,35,Popyrin A.,90,140,59,81,9,13,50,68,2023-04-19,Banja Luka,Srpska Open,Outdoor,Clay,1.8,2.0,1
Medjedovic H.,147,11,3,8,0,1,3,7,Barrere G.,59,79,31,48,11,16,20,32,2023-04-19,Banja Luka,Srpska Open,Outdoor,Clay,1.67,2.2,0
Broady L.,125,47,18,29,5,3,13,26,Dzumhur D.,202,234,107,127,31,29,76,98,2023-04-19,Banja Luka,Srpska Open,Outdoor,Clay,1.67,2.2,0
Jarry N.,28,141,73,68,9,6,64,62,Khachanov K.,11,378,217,161,44,38,173,123,2023-04-19,Barcelona,Barcelona Open,Outdoor,Clay,2.63,1.5,0
Shapovalov D.,29,298,166,132,30,27,136,105,Kovalik J.,172,68,24,44,5,8,19,36,2023-04-19,Barcelona,Barcelona Open,Outdoor,Clay,1.29,3.75,1
Cachin P.,54,52,23,29,1,3,22,26,Tsitsipas S.,5,390,264,126,49,32,215,94,2023-04-19,Barcelona,Barcelona Open,Outdoor,Clay,8.0,1.08,0
Evans D.,30,251,124,127,18,16,106,111,Arnaldi M.,76,18,9,9,0,0,9,9,2023-04-19,Barcelona,Barcelona Open,Outdoor,Clay,2.1,1.73,1
Kubler J.,77,53,24,29,0,1,24,28,Musetti L.,18,143,79,64,12,12,67,52,2023-04-19,Barcelona,Barcelona Open,Outdoor,Clay,4.33,1.22,0
Cerundolo F.,21,104,58,46,3,7,55,39,Passaro F.,126,10,3,7,1,1,2,6,2023-04-19,Barcelona,Barcelona Open,Outdoor,Clay,1.3,3.5,1
Kotov P.,89,25,10,15,1,4,9,11,Norrie C.,13,287,172,115,15,18,157,97,2023-04-19,Barcelona,Barcelona Open,Outdoor,Clay,4.0,1.25,0
Shevchenko A.,93,20,8,12,0,2,8,10,De Minaur A.,19,272,161,111,30,19,131,92,2023-04-19,Barcelona,Barcelona Open,Outdoor,Clay,2.75,1.44,0
Goffin D.,123,522,296,226,66,52,230,174,Nishioka Y.,31,215,99,116,15,15,84,101,2023-04-19,Barcelona,Barcelona Open,Outdoor,Clay,1.62,2.3,0
Sinner J.,8,224,153,71,42,19,111,52,Schwartzman D.,95,428,233,195,32,27,201,168,2023-04-19,Barcelona,Barcelona Open,Outdoor,Clay,1.08,8.0,1
Dimitrov G.,20,651,389,262,79,50,310,212,Gomez E.,155,26,7,19,2,2,5,17,2023-04-19,Barcelona,Barcelona Open,Outdoor,Clay,1.07,9.0,1
Otte O.,233,78,33,45,6,14,27,31,Cobolli F.,148,14,5,9,0,1,5,8,2023-04-20,Munich,BMW Open,Outdoor,Clay,1.44,2.75,0
Ritschard A.,163,9,3,6,1,1,2,5,Giron M.,69,150,68,82,20,14,48,68,2023-04-20,Munich,BMW Open,Outdoor,Clay,2.75,1.44,0
Garin C.,101,190,103,87,15,13,88,74,Sonego L.,43,221,107,114,19,17,88,97,2023-04-20,Munich,BMW Open,Outdoor,Clay,1.8,2.0,1
Zverev A.,19,500,346,154,60,31,286,123,O Connell C.,74,65,26,39,0,0,26,39,2023-04-20,Munich,BMW Open,Outdoor,Clay,1.14,5.5,0
Van De Zandschulp B.,44,117,63,54,11,11,52,43,Karatsev A.,75,136,66,70,10,22,56,48,2023-04-20,Munich,BMW Open,Outdoor,Clay,1.44,2.75,1
Fucsovics M.,67,249,121,128,26,24,95,104,Fritz T.,9,356,205,151,26,22,179,129,2023-04-20,Munich,BMW Open,Outdoor,Clay,3.5,1.3,0
Altmaier D.,51,79,28,51,1,5,27,46,Karatsev A.,75,136,66,70,10,22,56,48,2023-04-20,Munich,BMW Open,Outdoor,Clay,1.8,2.0,0
Hanfmann Y.,50,99,50,49,5,4,45,45,Rune H.,6,131,83,48,28,9,55,39,2023-04-20,Munich,BMW Open,Outdoor,Clay,3.75,1.29,0
Shelbayh A.,240,6,1,5,0,0,1,5,Kecmanovic M.,40,210,107,103,12,16,95,87,2023-04-20,Banja Luka,Srpska Open,Outdoor,Clay,4.5,1.2,0
Dimitrov G.,20,651,389,262,79,50,310,212,De Minaur A.,19,272,161,111,30,19,131,92,2023-04-20,Barcelona,Barcelona Open,Outdoor,Clay,1.8,2.0,0
Bautista Agut R.,25,379,234,145,31,29,203,116,Alcaraz C.,1,164,130,34,10,5,120,29,2023-04-20,Barcelona,Barcelona Open,Outdoor,Clay,10.0,1.06,0
Musetti L.,18,143,79,64,12,12,67,52,Norrie C.,13,287,172,115,15,18,157,97,2023-04-20,Barcelona,Barcelona Open,Outdoor,Clay,1.91,1.91,1
Shapovalov D.,29,298,166,132,30,27,136,105,Tsitsipas S.,5,390,264,126,49,32,215,94,2023-04-20,Barcelona,Barcelona Open,Outdoor,Clay,4.5,1.2,0
Ruusuvuori E.,55,158,79,79,16,18,63,61,Davidovich Fokina A.,39,168,84,84,17,20,67,64,2023-04-20,Barcelona,Barcelona Open,Outdoor,Clay,3.0,1.4,0
Barrere G.,59,79,31,48,11,16,20,32,Lajovic D.,66,378,163,215,21,36,142,179,2023-04-20,Banja Luka,Srpska Open,Outdoor,Clay,3.2,1.36,0
Nishioka Y.,31,215,99,116,15,15,84,101,Sinner J.,8,224,153,71,42,19,111,52,2023-04-20,Barcelona,Barcelona Open,Outdoor,Clay,11.0,1.05,0
Evans D.,30,251,124,127,18,16,106,111,Khachanov K.,11,378,217,161,44,38,173,123,2023-04-20,Barcelona,Barcelona Open,Outdoor,Clay,4.0,1.25,1
Gasquet R.,48,948,581,367,133,82,448,285,Dzumhur D.,202,234,107,127,31,29,76,98,2023-04-20,Banja Luka,Srpska Open,Outdoor,Clay,1.44,2.75,0
Lehecka J.,33,61,30,31,4,4,26,27,Albot R.,97,215,86,129,26,26,60,103,2023-04-20,Banja Luka,Srpska Open,Outdoor,Clay,1.22,4.33,1
Rublev A.,7,392,255,137,57,34,198,103,Varillas J. P.,1345,20,9,11,2,1,7,10,2023-04-20,Banja Luka,Srpska Open,Outdoor,Clay,1.17,5.0,1
Cerundolo F.,21,104,58,46,3,7,55,39,Ruud C.,4,275,176,99,19,16,157,83,2023-04-20,Barcelona,Barcelona Open,Outdoor,Clay,2.75,1.44,1
Huesler M.A.,88,58,21,37,8,8,13,29,Thiem D.,116,517,327,190,53,39,274,151,2023-04-21,Munich,BMW Open,Outdoor,Clay,3.4,1.33,0
Cobolli F.,148,14,5,9,0,1,5,8,O Connell C.,74,65,26,39,0,0,26,39,2023-04-21,Munich,BMW Open,Outdoor,Clay,2.75,1.44,0
Rune H.,6,131,83,48,28,9,55,39,Garin C.,101,190,103,87,15,13,88,74,2023-04-21,Munich,BMW Open,Outdoor,Clay,1.25,4.0,1
Fritz T.,9,356,205,151,26,22,179,129,Thiem D.,116,517,327,190,53,39,274,151,2023-04-21,Munich,BMW Open,Outdoor,Clay,1.53,2.5,1
Giron M.,69,150,68,82,20,14,48,68,Van De Zandschulp B.,44,117,63,54,11,11,52,43,2023-04-21,Munich,BMW Open,Outdoor,Clay,3.0,1.4,0
Molcan A.,120,86,45,41,1,6,44,35,Djere L.,38,243,120,123,10,22,110,101,2023-04-21,Banja Luka,Srpska Open,Outdoor,Clay,2.5,1.53,1
Tsitsipas S.,5,390,264,126,49,32,215,94,De Minaur A.,19,272,161,111,30,19,131,92,2023-04-21,Barcelona,Barcelona Open,Outdoor,Clay,1.22,4.33,1
Sinner J.,8,224,153,71,42,19,111,52,Musetti L.,18,143,79,64,12,12,67,52,2023-04-21,Barcelona,Barcelona Open,Outdoor,Clay,1.36,3.2,0
Dzumhur D.,202,234,107,127,31,29,76,98,Rublev A.,7,392,255,137,57,34,198,103,2023-04-21,Banja Luka,Srpska Open,Outdoor,Clay,10.0,1.06,0
Lehecka J.,33,61,30,31,4,4,26,27,Kecmanovic M.,40,210,107,103,12,16,95,87,2023-04-21,Banja Luka,Srpska Open,Outdoor,Clay,1.4,3.0,0
Lajovic D.,66,378,163,215,21,36,142,179,Djokovic N.,2,1207,1012,195,146,42,866,153,2023-04-21,Banja Luka,Srpska Open,Outdoor,Clay,8.0,1.08,1
Alcaraz C.,1,164,130,34,10,5,120,29,Davidovich Fokina A.,39,168,84,84,17,20,67,64,2023-04-21,Barcelona,Barcelona Open,Outdoor,Clay,1.08,8.0,1
Evans D.,30,251,124,127,18,16,106,111,Cerundolo F.,21,104,58,46,3,7,55,39,2023-04-21,Barcelona,Barcelona Open,Outdoor,Clay,3.4,1.33,1
Van De Zandschulp B.,44,117,63,54,11,11,52,43,Fritz T.,9,356,205,151,26,22,179,129,2023-04-22,Munich,BMW Open,Outdoor,Clay,2.75,1.44,1
Kecmanovic M.,40,210,107,103,12,16,95,87,Lajovic D.,66,378,163,215,21,36,142,179,2023-04-22,Banja Luka,Srpska Open,Outdoor,Clay,1.67,2.2,0
Rublev A.,7,392,255,137,57,34,198,103,Molcan A.,120,86,45,41,1,6,44,35,2023-04-22,Banja Luka,Srpska Open,Outdoor,Clay,1.17,5.0,1
Musetti L.,18,143,79,64,12,12,67,52,Tsitsipas S.,5,390,264,126,49,32,215,94,2023-04-22,Barcelona,Barcelona Open,Outdoor,Clay,3.4,1.33,0
Alcaraz C.,1,164,130,34,10,5,120,29,Evans D.,30,251,124,127,18,16,106,111,2023-04-22,Barcelona,Barcelona Open,Outdoor,Clay,1.05,11.0,1
Rune H.,6,131,83,48,28,9,55,39,O Connell C.,74,65,26,39,0,0,26,39,2023-04-22,Munich,BMW Open,Outdoor,Clay,1.2,4.5,1
Rune H.,6,131,83,48,28,9,55,39,Van De Zandschulp B.,44,117,63,54,11,11,52,43,2023-04-23,Munich,BMW Open,Outdoor,Clay,1.25,4.0,1
Tsitsipas S.,5,390,264,126,49,32,215,94,Alcaraz C.,1,164,130,34,10,5,120,29,2023-04-23,Barcelona,Barcelona Open,Outdoor,Clay,4.0,1.25,0
Lajovic D.,66,378,163,215,21,36,142,179,Rublev A.,7,392,255,137,57,34,198,103,2023-04-23,Banja Luka,Srpska Open,Outdoor,Clay,4.0,1.25,1
Gasquet R.,48,948,581,367,133,82,448,285,Landaluce M.,720,3,0,3,0,1,0,2,2023-04-26,Madrid,Mutua Madrid Open,Outdoor,Clay,1.14,5.5,1
Monteiro T.,121,171,69,102,9,11,60,91,Gojo B.,115,14,3,11,0,1,3,10,2023-04-26,Madrid,Mutua Madrid Open,Outdoor,Clay,1.91,1.91,1
Munar J.,104,178,75,103,7,12,68,91,Kokkinakis T.,86,124,55,69,0,4,55,65,2023-04-26,Madrid,Mutua Madrid Open,Outdoor,Clay,1.8,2.0,1
Ruusuvuori E.,55,158,79,79,16,18,63,61,Humbert U.,36,170,80,90,23,21,57,69,2023-04-26,Madrid,Mutua Madrid Open,Outdoor,Clay,1.5,2.63,1
Arnaldi M.,76,18,9,9,0,0,9,9,Paire B.,149,527,237,290,39,56,198,234,2023-04-26,Madrid,Mutua Madrid Open,Outdoor,Clay,1.53,2.5,1
Otte O.,233,78,33,45,6,14,27,31,Kotov P.,89,25,10,15,1,4,9,11,2023-04-26,Madrid,Mutua Madrid Open,Outdoor,Clay,1.73,2.1,1
Schwartzman D.,95,428,233,195,32,27,201,168,Grenier H.,122,16,5,11,1,2,4,9,2023-04-26,Madrid,Mutua Madrid Open,Outdoor,Clay,1.25,4.0,0
Wawrinka S.,72,854,535,319,84,69,451,250,Cressy M.,96,96,42,54,10,11,32,43,2023-04-26,Madrid,Mutua Madrid Open,Outdoor,Clay,1.44,2.75,1
Ramos-Vinolas A.,82,437,204,233,17,31,187,202,Ivashka I.,113,159,78,81,19,18,59,63,2023-04-26,Madrid,Mutua Madrid Open,Outdoor,Clay,2.2,1.67,1
Carballes Baena R.,64,207,91,116,11,10,80,106,Goffin D.,123,522,296,226,66,52,230,174,2023-04-26,Madrid,Mutua Madrid Open,Outdoor,Clay,1.5,2.63,1
Galan D.E.,76,78,33,45,3,5,30,40,Bublik A.,25,219,110,109,39,30,71,79,2023-04-26,Madrid,Mutua Madrid Open,Outdoor,Clay,2.0,1.8,0
Popyrin A.,90,140,59,81,9,13,50,68,Halys Q.,79,72,23,49,3,10,20,39,2023-04-26,Madrid,Mutua Madrid Open,Outdoor,Clay,2.2,1.67,0
Wu Y.,90,36,15,21,5,0,10,21,Molcan A.,120,86,45,41,1,6,44,35,2023-04-26,Madrid,Mutua Madrid Open,Outdoor,Clay,3.0,1.4,0
Barrere G.,59,79,31,48,11,16,20,32,Nava E.,242,13,2,11,0,0,2,11,2023-04-26,Madrid,Mutua Madrid Open,Outdoor,Clay,1.53,2.5,1
Chardy J.,542,591,289,302,44,48,245,254,Gaston H.,109,58,24,34,5,9,19,25,2023-04-26,Madrid,Mutua Madrid Open,Outdoor,Clay,3.5,1.3,0
Varillas J. P.,1345,20,9,11,2,1,7,10,Hanfmann Y.,50,99,50,49,5,4,45,45,2023-04-26,Madrid,Mutua Madrid Open,Outdoor,Clay,2.75,1.44,0
Fucsovics M.,67,249,121,128,26,24,95,104,Cecchinato M.,108,204,79,125,2,14,77,111,2023-04-27,Madrid,Mutua Madrid Open,Outdoor,Clay,1.57,2.38,0
O Connell C.,74,65,26,39,0,0,26,39,Krajinovic F.,93,240,115,125,38,34,77,91,2023-04-27,Madrid,Mutua Madrid Open,Outdoor,Clay,1.67,2.2,1
Borges N.,69,28,10,18,1,1,9,17,Giron M.,69,150,68,82,20,14,48,68,2023-04-27,Madrid,Mutua Madrid Open,Outdoor,Clay,1.73,2.1,0
Lajovic D.,66,378,163,215,21,36,142,179,Kubler J.,77,53,24,29,0,1,24,28,2023-04-27,Madrid,Mutua Madrid Open,Outdoor,Clay,1.53,2.5,1
Mcdonald M.,60,190,87,103,11,15,76,88,Zapata Miralles B.,54,80,32,48,1,6,31,42,2023-04-27,Madrid,Mutua Madrid Open,Outdoor,Clay,2.38,1.57,0
Djere L.,38,243,120,123,10,22,110,101,Karatsev A.,75,136,66,70,10,22,56,48,2023-04-27,Madrid,Mutua Madrid Open,Outdoor,Clay,1.62,2.3,0
Struff J.L.,21,369,170,199,43,42,127,157,Sonego L.,43,221,107,114,19,17,88,97,2023-04-27,Madrid,Mutua Madrid Open,Outdoor,Clay,2.1,1.73,1
Vavassori A.,128,12,5,7,1,1,4,6,Murray A.,44,932,687,245,132,47,555,198,2023-04-27,Madrid,Mutua Madrid Open,Outdoor,Clay,2.3,1.62,1
Garin C.,101,190,103,87,15,13,88,74,Huesler M.A.,88,58,21,37,8,8,13,29,2023-04-27,Madrid,Mutua Madrid Open,Outdoor,Clay,1.29,3.75,1
Moutet C.,80,118,50,68,5,11,45,57,Watanuki Y.,99,25,11,14,0,0,11,14,2023-04-27,Madrid,Mutua Madrid Open,Outdoor,Clay,2.63,1.5,0
Zhang Zh.,53,44,20,24,1,2,19,22,Rodionov J.,118,26,9,17,2,3,7,14,2023-04-27,Madrid,Mutua Madrid Open,Outdoor,Clay,2.1,1.73,1
Thiem D.,116,517,327,190,53,39,274,151,Edmund K.,473,233,113,120,19,10,94,110,2023-04-27,Madrid,Mutua Madrid Open,Outdoor,Clay,1.14,5.5,1
Safiullin R.,92,42,20,22,7,7,13,15,Jarry N.,28,141,73,68,9,6,64,62,2023-04-27,Madrid,Mutua Madrid Open,Outdoor,Clay,3.2,1.36,1
Wolf J.J.,45,75,39,36,8,6,31,30,Shevchenko A.,93,20,8,12,0,2,8,10,2023-04-27,Madrid,Mutua Madrid Open,Outdoor,Clay,2.5,1.53,0
Etcheverry T.,34,60,26,34,5,3,21,31,Mannarino A.,27,567,264,303,60,73,204,230,2023-04-27,Madrid,Mutua Madrid Open,Outdoor,Clay,1.2,4.5,1
Shelbayh A.,240,6,1,5,0,0,1,5,Cachin P.,54,52,23,29,1,3,22,26,2023-04-27,Madrid,Mutua Madrid Open,Outdoor,Clay,3.0,1.4,0
Carballes Baena R.,64,207,91,116,11,10,80,106,Zverev A.,19,500,346,154,60,31,286,123,2023-04-28,Madrid,Mutua Madrid Open,Outdoor,Clay,4.33,1.22,0
Ramos-Vinolas A.,82,437,204,233,17,31,187,202,Davidovich Fokina A.,39,168,84,84,17,20,67,64,2023-04-28,Madrid,Mutua Madrid Open,Outdoor,Clay,4.5,1.2,0
Rune H.,6,131,83,48,28,9,55,39,Bublik A.,25,219,110,109,39,30,71,79,2023-04-28,Madrid,Mutua Madrid Open,Outdoor,Clay,1.13,6.0,1
Gasquet R.,48,948,581,367,133,82,448,285,Hurkacz H.,17,238,137,101,27,24,110,77,2023-04-28,Madrid,Mutua Madrid Open,Outdoor,Clay,4.0,1.25,0
Korda S.,26,126,75,51,15,9,60,42,Grenier H.,122,16,5,11,1,2,4,9,2023-04-28,Madrid,Mutua Madrid Open,Outdoor,Clay,1.33,3.4,0
Coric B.,15,343,185,158,28,28,157,130,Gaston H.,109,58,24,34,5,9,19,25,2023-04-28,Madrid,Mutua Madrid Open,Outdoor,Clay,1.44,2.75,1
Halys Q.,79,72,23,49,3,10,20,39,Bautista Agut R.,25,379,234,145,31,29,203,116,2023-04-28,Madrid,Mutua Madrid Open,Outdoor,Clay,2.2,1.67,0
Alcaraz C.,1,164,130,34,10,5,120,29,Ruusuvuori E.,55,158,79,79,16,18,63,61,2023-04-28,Madrid,Mutua Madrid Open,Outdoor,Clay,1.04,13.0,1
Khachanov K.,11,378,217,161,44,38,173,123,Monteiro T.,121,171,69,102,9,11,60,91,2023-04-28,Madrid,Mutua Madrid Open,Outdoor,Clay,1.25,4.0,1
Barrere G.,59,79,31,48,11,16,20,32,Dimitrov G.,20,651,389,262,79,50,310,212,2023-04-28,Madrid,Mutua Madrid Open,Outdoor,Clay,5.0,1.17,0
Rublev A.,7,392,255,137,57,34,198,103,Wawrinka S.,72,854,535,319,84,69,451,250,2023-04-28,Madrid,Mutua Madrid Open,Outdoor,Clay,1.29,3.75,1
Musetti L.,18,143,79,64,12,12,67,52,Hanfmann Y.,50,99,50,49,5,4,45,45,2023-04-28,Madrid,Mutua Madrid Open,Outdoor,Clay,1.4,3.0,0
Molcan A.,120,86,45,41,1,6,44,35,Nishioka Y.,31,215,99,116,15,15,84,101,2023-04-28,Madrid,Mutua Madrid Open,Outdoor,Clay,1.57,2.38,0
Altmaier D.,51,79,28,51,1,5,27,46,Otte O.,233,78,33,45,6,14,27,31,2023-04-28,Madrid,Mutua Madrid Open,Outdoor,Clay,2.0,1.8,1
Munar J.,104,178,75,103,7,12,68,91,Griekspoor T.,37,97,47,50,7,14,40,36,2023-04-28,Madrid,Mutua Madrid Open,Outdoor,Clay,2.0,1.8,1
Ruud C.,4,275,176,99,19,16,157,83,Arnaldi M.,76,18,9,9,0,0,9,9,2023-04-28,Madrid,Mutua Madrid Open,Outdoor,Clay,1.17,5.0,0
Thiem D.,116,517,327,190,53,39,274,151,Tsitsipas S.,5,390,264,126,49,32,215,94,2023-04-29,Madrid,Mutua Madrid Open,Outdoor,Clay,4.5,1.2,0
Zhang Zh.,53,44,20,24,1,2,19,22,Shapovalov D.,29,298,166,132,30,27,136,105,2023-04-29,Madrid,Mutua Madrid Open,Outdoor,Clay,2.75,1.44,1
Watanuki Y.,99,25,11,14,0,0,11,14,Norrie C.,13,287,172,115,15,18,157,97,2023-04-29,Madrid,Mutua Madrid Open,Outdoor,Clay,4.0,1.25,0
Cachin P.,54,52,23,29,1,3,22,26,Cerundolo F.,21,104,58,46,3,7,55,39,2023-04-29,Madrid,Mutua Madrid Open,Outdoor,Clay,3.5,1.3,1
Kecmanovic M.,40,210,107,103,12,16,95,87,Garin C.,101,190,103,87,15,13,88,74,2023-04-29,Madrid,Mutua Madrid Open,Outdoor,Clay,1.91,1.91,0
Etcheverry T.,34,60,26,34,5,3,21,31,Tiafoe F.,10,303,158,145,24,23,134,122,2023-04-29,Madrid,Mutua Madrid Open,Outdoor,Clay,2.3,1.62,0
Fritz T.,9,356,205,151,26,22,179,129,O Connell C.,74,65,26,39,0,0,26,39,2023-04-29,Madrid,Mutua Madrid Open,Outdoor,Clay,1.3,3.5,1
Giron M.,69,150,68,82,20,14,48,68,Baez S.,72,95,47,48,6,6,41,42,2023-04-29,Madrid,Mutua Madrid Open,Outdoor,Clay,2.5,1.53,0
Shelton B.,43,34,13,21,0,0,13,21,Struff J.L.,21,369,170,199,43,42,127,157,2023-04-29,Madrid,Mutua Madrid Open,Outdoor,Clay,2.75,1.44,0
Evans D.,30,251,124,127,18,16,106,111,Zapata Miralles B.,54,80,32,48,1,6,31,42,2023-04-29,Madrid,Mutua Madrid Open,Outdoor,Clay,1.73,2.1,0
Lajovic D.,66,378,163,215,21,36,142,179,Auger-Aliassime F.,12,268,163,105,48,22,115,83,2023-04-29,Madrid,Mutua Madrid Open,Outdoor,Clay,2.1,1.73,1
Van De Zandschulp B.,44,117,63,54,11,11,52,43,Karatsev A.,75,136,66,70,10,22,56,48,2023-04-29,Madrid,Mutua Madrid Open,Outdoor,Clay,1.44,2.75,0
Paul T.,14,204,111,93,19,13,92,80,Safiullin R.,92,42,20,22,7,7,13,15,2023-04-29,Madrid,Mutua Madrid Open,Outdoor,Clay,1.5,2.63,0
Vavassori A.,128,12,5,7,1,1,4,6,Medvedev D.,3,406,289,117,69,27,220,90,2023-04-29,Madrid,Mutua Madrid Open,Outdoor,Clay,6.5,1.11,0
Shevchenko A.,93,20,8,12,0,2,8,10,Lehecka J.,33,61,30,31,4,4,26,27,2023-04-29,Madrid,Mutua Madrid Open,Outdoor,Clay,3.2,1.36,1
De Minaur A.,19,272,161,111,30,19,131,92,Cecchinato M.,108,204,79,125,2,14,77,111,2023-04-29,Madrid,Mutua Madrid Open,Outdoor,Clay,1.44,2.75,1
Davidovich Fokina A.,39,168,84,84,17,20,67,64,Rune H.,6,131,83,48,28,9,55,39,2023-04-30,Madrid,Mutua Madrid Open,Outdoor,Clay,2.75,1.44,1
Altmaier D.,51,79,28,51,1,5,27,46,Hanfmann Y.,50,99,50,49,5,4,45,45,2023-04-30,Madrid,Mutua Madrid Open,Outdoor,Clay,2.75,1.44,1
Alcaraz C.,1,164,130,34,10,5,120,29,Dimitrov G.,20,651,389,262,79,50,310,212,2023-04-30,Madrid,Mutua Madrid Open,Outdoor,Clay,1.1,7.0,1
Coric B.,15,343,185,158,28,28,157,130,Hurkacz H.,17,238,137,101,27,24,110,77,2023-04-30,Madrid,Mutua Madrid Open,Outdoor,Clay,2.63,1.5,1
Munar J.,104,178,75,103,7,12,68,91,Arnaldi M.,76,18,9,9,0,0,9,9,2023-04-30,Madrid,Mutua Madrid Open,Outdoor,Clay,2.0,1.8,1
Nishioka Y.,31,215,99,116,15,15,84,101,Rublev A.,7,392,255,137,57,34,198,103,2023-04-30,Madrid,Mutua Madrid Open,Outdoor,Clay,5.5,1.14,0
Khachanov K.,11,378,217,161,44,38,173,123,Bautista Agut R.,25,379,234,145,31,29,203,116,2023-04-30,Madrid,Mutua Madrid Open,Outdoor,Clay,1.57,2.38,1
Zverev A.,19,500,346,154,60,31,286,123,Grenier H.,122,16,5,11,1,2,4,9,2023-04-30,Madrid,Mutua Madrid Open,Outdoor,Clay,1.1,7.0,1
Fritz T.,9,356,205,151,26,22,179,129,Garin C.,101,190,103,87,15,13,88,74,2023-05-01,Madrid,Mutua Madrid Open,Outdoor,Clay,1.44,2.75,1
Zhang Zh.,53,44,20,24,1,2,19,22,Norrie C.,13,287,172,115,15,18,157,97,2023-05-01,Madrid,Mutua Madrid Open,Outdoor,Clay,4.33,1.22,1
Zapata Miralles B.,54,80,32,48,1,6,31,42,Safiullin R.,92,42,20,22,7,7,13,15,2023-05-01,Madrid,Mutua Madrid Open,Outdoor,Clay,1.57,2.38,1
Baez S.,72,95,47,48,6,6,41,42,Tsitsipas S.,5,390,264,126,49,32,215,94,2023-05-01,Madrid,Mutua Madrid Open,Outdoor,Clay,5.5,1.14,0
De Minaur A.,19,272,161,111,30,19,131,92,Karatsev A.,75,136,66,70,10,22,56,48,2023-05-01,Madrid,Mutua Madrid Open,Outdoor,Clay,1.57,2.38,0
Struff J.L.,21,369,170,199,43,42,127,157,Lajovic D.,66,378,163,215,21,36,142,179,2023-05-01,Madrid,Mutua Madrid Open,Outdoor,Clay,2.2,1.67,1
Shevchenko A.,93,20,8,12,0,2,8,10,Medvedev D.,3,406,289,117,69,27,220,90,2023-05-01,Madrid,Mutua Madrid Open,Outdoor,Clay,6.0,1.13,0
Tiafoe F.,10,303,158,145,24,23,134,122,Cachin P.,54,52,23,29,1,3,22,26,2023-05-01,Madrid,Mutua Madrid Open,Outdoor,Clay,1.29,3.75,0
Altmaier D.,51,79,28,51,1,5,27,46,Munar J.,104,178,75,103,7,12,68,91,2023-05-02,Madrid,Mutua Madrid Open,Outdoor,Clay,2.38,1.57,1
Khachanov K.,11,378,217,161,44,38,173,123,Rublev A.,7,392,255,137,57,34,198,103,2023-05-02,Madrid,Mutua Madrid Open,Outdoor,Clay,2.63,1.5,1
Karatsev A.,75,136,66,70,10,22,56,48,Medvedev D.,3,406,289,117,69,27,220,90,2023-05-02,Madrid,Mutua Madrid Open,Outdoor,Clay,3.75,1.29,1
Davidovich Fokina A.,39,168,84,84,17,20,67,64,Coric B.,15,343,185,158,28,28,157,130,2023-05-02,Madrid,Mutua Madrid Open,Outdoor,Clay,1.53,2.5,0
Alcaraz C.,1,164,130,34,10,5,120,29,Zverev A.,19,500,346,154,60,31,286,123,2023-05-02,Madrid,Mutua Madrid Open,Outdoor,Clay,1.22,4.33,1
Fritz T.,9,356,205,151,26,22,179,129,Zhang Zh.,53,44,20,24,1,2,19,22,2023-05-02,Madrid,Mutua Madrid Open,Outdoor,Clay,1.17,5.0,0
Struff J.L.,21,369,170,199,43,42,127,157,Cachin P.,54,52,23,29,1,3,22,26,2023-05-02,Madrid,Mutua Madrid Open,Outdoor,Clay,1.62,2.3,1
Zapata Miralles B.,54,80,32,48,1,6,31,42,Tsitsipas S.,5,390,264,126,49,32,215,94,2023-05-02,Madrid,Mutua Madrid Open,Outdoor,Clay,5.5,1.14,0
Altmaier D.,51,79,28,51,1,5,27,46,Coric B.,15,343,185,158,28,28,157,130,2023-05-03,Madrid,Mutua Madrid Open,Outdoor,Clay,2.63,1.5,0
Alcaraz C.,1,164,130,34,10,5,120,29,Khachanov K.,11,378,217,161,44,38,173,123,2023-05-03,Madrid,Mutua Madrid Open,Outdoor,Clay,1.07,9.0,1
Karatsev A.,75,136,66,70,10,22,56,48,Zhang Zh.,53,44,20,24,1,2,19,22,2023-05-04,Madrid,Mutua Madrid Open,Outdoor,Clay,1.57,2.38,1
Struff J.L.,21,369,170,199,43,42,127,157,Tsitsipas S.,5,390,264,126,49,32,215,94,2023-05-04,Madrid,Mutua Madrid Open,Outdoor,Clay,4.5,1.2,1
Alcaraz C.,1,164,130,34,10,5,120,29,Coric B.,15,343,185,158,28,28,157,130,2023-05-05,Madrid,Mutua Madrid Open,Outdoor,Clay,1.06,10.0,1
Struff J.L.,21,369,170,199,43,42,127,157,Karatsev A.,75,136,66,70,10,22,56,48,2023-05-05,Madrid,Mutua Madrid Open,Outdoor,Clay,2.0,1.8,1
Struff J.L.,21,369,170,199,43,42,127,157,Alcaraz C.,1,164,130,34,10,5,120,29,2023-05-07,Madrid,Mutua Madrid Open,Outdoor,Clay,10.0,1.06,0
Rinderknech A.,67,96,46,50,16,12,30,38,Cobolli F.,148,14,5,9,0,1,5,8,2023-05-10,Rome,Internazionali BNL d'Italia,Outdoor,Clay,3.0,1.4,1
Fognini F.,128,742,383,359,39,48,344,311,Murray A.,44,932,687,245,132,47,555,198,2023-05-10,Rome,Internazionali BNL d'Italia,Outdoor,Clay,2.63,1.5,1
Giron M.,69,150,68,82,20,14,48,68,Safiullin R.,92,42,20,22,7,7,13,15,2023-05-10,Rome,Internazionali BNL d'Italia,Outdoor,Clay,2.38,1.57,0
Popyrin A.,90,140,59,81,9,13,50,68,O Connell C.,74,65,26,39,0,0,26,39,2023-05-10,Rome,Internazionali BNL d'Italia,Outdoor,Clay,1.8,2.0,1
Munar J.,104,178,75,103,7,12,68,91,Kokkinakis T.,86,124,55,69,0,4,55,65,2023-05-10,Rome,Internazionali BNL d'Italia,Outdoor,Clay,2.1,1.73,0
Barrere G.,59,79,31,48,11,16,20,32,Nakashima B.,70,106,57,49,6,5,51,44,2023-05-10,Rome,Internazionali BNL d'Italia,Outdoor,Clay,2.1,1.73,1
Bublik A.,25,219,110,109,39,30,71,79,Martinez P.,135,118,50,68,7,6,43,62,2023-05-10,Rome,Internazionali BNL d'Italia,Outdoor,Clay,2.2,1.67,1
Cerundolo J.M.,106,29,12,17,2,3,10,14,Fils A.,71,24,15,9,6,3,9,6,2023-05-10,Rome,Internazionali BNL d'Italia,Outdoor,Clay,2.0,1.8,0
Wu Y.,90,36,15,21,5,0,10,21,Gasquet R.,48,948,581,367,133,82,448,285,2023-05-10,Rome,Internazionali BNL d'Italia,Outdoor,Clay,3.0,1.4,1
Garin C.,101,190,103,87,15,13,88,74,Cachin P.,54,52,23,29,1,3,22,26,2023-05-10,Rome,Internazionali BNL d'Italia,Outdoor,Clay,1.57,2.38,1
Djere L.,38,243,120,123,10,22,110,101,Lestienne C.,109,40,13,27,6,9,7,18,2023-05-10,Rome,Internazionali BNL d'Italia,Outdoor,Clay,1.13,6.0,1
Baez S.,72,95,47,48,6,6,41,42,Varillas J.P.,77,22,10,12,1,3,9,9,2023-05-10,Rome,Internazionali BNL d'Italia,Outdoor,Clay,1.4,3.0,1
Van Assche L.,68,20,7,13,0,3,7,10,Etcheverry T.,34,60,26,34,5,3,21,31,2023-05-10,Rome,Internazionali BNL d'Italia,Outdoor,Clay,2.2,1.67,0
Krajinovic F.,93,240,115,125,38,34,77,91,Fucsovics M.,67,249,121,128,26,24,95,104,2023-05-10,Rome,Internazionali BNL d'Italia,Outdoor,Clay,2.0,1.8,0
Ivashka I.,113,159,78,81,19,18,59,63,Wawrinka S.,72,854,535,319,84,69,451,250,2023-05-10,Rome,Internazionali BNL d'Italia,Outdoor,Clay,2.63,1.5,0
Muller A.,81,22,9,13,0,1,9,12,Edmund K.,473,233,113,120,19,10,94,110,2023-05-10,Rome,Internazionali BNL d'Italia,Outdoor,Clay,1.25,4.0,1
Arnaldi M.,76,18,9,9,0,0,9,9,Schwartzman D.,95,428,233,195,32,27,201,168,2023-05-11,Rome,Internazionali BNL d'Italia,Outdoor,Clay,1.57,2.38,1
Molcan A.,120,86,45,41,1,6,44,35,Napolitano S.,555,4,1,3,0,0,1,3,2023-05-11,Rome,Internazionali BNL d'Italia,Outdoor,Clay,1.17,5.0,1
Grenier H.,122,16,5,11,1,2,4,9,Wolf J.J.,45,75,39,36,8,6,31,30,2023-05-11,Rome,Internazionali BNL d'Italia,Outdoor,Clay,2.2,1.67,0
Hanfmann Y.,50,99,50,49,5,4,45,45,Jarry N.,28,141,73,68,9,6,64,62,2023-05-11,Rome,Internazionali BNL d'Italia,Outdoor,Clay,2.0,1.8,1
Moutet C.,80,118,50,68,5,11,45,57,Marozsan F.,87,7,4,3,0,0,4,3,2023-05-11,Rome,Internazionali BNL d'Italia,Outdoor,Clay,2.38,1.57,0
Lajovic D.,66,378,163,215,21,36,142,179,Borges N.,69,28,10,18,1,1,9,17,2023-05-11,Rome,Internazionali BNL d'Italia,Outdoor,Clay,1.36,3.2,0
Sonego L.,43,221,107,114,19,17,88,97,Chardy J.,542,591,289,302,44,48,245,254,2023-05-11,Rome,Internazionali BNL d'Italia,Outdoor,Clay,1.08,8.0,1
Passaro F.,126,10,3,7,1,1,2,6,Ramos-Vinolas A.,82,437,204,233,17,31,187,202,2023-05-11,Rome,Internazionali BNL d'Italia,Outdoor,Clay,2.0,1.8,0
Pella G.,199,260,118,142,14,16,104,126,Cressy M.,96,96,42,54,10,11,32,43,2023-05-11,Rome,Internazionali BNL d'Italia,Outdoor,Clay,2.0,1.8,1
Ruusuvuori E.,55,158,79,79,16,18,63,61,Humbert U.,36,170,80,90,23,21,57,69,2023-05-11,Rome,Internazionali BNL d'Italia,Outdoor,Clay,1.62,2.3,1
Goffin D.,123,522,296,226,66,52,230,174,Nardi L.,151,11,2,9,1,3,1,6,2023-05-11,Rome,Internazionali BNL d'Italia,Outdoor,Clay,1.5,2.63,1
Monteiro T.,121,171,69,102,9,11,60,91,Mannarino A.,27,567,264,303,60,73,204,230,2023-05-11,Rome,Internazionali BNL d'Italia,Outdoor,Clay,1.44,2.75,1
Huesler M.A.,88,58,21,37,8,8,13,29,Kubler J.,77,53,24,29,0,1,24,28,2023-05-11,Rome,Internazionali BNL d'Italia,Outdoor,Clay,2.0,1.8,0
Carballes Baena R.,64,207,91,116,11,10,80,106,Dellien H.,164,70,22,48,5,5,17,43,2023-05-11,Rome,Internazionali BNL d'Italia,Outdoor,Clay,1.44,2.75,1
Zeppieri G.,129,13,4,9,0,1,4,8,Altmaier D.,51,79,28,51,1,5,27,46,2023-05-11,Rome,Internazionali BNL d'Italia,Outdoor,Clay,2.5,1.53,0
Cecchinato M.,108,204,79,125,2,14,77,111,Mcdonald M.,60,190,87,103,11,15,76,88,2023-05-11,Rome,Internazionali BNL d'Italia,Outdoor,Clay,1.57,2.38,1
Barrere G.,59,79,31,48,11,16,20,32,Khachanov K.,11,378,217,161,44,38,173,123,2023-05-12,Rome,Internazionali BNL d'Italia,Outdoor,Clay,5.5,1.14,1
Rinderknech A.,67,96,46,50,16,12,30,38,Ruud C.,4,275,176,99,19,16,157,83,2023-05-12,Rome,Internazionali BNL d'Italia,Outdoor,Clay,5.0,1.17,0
Rune H.,6,131,83,48,28,9,55,39,Fils A.,71,24,15,9,6,3,9,6,2023-05-12,Rome,Internazionali BNL d'Italia,Outdoor,Clay,1.14,5.5,1
Etcheverry T.,34,60,26,34,5,3,21,31,Djokovic N.,2,1207,1012,195,146,42,866,153,2023-05-12,Rome,Internazionali BNL d'Italia,Outdoor,Clay,6.5,1.11,0
Shelton B.,43,34,13,21,0,0,13,21,Bublik A.,25,219,110,109,39,30,71,79,2023-05-12,Rome,Internazionali BNL d'Italia,Outdoor,Clay,1.73,2.1,0
Fognini F.,128,742,383,359,39,48,344,311,Kecmanovic M.,40,210,107,103,12,16,95,87,2023-05-12,Rome,Internazionali BNL d'Italia,Outdoor,Clay,2.5,1.53,1
Djere L.,38,243,120,123,10,22,110,101,Van De Zandschulp B.,44,117,63,54,11,11,52,43,2023-05-12,Rome,Internazionali BNL d'Italia,Outdoor,Clay,1.91,1.91,1
Garin C.,101,190,103,87,15,13,88,74,Paul T.,14,204,111,93,19,13,92,80,2023-05-12,Rome,Internazionali BNL d'Italia,Outdoor,Clay,1.8,2.0,1
Dimitrov G.,20,651,389,262,79,50,310,212,Wawrinka S.,72,854,535,319,84,69,451,250,2023-05-12,Rome,Internazionali BNL d'Italia,Outdoor,Clay,1.8,2.0,1
Shevchenko A.,93,20,8,12,0,2,8,10,Baez S.,72,95,47,48,6,6,41,42,2023-05-12,Rome,Internazionali BNL d'Italia,Outdoor,Clay,2.63,1.5,1
De Minaur A.,19,272,161,111,30,19,131,92,Fucsovics M.,67,249,121,128,26,24,95,104,2023-05-12,Rome,Internazionali BNL d'Italia,Outdoor,Clay,1.62,2.3,0
Korda S.,26,126,75,51,15,9,60,42,Safiullin R.,92,42,20,22,7,7,13,15,2023-05-12,Rome,Internazionali BNL d'Italia,Outdoor,Clay,2.2,1.67,0
Kokkinakis T.,86,124,55,69,0,4,55,65,Sinner J.,8,224,153,71,42,19,111,52,2023-05-12,Rome,Internazionali BNL d'Italia,Outdoor,Clay,6.5,1.11,0
Wu Y.,90,36,15,21,5,0,10,21,Cerundolo F.,21,104,58,46,3,7,55,39,2023-05-12,Rome,Internazionali BNL d'Italia,Outdoor,Clay,3.2,1.36,0
Norrie C.,13,287,172,115,15,18,157,97,Muller A.,81,22,9,13,0,1,9,12,2023-05-12,Rome,Internazionali BNL d'Italia,Outdoor,Clay,1.33,3.4,1
Auger-Aliassime F.,12,268,163,105,48,22,115,83,Popyrin A.,90,140,59,81,9,13,50,68,2023-05-12,Rome,Internazionali BNL d'Italia,Outdoor,Clay,1.36,3.2,0
Davidovich Fokina A.,39,168,84,84,17,20,67,64,Pella G.,199,260,118,142,14,16,104,126,2023-05-13,Rome,Internazionali BNL d'Italia,Outdoor,Clay,1.17,5.0,1
Nishioka Y.,31,215,99,116,15,15,84,101,Sonego L.,43,221,107,114,19,17,88,97,2023-05-13,Rome,Internazionali BNL d'Italia,Outdoor,Clay,2.75,1.44,0
Hurkacz H.,17,238,137,101,27,24,110,77,Wolf J.J.,45,75,39,36,8,6,31,30,2023-05-13,Rome,Internazionali BNL d'Italia,Outdoor,Clay,1.29,3.75,0
Ramos-Vinolas A.,82,437,204,233,17,31,187,202,Alcaraz C.,1,164,130,34,10,5,120,29,2023-05-13,Rome,Internazionali BNL d'Italia,Outdoor,Clay,17.0,1.03,0
Kubler J.,77,53,24,29,0,1,24,28,Zapata Miralles B.,54,80,32,48,1,6,31,42,2023-05-13,Rome,Internazionali BNL d'Italia,Outdoor,Clay,2.38,1.57,0
Carballes Baena R.,64,207,91,116,11,10,80,106,Evans D.,30,251,124,127,18,16,106,111,2023-05-13,Rome,Internazionali BNL d'Italia,Outdoor,Clay,1.67,2.2,1
Monteiro T.,121,171,69,102,9,11,60,91,Coric B.,15,343,185,158,28,28,157,130,2023-05-13,Rome,Internazionali BNL d'Italia,Outdoor,Clay,3.2,1.36,0
Molcan A.,120,86,45,41,1,6,44,35,Rublev A.,7,392,255,137,57,34,198,103,2023-05-13,Rome,Internazionali BNL d'Italia,Outdoor,Clay,5.0,1.17,0
Sinner J.,8,224,153,71,42,19,111,52,Shevchenko A.,93,20,8,12,0,2,8,10,2023-05-14,Rome,Internazionali BNL d'Italia,Outdoor,Clay,1.08,8.0,1
Fucsovics M.,67,249,121,128,26,24,95,104,Norrie C.,13,287,172,115,15,18,157,97,2023-05-14,Rome,Internazionali BNL d'Italia,Outdoor,Clay,2.75,1.44,0
Ruud C.,4,275,176,99,19,16,157,83,Bublik A.,25,219,110,109,39,30,71,79,2023-05-14,Rome,Internazionali BNL d'Italia,Outdoor,Clay,1.17,5.0,1
Dimitrov G.,20,651,389,262,79,50,310,212,Djokovic N.,2,1207,1012,195,146,42,866,153,2023-05-14,Rome,Internazionali BNL d'Italia,Outdoor,Clay,5.5,1.14,0
Garin C.,101,190,103,87,15,13,88,74,Djere L.,38,243,120,123,10,22,110,101,2023-05-14,Rome,Internazionali BNL d'Italia,Outdoor,Clay,2.1,1.73,0
Rune H.,6,131,83,48,28,9,55,39,Fognini F.,128,742,383,359,39,48,344,311,2023-05-14,Rome,Internazionali BNL d'Italia,Outdoor,Clay,1.2,4.5,1
Barrere G.,59,79,31,48,11,16,20,32,Cerundolo F.,21,104,58,46,3,7,55,39,2023-05-14,Rome,Internazionali BNL d'Italia,Outdoor,Clay,3.2,1.36,0
Popyrin A.,90,140,59,81,9,13,50,68,Safiullin R.,92,42,20,22,7,7,13,15,2023-05-14,Rome,Internazionali BNL d'Italia,Outdoor,Clay,1.73,2.1,1
Bautista Agut R.,25,379,234,145,31,29,203,116,Cecchinato M.,108,204,79,125,2,14,77,111,2023-05-14,Rome,Internazionali BNL d'Italia,Outdoor,Clay,1.53,2.5,0
Altmaier D.,51,79,28,51,1,5,27,46,Tiafoe F.,10,303,158,145,24,23,134,122,2023-05-14,Rome,Internazionali BNL d'Italia,Outdoor,Clay,2.5,1.53,0
Lehecka J.,33,61,30,31,4,4,26,27,Marozsan F.,87,7,4,3,0,0,4,3,2023-05-14,Rome,Internazionali BNL d'Italia,Outdoor,Clay,1.44,2.75,0
Musetti L.,18,143,79,64,12,12,67,52,Arnaldi M.,76,18,9,9,0,0,9,9,2023-05-14,Rome,Internazionali BNL d'Italia,Outdoor,Clay,1.36,3.2,1
Borges N.,69,28,10,18,1,1,9,17,Tsitsipas S.,5,390,264,126,49,32,215,94,2023-05-14,Rome,Internazionali BNL d'Italia,Outdoor,Clay,6.5,1.11,0
Hanfmann Y.,50,99,50,49,5,4,45,45,Fritz T.,9,356,205,151,26,22,179,129,2023-05-14,Rome,Internazionali BNL d'Italia,Outdoor,Clay,2.75,1.44,1
Medvedev D.,3,406,289,117,69,27,220,90,Ruusuvuori E.,55,158,79,79,16,18,63,61,2023-05-14,Rome,Internazionali BNL d'Italia,Outdoor,Clay,1.4,3.0,1
Goffin D.,123,522,296,226,66,52,230,174,Zverev A.,19,500,346,154,60,31,286,123,2023-05-14,Rome,Internazionali BNL d'Italia,Outdoor,Clay,4.33,1.22,0
Zapata Miralles B.,54,80,32,48,1,6,31,42,Medvedev D.,3,406,289,117,69,27,220,90,2023-05-15,Rome,Internazionali BNL d'Italia,Outdoor,Clay,4.33,1.22,0
Davidovich Fokina A.,39,168,84,84,17,20,67,64,Rublev A.,7,392,255,137,57,34,198,103,2023-05-15,Rome,Internazionali BNL d'Italia,Outdoor,Clay,2.63,1.5,0
Coric B.,15,343,185,158,28,28,157,130,Carballes Baena R.,64,207,91,116,11,10,80,106,2023-05-15,Rome,Internazionali BNL d'Italia,Outdoor,Clay,1.44,2.75,1
Cecchinato M.,108,204,79,125,2,14,77,111,Hanfmann Y.,50,99,50,49,5,4,45,45,2023-05-15,Rome,Internazionali BNL d'Italia,Outdoor,Clay,2.1,1.73,0
Alcaraz C.,1,164,130,34,10,5,120,29,Marozsan F.,87,7,4,3,0,0,4,3,2023-05-15,Rome,Internazionali BNL d'Italia,Outdoor,Clay,1.01,23.0,0
Zverev A.,19,500,346,154,60,31,286,123,Wolf J.J.,45,75,39,36,8,6,31,30,2023-05-16,Rome,Internazionali BNL d'Italia,Outdoor,Clay,1.22,4.33,1
Tsitsipas S.,5,390,264,126,49,32,215,94,Sonego L.,43,221,107,114,19,17,88,97,2023-05-16,Rome,Internazionali BNL d'Italia,Outdoor,Clay,1.2,4.5,1
Musetti L.,18,143,79,64,12,12,67,52,Tiafoe F.,10,303,158,145,24,23,134,122,2023-05-16,Rome,Internazionali BNL d'Italia,Outdoor,Clay,1.44,2.75,1
Rune H.,6,131,83,48,28,9,55,39,Popyrin A.,90,140,59,81,9,13,50,68,2023-05-16,Rome,Internazionali BNL d'Italia,Outdoor,Clay,1.17,5.0,1
Norrie C.,13,287,172,115,15,18,157,97,Djokovic N.,2,1207,1012,195,146,42,866,153,2023-05-16,Rome,Internazionali BNL d'Italia,Outdoor,Clay,5.0,1.17,0
Ruud C.,4,275,176,99,19,16,157,83,Djere L.,38,243,120,123,10,22,110,101,2023-05-16,Rome,Internazionali BNL d'Italia,Outdoor,Clay,1.4,3.0,1
Sinner J.,8,224,153,71,42,19,111,52,Cerundolo F.,21,104,58,46,3,7,55,39,2023-05-16,Rome,Internazionali BNL d'Italia,Outdoor,Clay,1.13,6.0,0
Hanfmann Y.,50,99,50,49,5,4,45,45,Rublev A.,7,392,255,137,57,34,198,103,2023-05-16,Rome,Internazionali BNL d'Italia,Outdoor,Clay,3.4,1.33,1
Medvedev D.,3,406,289,117,69,27,220,90,Zverev A.,19,500,346,154,60,31,286,123,2023-05-16,Rome,Internazionali BNL d'Italia,Outdoor,Clay,1.67,2.2,1
Coric B.,15,343,185,158,28,28,157,130,Marozsan F.,87,7,4,3,0,0,4,3,2023-05-16,Rome,Internazionali BNL d'Italia,Outdoor,Clay,1.44,2.75,1
Tsitsipas S.,5,390,264,126,49,32,215,94,Musetti L.,18,143,79,64,12,12,67,52,2023-05-16,Rome,Internazionali BNL d'Italia,Outdoor,Clay,1.36,3.2,1
Rune H.,6,131,83,48,28,9,55,39,Djokovic N.,2,1207,1012,195,146,42,866,153,2023-05-17,Rome,Internazionali BNL d'Italia,Outdoor,Clay,3.4,1.33,1
Ruud C.,4,275,176,99,19,16,157,83,Cerundolo F.,21,104,58,46,3,7,55,39,2023-05-17,Rome,Internazionali BNL d'Italia,Outdoor,Clay,1.62,2.3,1
Tsitsipas S.,5,390,264,126,49,32,215,94,Coric B.,15,343,185,158,28,28,157,130,2023-05-18,Rome,Internazionali BNL d'Italia,Outdoor,Clay,1.29,3.75,1
Medvedev D.,3,406,289,117,69,27,220,90,Hanfmann Y.,50,99,50,49,5,4,45,45,2023-05-18,Rome,Internazionali BNL d'Italia,Outdoor,Clay,1.4,3.0,1
Ruud C.,4,275,176,99,19,16,157,83,Rune H.,6,131,83,48,28,9,55,39,2023-05-20,Rome,Internazionali BNL d'Italia,Outdoor,Clay,2.38,1.57,0
Medvedev D.,3,406,289,117,69,27,220,90,Tsitsipas S.,5,390,264,126,49,32,215,94,2023-05-20,Rome,Internazionali BNL d'Italia,Outdoor,Clay,2.3,1.62,1
Medvedev D.,3,406,289,117,69,27,220,90,Rune H.,6,131,83,48,28,9,55,39,2023-05-21,Rome,Internazionali BNL d'Italia,Outdoor,Clay,1.91,1.91,1
Shelton B.,43,34,13,21,0,0,13,21,Cecchinato M.,108,204,79,125,2,14,77,111,2023-05-21,Geneva,Geneva Open,Outdoor,Clay,1.91,1.91,0
Eubanks C.,29,64,28,36,1,3,27,33,Paire B.,149,527,237,290,39,56,198,234,2023-05-21,Geneva,Geneva Open,Outdoor,Clay,2.5,1.53,1
Draper J.,55,51,29,22,2,3,27,19,Muller A.,81,22,9,13,0,1,9,12,2023-05-21,Lyon,Lyon Open,Outdoor,Clay,1.73,2.1,1
Barrere G.,59,79,31,48,11,16,20,32,Moutet C.,80,118,50,68,5,11,45,57,2023-05-21,Lyon,Lyon Open,Outdoor,Clay,1.57,2.38,1
Ramos-Vinolas A.,82,437,204,233,17,31,187,202,Varillas J. P.,1345,20,9,11,2,1,7,10,2023-05-21,Lyon,Lyon Open,Outdoor,Clay,2.0,1.8,0
Gasquet R.,48,948,581,367,133,82,448,285,Ymer M.,59,130,58,72,18,23,40,49,2023-05-22,Lyon,Lyon Open,Outdoor,Clay,1.91,1.91,0
Fils A.,71,24,15,9,6,3,9,6,Zhang Zh.,53,44,20,24,1,2,19,22,2023-05-22,Lyon,Lyon Open,Outdoor,Clay,1.73,2.1,1
Goffin D.,123,522,296,226,66,52,230,174,Lopez San Martin A.,550,1,0,1,0,0,0,1,2023-05-22,Lyon,Lyon Open,Outdoor,Clay,1.3,3.5,1
Rinderknech A.,67,96,46,50,16,12,30,38,Harris L.,186,129,59,70,7,8,52,62,2023-05-22,Lyon,Lyon Open,Outdoor,Clay,1.67,2.2,1
Roca Batalla O.,1055,3,1,2,0,0,1,2,Kecmanovic M.,40,210,107,103,12,16,95,87,2023-05-22,Lyon,Lyon Open,Outdoor,Clay,7.0,1.1,0
Schwartzman D.,95,428,233,195,32,27,201,168,Nakashima B.,70,106,57,49,6,5,51,44,2023-05-22,Lyon,Lyon Open,Outdoor,Clay,1.67,2.2,0
Mannarino A.,27,567,264,303,60,73,204,230,Krajinovic F.,93,240,115,125,38,34,77,91,2023-05-22,Geneva,Geneva Open,Outdoor,Clay,3.2,1.36,1
Lajovic D.,66,378,163,215,21,36,142,179,Jarry N.,28,141,73,68,9,6,64,62,2023-05-22,Geneva,Geneva Open,Outdoor,Clay,1.91,1.91,0
Sachko V.,1041,3,0,3,0,1,0,2,Zapata Miralles B.,54,80,32,48,1,6,31,42,2023-05-22,Geneva,Geneva Open,Outdoor,Clay,3.5,1.3,0
Carballes Baena R.,64,207,91,116,11,10,80,106,Rincon D.,841,2,0,2,0,0,0,2,2023-05-22,Geneva,Geneva Open,Outdoor,Clay,1.29,3.75,1
Wu Y.,90,36,15,21,5,0,10,21,Huesler M.A.,88,58,21,37,8,8,13,29,2023-05-22,Geneva,Geneva Open,Outdoor,Clay,2.1,1.73,1
Giron M.,69,150,68,82,20,14,48,68,Bublik A.,25,219,110,109,39,30,71,79,2023-05-22,Geneva,Geneva Open,Outdoor,Clay,2.1,1.73,1
Zverev A.,19,500,346,154,60,31,286,123,Eubanks C.,29,64,28,36,1,3,27,33,2023-05-23,Geneva,Geneva Open,Outdoor,Clay,1.11,6.5,1
Rinderknech A.,67,96,46,50,16,12,30,38,Nakashima B.,70,106,57,49,6,5,51,44,2023-05-23,Lyon,Lyon Open,Outdoor,Clay,1.91,1.91,0
Draper J.,55,51,29,22,2,3,27,19,Kecmanovic M.,40,210,107,103,12,16,95,87,2023-05-23,Lyon,Lyon Open,Outdoor,Clay,2.0,1.8,1
Varillas J. P.,1345,20,9,11,2,1,7,10,Cerundolo F.,21,104,58,46,3,7,55,39,2023-05-23,Lyon,Lyon Open,Outdoor,Clay,3.2,1.36,0
Monfils G.,323,816,510,306,131,65,379,241,Cachin P.,54,52,23,29,1,3,22,26,2023-05-23,Lyon,Lyon Open,Outdoor,Clay,3.5,1.3,0
Dellien H.,164,70,22,48,5,5,17,43,Wolf J.J.,45,75,39,36,8,6,31,30,2023-05-23,Geneva,Geneva Open,Outdoor,Clay,2.2,1.67,0
Fucsovics M.,67,249,121,128,26,24,95,104,Baez S.,72,95,47,48,6,6,41,42,2023-05-23,Lyon,Lyon Open,Outdoor,Clay,2.2,1.67,0
O Connell C.,74,65,26,39,0,0,26,39,Serdarusic N.,702,9,1,8,0,3,1,5,2023-05-23,Geneva,Geneva Open,Outdoor,Clay,1.36,3.2,1
Ivashka I.,113,159,78,81,19,18,59,63,Pella G.,199,260,118,142,14,16,104,126,2023-05-23,Geneva,Geneva Open,Outdoor,Clay,1.57,2.38,1
Griekspoor T.,37,97,47,50,7,14,40,36,Travaglia S.,1024,81,27,54,5,12,22,42,2023-05-23,Geneva,Geneva Open,Outdoor,Clay,1.53,2.5,1
Llamas Ruiz P.,3065,2,1,1,0,0,1,1,Purcell M.,78,28,9,19,0,0,9,19,2023-05-23,Lyon,Lyon Open,Outdoor,Clay,1.5,2.63,1
Wu Y.,90,36,15,21,5,0,10,21,Cecchinato M.,108,204,79,125,2,14,77,111,2023-05-23,Geneva,Geneva Open,Outdoor,Clay,2.3,1.62,1
Fils A.,71,24,15,9,6,3,9,6,Ymer M.,59,130,58,72,18,23,40,49,2023-05-24,Lyon,Lyon Open,Outdoor,Clay,1.67,2.2,1
Auger-Aliassime F.,12,268,163,105,48,22,115,83,Llamas Ruiz P.,3065,2,1,1,0,0,1,1,2023-05-24,Lyon,Lyon Open,Outdoor,Clay,1.22,4.33,1
Goffin D.,123,522,296,226,66,52,230,174,Norrie C.,13,287,172,115,15,18,157,97,2023-05-24,Lyon,Lyon Open,Outdoor,Clay,3.4,1.33,0
Barrere G.,59,79,31,48,11,16,20,32,Paul T.,14,204,111,93,19,13,92,80,2023-05-24,Lyon,Lyon Open,Outdoor,Clay,2.63,1.5,0
Cachin P.,54,52,23,29,1,3,22,26,Baez S.,72,95,47,48,6,6,41,42,2023-05-24,Lyon,Lyon Open,Outdoor,Clay,3.2,1.36,0
Mannarino A.,27,567,264,303,60,73,204,230,Ivashka I.,113,159,78,81,19,18,59,63,2023-05-24,Geneva,Geneva Open,Outdoor,Clay,3.0,1.4,0
O Connell C.,74,65,26,39,0,0,26,39,Zapata Miralles B.,54,80,32,48,1,6,31,42,2023-05-24,Geneva,Geneva Open,Outdoor,Clay,2.38,1.57,1
Carballes Baena R.,64,207,91,116,11,10,80,106,Dimitrov G.,20,651,389,262,79,50,310,212,2023-05-24,Geneva,Geneva Open,Outdoor,Clay,3.0,1.4,0
Giron M.,69,150,68,82,20,14,48,68,Fritz T.,9,356,205,151,26,22,179,129,2023-05-24,Geneva,Geneva Open,Outdoor,Clay,3.4,1.33,0
Jarry N.,28,141,73,68,9,6,64,62,Griekspoor T.,37,97,47,50,7,14,40,36,2023-05-24,Geneva,Geneva Open,Outdoor,Clay,1.57,2.38,1
Wolf J.J.,45,75,39,36,8,6,31,30,Ruud C.,4,275,176,99,19,16,157,83,2023-05-24,Geneva,Geneva Open,Outdoor,Clay,4.5,1.2,0
Baez S.,72,95,47,48,6,6,41,42,Norrie C.,13,287,172,115,15,18,157,97,2023-05-25,Lyon,Lyon Open,Outdoor,Clay,2.75,1.44,0
Fritz T.,9,356,205,151,26,22,179,129,Ivashka I.,113,159,78,81,19,18,59,63,2023-05-25,Geneva,Geneva Open,Outdoor,Clay,1.2,4.5,1
Dimitrov G.,20,651,389,262,79,50,310,212,O Connell C.,74,65,26,39,0,0,26,39,2023-05-25,Geneva,Geneva Open,Outdoor,Clay,1.33,3.4,1
Wu Y.,90,36,15,21,5,0,10,21,Zverev A.,19,500,346,154,60,31,286,123,2023-05-25,Geneva,Geneva Open,Outdoor,Clay,4.5,1.2,0
Jarry N.,28,141,73,68,9,6,64,62,Ruud C.,4,275,176,99,19,16,157,83,2023-05-25,Geneva,Geneva Open,Outdoor,Clay,3.4,1.33,1
Auger-Aliassime F.,12,268,163,105,48,22,115,83,Fils A.,71,24,15,9,6,3,9,6,2023-05-25,Lyon,Lyon Open,Outdoor,Clay,1.44,2.75,0
Draper J.,55,51,29,22,2,3,27,19,Cerundolo F.,21,104,58,46,3,7,55,39,2023-05-25,Lyon,Lyon Open,Outdoor,Clay,2.63,1.5,0
Paul T.,14,204,111,93,19,13,92,80,Nakashima B.,70,106,57,49,6,5,51,44,2023-05-25,Lyon,Lyon Open,Outdoor,Clay,1.44,2.75,0
Norrie C.,13,287,172,115,15,18,157,97,Cerundolo F.,21,104,58,46,3,7,55,39,2023-05-26,Lyon,Lyon Open,Outdoor,Clay,1.67,2.2,0
Nakashima B.,70,106,57,49,6,5,51,44,Fils A.,71,24,15,9,6,3,9,6,2023-05-26,Lyon,Lyon Open,Outdoor,Clay,2.1,1.73,0
Jarry N.,28,141,73,68,9,6,64,62,Zverev A.,19,500,346,154,60,31,286,123,2023-05-26,Geneva,Geneva Open,Outdoor,Clay,2.75,1.44,1
Dimitrov G.,20,651,389,262,79,50,310,212,Fritz T.,9,356,205,151,26,22,179,129,2023-05-26,Geneva,Geneva Open,Outdoor,Clay,2.5,1.53,1
Fils A.,71,24,15,9,6,3,9,6,Cerundolo F.,21,104,58,46,3,7,55,39,2023-05-27,Lyon,Lyon Open,Outdoor,Clay,3.75,1.29,1
Dimitrov G.,20,651,389,262,79,50,310,212,Jarry N.,28,141,73,68,9,6,64,62,2023-05-27,Geneva,Geneva Open,Outdoor,Clay,2.1,1.73,0
Arnaldi M.,76,18,9,9,0,0,9,9,Galan D.E.,76,78,33,45,3,5,30,40,2023-05-28,Paris,French Open,Outdoor,Clay,1.44,2.75,1
Rodionov J.,118,26,9,17,2,3,7,14,Pouille L.,675,259,134,125,35,26,99,99,2023-05-28,Paris,French Open,Outdoor,Clay,2.1,1.73,0
Mannarino A.,27,567,264,303,60,73,204,230,Humbert U.,36,170,80,90,23,21,57,69,2023-05-28,Paris,French Open,Outdoor,Clay,4.33,1.22,0
Shevchenko A.,93,20,8,12,0,2,8,10,Otte O.,233,78,33,45,6,14,27,31,2023-05-28,Paris,French Open,Outdoor,Clay,1.4,3.0,1
Sonego L.,43,221,107,114,19,17,88,97,Shelton B.,43,34,13,21,0,0,13,21,2023-05-28,Paris,French Open,Outdoor,Clay,1.4,3.0,1
Cazaux A.,190,4,1,3,0,0,1,3,Moutet C.,80,118,50,68,5,11,45,57,2023-05-28,Paris,French Open,Outdoor,Clay,2.0,1.8,0
Djere L.,38,243,120,123,10,22,110,101,Rublev A.,7,392,255,137,57,34,198,103,2023-05-28,Paris,French Open,Outdoor,Clay,4.33,1.22,0
Ymer M.,59,130,58,72,18,23,40,49,Musetti L.,18,143,79,64,12,12,67,52,2023-05-28,Paris,French Open,Outdoor,Clay,4.5,1.2,0
Carballes Baena R.,64,207,91,116,11,10,80,106,Nava E.,242,13,2,11,0,0,2,11,2023-05-28,Paris,French Open,Outdoor,Clay,1.25,4.0,1
Korda S.,26,126,75,51,15,9,60,42,Mcdonald M.,60,190,87,103,11,15,76,88,2023-05-28,Paris,French Open,Outdoor,Clay,1.5,2.63,1
Hurkacz H.,17,238,137,101,27,24,110,77,Goffin D.,123,522,296,226,66,52,230,174,2023-05-28,Paris,French Open,Outdoor,Clay,1.36,3.2,1
Diaz Acosta F.,137,5,1,4,0,0,1,4,Kubler J.,77,53,24,29,0,1,24,28,2023-05-28,Paris,French Open,Outdoor,Clay,1.62,2.3,0
Khachanov K.,11,378,217,161,44,38,173,123,Lestienne C.,109,40,13,27,6,9,7,18,2023-05-28,Paris,French Open,Outdoor,Clay,1.02,21.0,1
Ofner S.,61,34,16,18,1,2,15,16,Cressy M.,96,96,42,54,10,11,32,43,2023-05-28,Paris,French Open,Outdoor,Clay,1.3,3.5,1
Griekspoor T.,37,97,47,50,7,14,40,36,Martinez P.,135,118,50,68,7,6,43,62,2023-05-28,Paris,French Open,Outdoor,Clay,2.1,1.73,1
Isner J.,114,755,465,290,53,45,412,245,Borges N.,69,28,10,18,1,1,9,17,2023-05-28,Paris,French Open,Outdoor,Clay,3.0,1.4,0
Evans D.,30,251,124,127,18,16,106,111,Kokkinakis T.,86,124,55,69,0,4,55,65,2023-05-28,Paris,French Open,Outdoor,Clay,1.8,2.0,0
Grenier H.,122,16,5,11,1,2,4,9,Fucsovics M.,67,249,121,128,26,24,95,104,2023-05-28,Paris,French Open,Outdoor,Clay,4.5,1.2,0
Albot R.,97,215,86,129,26,26,60,103,Kypson P.,329,2,0,2,0,0,0,2,2023-05-28,Paris,French Open,Outdoor,Clay,1.36,3.2,1
Vesely J.,528,288,130,158,6,19,124,139,Tsitsipas S.,5,390,264,126,49,32,215,94,2023-05-28,Paris,French Open,Outdoor,Clay,19.0,1.02,0
Cecchinato M.,108,204,79,125,2,14,77,111,Van Assche L.,68,20,7,13,0,3,7,10,2023-05-29,Paris,French Open,Outdoor,Clay,2.0,1.8,0
Lajovic D.,66,378,163,215,21,36,142,179,Zhang Zh.,53,44,20,24,1,2,19,22,2023-05-29,Paris,French Open,Outdoor,Clay,1.53,2.5,0
Krajinovic F.,93,240,115,125,38,34,77,91,Tiafoe F.,10,303,158,145,24,23,134,122,2023-05-29,Paris,French Open,Outdoor,Clay,4.5,1.2,0
Altmaier D.,51,79,28,51,1,5,27,46,Huesler M.A.,88,58,21,37,8,8,13,29,2023-05-29,Paris,French Open,Outdoor,Clay,1.36,3.2,1
Cobolli F.,148,14,5,9,0,1,5,8,Alcaraz C.,1,164,130,34,10,5,120,29,2023-05-29,Paris,French Open,Outdoor,Clay,21.0,1.02,0
Fils A.,71,24,15,9,6,3,9,6,Davidovich Fokina A.,39,168,84,84,17,20,67,64,2023-05-29,Paris,French Open,Outdoor,Clay,3.2,1.36,0
Lehecka J.,33,61,30,31,4,4,26,27,Struff J.L.,21,369,170,199,43,42,127,157,2023-05-29,Paris,French Open,Outdoor,Clay,2.3,1.62,1
Giron M.,69,150,68,82,20,14,48,68,Medjedovic H.,147,11,3,8,0,1,3,7,2023-05-29,Paris,French Open,Outdoor,Clay,2.1,1.73,1
Cachin P.,54,52,23,29,1,3,22,26,Thiem D.,116,517,327,190,53,39,274,151,2023-05-29,Paris,French Open,Outdoor,Clay,2.2,1.67,1
Coric B.,15,343,185,158,28,28,157,130,Coria F.,108,99,43,56,2,6,41,50,2023-05-29,Paris,French Open,Outdoor,Clay,1.13,6.0,1
Van De Zandschulp B.,44,117,63,54,11,11,52,43,Tirante T.A.,136,5,2,3,0,0,2,3,2023-05-29,Paris,French Open,Outdoor,Clay,1.2,4.5,0
Sinner J.,8,224,153,71,42,19,111,52,Muller A.,81,22,9,13,0,1,9,12,2023-05-29,Paris,French Open,Outdoor,Clay,1.03,15.0,1
O Connell C.,74,65,26,39,0,0,26,39,Daniel T.,111,178,67,111,3,10,64,101,2023-05-29,Paris,French Open,Outdoor,Clay,1.67,2.2,0
Kovacevic A.,129,14,6,8,0,0,6,8,Djokovic N.,2,1207,1012,195,146,42,866,153,2023-05-29,Paris,French Open,Outdoor,Clay,29.0,1.01,0
Norrie C.,13,287,172,115,15,18,157,97,Paire B.,149,527,237,290,39,56,198,234,2023-05-29,Paris,French Open,Outdoor,Clay,1.11,6.5,1
Schwartzman D.,95,428,233,195,32,27,201,168,Zapata Miralles B.,54,80,32,48,1,6,31,42,2023-05-29,Paris,French Open,Outdoor,Clay,2.1,1.73,1
Shang J.,149,12,4,8,0,0,4,8,Varillas J.P.,77,22,10,12,1,3,9,9,2023-05-29,Paris,French Open,Outdoor,Clay,2.38,1.57,0
De Minaur A.,19,272,161,111,30,19,131,92,Ivashka I.,113,159,78,81,19,18,59,63,2023-05-29,Paris,French Open,Outdoor,Clay,1.29,3.75,1
Shapovalov D.,29,298,166,132,30,27,136,105,Nakashima B.,70,106,57,49,6,5,51,44,2023-05-29,Paris,French Open,Outdoor,Clay,2.1,1.73,1
Karatsev A.,75,136,66,70,10,22,56,48,Popyrin A.,90,140,59,81,9,13,50,68,2023-05-29,Paris,French Open,Outdoor,Clay,1.67,2.2,1
Wu Y.,90,36,15,21,5,0,10,21,Bautista Agut R.,25,379,234,145,31,29,203,116,2023-05-29,Paris,French Open,Outdoor,Clay,3.0,1.4,0
Fognini F.,128,742,383,359,39,48,344,311,Auger-Aliassime F.,12,268,163,105,48,22,115,83,2023-05-29,Paris,French Open,Outdoor,Clay,3.2,1.36,1
Ramos-Vinolas A.,82,437,204,233,17,31,187,202,Wawrinka S.,72,854,535,319,84,69,451,250,2023-05-29,Paris,French Open,Outdoor,Clay,3.2,1.36,0
Draper J.,55,51,29,22,2,3,27,19,Etcheverry T.,34,60,26,34,5,3,21,31,2023-05-29,Paris,French Open,Outdoor,Clay,2.2,1.67,0
Barrere G.,59,79,31,48,11,16,20,32,Ruusuvuori E.,55,158,79,79,16,18,63,61,2023-05-30,Paris,French Open,Outdoor,Clay,2.5,1.53,0
Monfils G.,323,816,510,306,131,65,379,241,Baez S.,72,95,47,48,6,6,41,42,2023-05-30,Paris,French Open,Outdoor,Clay,3.4,1.33,1
Hanfmann Y.,50,99,50,49,5,4,45,45,Monteiro T.,121,171,69,102,9,11,60,91,2023-05-30,Paris,French Open,Outdoor,Clay,1.36,3.2,1
Skatov T.,147,5,1,4,1,2,0,2,Dimitrov G.,20,651,389,262,79,50,310,212,2023-05-30,Paris,French Open,Outdoor,Clay,7.0,1.1,0
Mmoh M.,112,55,20,35,0,3,20,32,Fritz T.,9,356,205,151,26,22,179,129,2023-05-30,Paris,French Open,Outdoor,Clay,19.0,1.02,0
Rinderknech A.,67,96,46,50,16,12,30,38,Gasquet R.,48,948,581,367,133,82,448,285,2023-05-30,Paris,French Open,Outdoor,Clay,2.2,1.67,1
Halys Q.,79,72,23,49,3,10,20,39,Pella G.,199,260,118,142,14,16,104,126,2023-05-30,Paris,French Open,Outdoor,Clay,1.36,3.2,0
Rune H.,6,131,83,48,28,9,55,39,Eubanks C.,29,64,28,36,1,3,27,33,2023-05-30,Paris,French Open,Outdoor,Clay,1.02,19.0,1
Cerundolo F.,21,104,58,46,3,7,55,39,Munar J.,104,178,75,103,7,12,68,91,2023-05-30,Paris,French Open,Outdoor,Clay,1.3,3.5,1
Seyboth Wild T.,117,28,12,16,7,3,5,13,Medvedev D.,3,406,289,117,69,27,220,90,2023-05-30,Paris,French Open,Outdoor,Clay,11.0,1.05,1
Gaston H.,109,58,24,34,5,9,19,25,Molcan A.,120,86,45,41,1,6,44,35,2023-05-30,Paris,French Open,Outdoor,Clay,2.38,1.57,0
Zverev A.,19,500,346,154,60,31,286,123,Harris L.,186,129,59,70,7,8,52,62,2023-05-30,Paris,French Open,Outdoor,Clay,1.05,11.0,1
Purcell M.,78,28,9,19,0,0,9,19,Thompson J.,71,221,96,125,10,10,86,115,2023-05-30,Paris,French Open,Outdoor,Clay,2.1,1.73,1
Kecmanovic M.,40,210,107,103,12,16,95,87,Vavassori A.,128,12,5,7,1,1,4,6,2023-05-30,Paris,French Open,Outdoor,Clay,1.4,3.0,0
Olivieri G.,231,3,2,1,0,0,2,1,Mpetshi G.,233,2,0,2,0,0,0,2,2023-05-30,Paris,French Open,Outdoor,Clay,1.67,2.2,1
Wolf J.J.,45,75,39,36,8,6,31,30,Nishioka Y.,31,215,99,116,15,15,84,101,2023-05-30,Paris,French Open,Outdoor,Clay,1.8,2.0,0
Ruud C.,4,275,176,99,19,16,157,83,Ymer E.,186,81,24,57,3,11,21,46,2023-05-30,Paris,French Open,Outdoor,Clay,1.06,10.0,1
Dellien H.,164,70,22,48,5,5,17,43,Jarry N.,28,141,73,68,9,6,64,62,2023-05-30,Paris,French Open,Outdoor,Clay,4.5,1.2,0
Paul T.,14,204,111,93,19,13,92,80,Stricker D.,106,20,10,10,2,2,8,8,2023-05-30,Paris,French Open,Outdoor,Clay,1.33,3.4,1
Zeppieri G.,129,13,4,9,0,1,4,8,Bublik A.,25,219,110,109,39,30,71,79,2023-05-30,Paris,French Open,Outdoor,Clay,1.73,2.1,1
Griekspoor T.,37,97,47,50,7,14,40,36,Hurkacz H.,17,238,137,101,27,24,110,77,2023-05-31,Paris,French Open,Outdoor,Clay,3.0,1.4,0
Davidovich Fokina A.,39,168,84,84,17,20,67,64,Van Assche L.,68,20,7,13,0,3,7,10,2023-05-31,Paris,French Open,Outdoor,Clay,1.36,3.2,1
Pouille L.,675,259,134,125,35,26,99,99,Norrie C.,13,287,172,115,15,18,157,97,2023-05-31,Paris,French Open,Outdoor,Clay,4.0,1.25,0
Albot R.,97,215,86,129,26,26,60,103,Khachanov K.,11,378,217,161,44,38,173,123,2023-05-31,Paris,French Open,Outdoor,Clay,5.0,1.17,0
Moutet C.,80,118,50,68,5,11,45,57,Rublev A.,7,392,255,137,57,34,198,103,2023-05-31,Paris,French Open,Outdoor,Clay,9.0,1.07,0
Shevchenko A.,93,20,8,12,0,2,8,10,Musetti L.,18,143,79,64,12,12,67,52,2023-05-31,Paris,French Open,Outdoor,Clay,3.75,1.29,0
Fucsovics M.,67,249,121,128,26,24,95,104,Djokovic N.,2,1207,1012,195,146,42,866,153,2023-05-31,Paris,French Open,Outdoor,Clay,11.0,1.05,0
Daniel T.,111,178,67,111,3,10,64,101,Alcaraz C.,1,164,130,34,10,5,120,29,2023-05-31,Paris,French Open,Outdoor,Clay,21.0,1.02,0
Carballes Baena R.,64,207,91,116,11,10,80,106,Tsitsipas S.,5,390,264,126,49,32,215,94,2023-05-31,Paris,French Open,Outdoor,Clay,8.0,1.08,0
Arnaldi M.,76,18,9,9,0,0,9,9,Shapovalov D.,29,298,166,132,30,27,136,105,2023-05-31,Paris,French Open,Outdoor,Clay,1.73,2.1,0
Bautista Agut R.,25,379,234,145,31,29,203,116,Varillas J.P.,77,22,10,12,1,3,9,9,2023-05-31,Paris,French Open,Outdoor,Clay,1.4,3.0,0
Korda S.,26,126,75,51,15,9,60,42,Ofner S.,61,34,16,18,1,2,15,16,2023-05-31,Paris,French Open,Outdoor,Clay,1.53,2.5,0
Fognini F.,128,742,383,359,39,48,344,311,Kubler J.,77,53,24,29,0,1,24,28,2023-05-31,Paris,French Open,Outdoor,Clay,1.5,2.63,1
Kokkinakis T.,86,124,55,69,0,4,55,65,Wawrinka S.,72,854,535,319,84,69,451,250,2023-05-31,Paris,French Open,Outdoor,Clay,2.0,1.8,1
Sonego L.,43,221,107,114,19,17,88,97,Humbert U.,36,170,80,90,23,21,57,69,2023-05-31,Paris,French Open,Outdoor,Clay,2.1,1.73,1
Schwartzman D.,95,428,233,195,32,27,201,168,Borges N.,69,28,10,18,1,1,9,17,2023-05-31,Paris,French Open,Outdoor,Clay,1.73,2.1,1
Rinderknech A.,67,96,46,50,16,12,30,38,Fritz T.,9,356,205,151,26,22,179,129,2023-06-01,Paris,French Open,Outdoor,Clay,6.5,1.11,0
Monfils G.,323,816,510,306,131,65,379,241,Rune H.,6,131,83,48,28,9,55,39,2023-06-01,Paris,French Open,Outdoor,Clay,9.0,1.07,0
Hanfmann Y.,50,99,50,49,5,4,45,45,Cerundolo F.,21,104,58,46,3,7,55,39,2023-06-01,Paris,French Open,Outdoor,Clay,2.75,1.44,0
Lehecka J.,33,61,30,31,4,4,26,27,Giron M.,69,150,68,82,20,14,48,68,2023-06-01,Paris,French Open,Outdoor,Clay,1.44,2.75,0
Jarry N.,28,141,73,68,9,6,64,62,Paul T.,14,204,111,93,19,13,92,80,2023-06-01,Paris,French Open,Outdoor,Clay,1.62,2.3,1
Olivieri G.,231,3,2,1,0,0,2,1,Vavassori A.,128,12,5,7,1,1,4,6,2023-06-01,Paris,French Open,Outdoor,Clay,3.2,1.36,1
Karatsev A.,75,136,66,70,10,22,56,48,Tiafoe F.,10,303,158,145,24,23,134,122,2023-06-01,Paris,French Open,Outdoor,Clay,1.91,1.91,0
Zverev A.,19,500,346,154,60,31,286,123,Molcan A.,120,86,45,41,1,6,44,35,2023-06-01,Paris,French Open,Outdoor,Clay,1.22,4.33,1
Pella G.,199,260,118,142,14,16,104,126,Seyboth Wild T.,117,28,12,16,7,3,5,13,2023-06-01,Paris,French Open,Outdoor,Clay,3.2,1.36,0
Dimitrov G.,20,651,389,262,79,50,310,212,Ruusuvuori E.,55,158,79,79,16,18,63,61,2023-06-01,Paris,French Open,Outdoor,Clay,1.44,2.75,1
Nishioka Y.,31,215,99,116,15,15,84,101,Purcell M.,78,28,9,19,0,0,9,19,2023-06-01,Paris,French Open,Outdoor,Clay,1.36,3.2,1
Altmaier D.,51,79,28,51,1,5,27,46,Sinner J.,8,224,153,71,42,19,111,52,2023-06-01,Paris,French Open,Outdoor,Clay,8.0,1.08,1
Ruud C.,4,275,176,99,19,16,157,83,Zeppieri G.,129,13,4,9,0,1,4,8,2023-06-01,Paris,French Open,Outdoor,Clay,1.08,8.0,1
De Minaur A.,19,272,161,111,30,19,131,92,Etcheverry T.,34,60,26,34,5,3,21,31,2023-06-01,Paris,French Open,Outdoor,Clay,1.8,2.0,0
Cachin P.,54,52,23,29,1,3,22,26,Coric B.,15,343,185,158,28,28,157,130,2023-06-01,Paris,French Open,Outdoor,Clay,3.2,1.36,0
Tirante T.A.,136,5,2,3,0,0,2,3,Zhang Zh.,53,44,20,24,1,2,19,22,2023-06-01,Paris,French Open,Outdoor,Clay,2.38,1.57,0
Shapovalov D.,29,298,166,132,30,27,136,105,Alcaraz C.,1,164,130,34,10,5,120,29,2023-06-02,Paris,French Open,Outdoor,Clay,13.0,1.04,0
Tsitsipas S.,5,390,264,126,49,32,215,94,Schwartzman D.,95,428,233,195,32,27,201,168,2023-06-02,Paris,French Open,Outdoor,Clay,1.1,7.0,1
Musetti L.,18,143,79,64,12,12,67,52,Norrie C.,13,287,172,115,15,18,157,97,2023-06-02,Paris,French Open,Outdoor,Clay,1.53,2.5,1
Hurkacz H.,17,238,137,101,27,24,110,77,Varillas J.P.,77,22,10,12,1,3,9,9,2023-06-02,Paris,French Open,Outdoor,Clay,1.4,3.0,0
Ofner S.,61,34,16,18,1,2,15,16,Fognini F.,128,742,383,359,39,48,344,311,2023-06-02,Paris,French Open,Outdoor,Clay,2.2,1.67,1
Djokovic N.,2,1207,1012,195,146,42,866,153,Davidovich Fokina A.,39,168,84,84,17,20,67,64,2023-06-02,Paris,French Open,Outdoor,Clay,1.13,6.0,1
Sonego L.,43,221,107,114,19,17,88,97,Rublev A.,7,392,255,137,57,34,198,103,2023-06-02,Paris,French Open,Outdoor,Clay,3.75,1.29,1
Kokkinakis T.,86,124,55,69,0,4,55,65,Khachanov K.,11,378,217,161,44,38,173,123,2023-06-02,Paris,French Open,Outdoor,Clay,3.75,1.29,0
Zhang Zh.,53,44,20,24,1,2,19,22,Ruud C.,4,275,176,99,19,16,157,83,2023-06-03,Paris,French Open,Outdoor,Clay,6.0,1.13,0
Nishioka Y.,31,215,99,116,15,15,84,101,Seyboth Wild T.,117,28,12,16,7,3,5,13,2023-06-03,Paris,French Open,Outdoor,Clay,2.63,1.5,1
Coric B.,15,343,185,158,28,28,157,130,Etcheverry T.,34,60,26,34,5,3,21,31,2023-06-03,Paris,French Open,Outdoor,Clay,2.2,1.67,0
Jarry N.,28,141,73,68,9,6,64,62,Giron M.,69,150,68,82,20,14,48,68,2023-06-03,Paris,French Open,Outdoor,Clay,1.33,3.4,1
Cerundolo F.,21,104,58,46,3,7,55,39,Fritz T.,9,356,205,151,26,22,179,129,2023-06-03,Paris,French Open,Outdoor,Clay,2.1,1.73,1
Altmaier D.,51,79,28,51,1,5,27,46,Dimitrov G.,20,651,389,262,79,50,310,212,2023-06-03,Paris,French Open,Outdoor,Clay,3.2,1.36,0
Zverev A.,19,500,346,154,60,31,286,123,Tiafoe F.,10,303,158,145,24,23,134,122,2023-06-03,Paris,French Open,Outdoor,Clay,1.4,3.0,1
Olivieri G.,231,3,2,1,0,0,2,1,Rune H.,6,131,83,48,28,9,55,39,2023-06-03,Paris,French Open,Outdoor,Clay,15.0,1.03,0
Khachanov K.,11,378,217,161,44,38,173,123,Sonego L.,43,221,107,114,19,17,88,97,2023-06-04,Paris,French Open,Outdoor,Clay,1.44,2.75,1
Djokovic N.,2,1207,1012,195,146,42,866,153,Varillas J.P.,77,22,10,12,1,3,9,9,2023-06-04,Paris,French Open,Outdoor,Clay,1.03,15.0,1
Alcaraz C.,1,164,130,34,10,5,120,29,Musetti L.,18,143,79,64,12,12,67,52,2023-06-04,Paris,French Open,Outdoor,Clay,1.17,5.0,1
Ofner S.,61,34,16,18,1,2,15,16,Tsitsipas S.,5,390,264,126,49,32,215,94,2023-06-04,Paris,French Open,Outdoor,Clay,10.0,1.06,0
Etcheverry T.,34,60,26,34,5,3,21,31,Nishioka Y.,31,215,99,116,15,15,84,101,2023-06-05,Paris,French Open,Outdoor,Clay,1.22,4.33,1
Dimitrov G.,20,651,389,262,79,50,310,212,Zverev A.,19,500,346,154,60,31,286,123,2023-06-05,Paris,French Open,Outdoor,Clay,2.75,1.44,0
Rune H.,6,131,83,48,28,9,55,39,Cerundolo F.,21,104,58,46,3,7,55,39,2023-06-05,Paris,French Open,Outdoor,Clay,1.33,3.4,1
Jarry N.,28,141,73,68,9,6,64,62,Ruud C.,4,275,176,99,19,16,157,83,2023-06-05,Paris,French Open,Outdoor,Clay,2.75,1.44,0
Khachanov K.,11,378,217,161,44,38,173,123,Djokovic N.,2,1207,1012,195,146,42,866,153,2023-06-06,Paris,French Open,Outdoor,Clay,8.0,1.08,0
Tsitsipas S.,5,390,264,126,49,32,215,94,Alcaraz C.,1,164,130,34,10,5,120,29,2023-06-06,Paris,French Open,Outdoor,Clay,4.5,1.2,0
Etcheverry T.,34,60,26,34,5,3,21,31,Zverev A.,19,500,346,154,60,31,286,123,2023-06-07,Paris,French Open,Outdoor,Clay,3.4,1.33,0
Rune H.,6,131,83,48,28,9,55,39,Ruud C.,4,275,176,99,19,16,157,83,2023-06-07,Paris,French Open,Outdoor,Clay,2.1,1.73,0
Alcaraz C.,1,164,130,34,10,5,120,29,Djokovic N.,2,1207,1012,195,146,42,866,153,2023-06-09,Paris,French Open,Outdoor,Clay,1.5,2.63,0
Zverev A.,19,500,346,154,60,31,286,123,Ruud C.,4,275,176,99,19,16,157,83,2023-06-09,Paris,French Open,Outdoor,Clay,1.91,1.91,0
Ruud C.,4,275,176,99,19,16,157,83,Djokovic N.,2,1207,1012,195,146,42,866,153,2023-06-11,Paris,French Open,Outdoor,Clay,4.8,1.2,0
Lehecka J.,33,61,30,31,4,4,26,27,Giron M.,69,150,68,82,20,14,48,68,2023-06-12,Stuttgart,Stuttgart Open,Outdoor,Grass,2.3,1.62,1
Musetti L.,18,143,79,64,12,12,67,52,Gojo B.,115,14,3,11,0,1,3,10,2023-06-12,Stuttgart,Stuttgart Open,Outdoor,Grass,1.67,2.2,1
Berrettini M.,38,217,142,75,14,11,128,64,Sonego L.,43,221,107,114,19,17,88,97,2023-06-12,Stuttgart,Stuttgart Open,Outdoor,Grass,1.57,2.38,0
Eubanks C.,29,64,28,36,1,3,27,33,Gasquet R.,48,948,581,367,133,82,448,285,2023-06-12,Stuttgart,Stuttgart Open,Outdoor,Grass,2.0,1.8,0
Lopez F.,634,863,441,422,71,82,370,340,Watanuki Y.,99,25,11,14,0,0,11,14,2023-06-12,Stuttgart,Stuttgart Open,Outdoor,Grass,3.5,1.3,0
Raonic M.,849,540,361,179,64,34,297,145,Kecmanovic M.,40,210,107,103,12,16,95,87,2023-06-12,'s-Hertogenbosch,Rosmalen Grass Court Championships,Outdoor,Grass,2.63,1.5,1
Hijikata R.,110,16,7,9,0,0,7,9,Brouwer G.,144,21,11,10,3,2,8,8,2023-06-12,'s-Hertogenbosch,Rosmalen Grass Court Championships,Outdoor,Grass,1.73,2.1,1
Humbert U.,36,170,80,90,23,21,57,69,Kubler J.,77,53,24,29,0,1,24,28,2023-06-12,'s-Hertogenbosch,Rosmalen Grass Court Championships,Outdoor,Grass,1.5,2.63,1
Huesler M.A.,88,58,21,37,8,8,13,29,Cressy M.,96,96,42,54,10,11,32,43,2023-06-12,'s-Hertogenbosch,Rosmalen Grass Court Championships,Outdoor,Grass,2.75,1.44,1
Paul T.,14,204,111,93,19,13,92,80,Bonzi B.,107,83,37,46,10,13,27,33,2023-06-13,Stuttgart,Stuttgart Open,Outdoor,Grass,1.36,3.2,1
Shapovalov D.,29,298,166,132,30,27,136,105,Fucsovics M.,67,249,121,128,26,24,95,104,2023-06-13,Stuttgart,Stuttgart Open,Outdoor,Grass,1.8,2.0,0
Kyrgios N.,25,303,195,108,11,7,184,101,Wu Y.,90,36,15,21,5,0,10,21,2023-06-13,Stuttgart,Stuttgart Open,Outdoor,Grass,1.29,3.75,0
Struff J.L.,21,369,170,199,43,42,127,157,Zhang Zh.,53,44,20,24,1,2,19,22,2023-06-13,Stuttgart,Stuttgart Open,Outdoor,Grass,1.4,3.0,1
Barrere G.,59,79,31,48,11,16,20,32,Otte O.,233,78,33,45,6,14,27,31,2023-06-13,Stuttgart,Stuttgart Open,Outdoor,Grass,2.2,1.67,1
O Connell C.,74,65,26,39,0,0,26,39,Altmaier D.,51,79,28,51,1,5,27,46,2023-06-13,Stuttgart,Stuttgart Open,Outdoor,Grass,1.73,2.1,1
Thompson J.,71,221,96,125,10,10,86,115,Mpetshi G.,233,2,0,2,0,0,0,2,2023-06-13,'s-Hertogenbosch,Rosmalen Grass Court Championships,Outdoor,Grass,1.2,4.5,1
Goffin D.,123,522,296,226,66,52,230,174,Bublik A.,25,219,110,109,39,30,71,79,2023-06-13,'s-Hertogenbosch,Rosmalen Grass Court Championships,Outdoor,Grass,2.1,1.73,0
Moutet C.,80,118,50,68,5,11,45,57,Karatsev A.,75,136,66,70,10,22,56,48,2023-06-13,Stuttgart,Stuttgart Open,Outdoor,Grass,2.2,1.67,0
Nakashima B.,70,106,57,49,6,5,51,44,Ruusuvuori E.,55,158,79,79,16,18,63,61,2023-06-13,'s-Hertogenbosch,Rosmalen Grass Court Championships,Outdoor,Grass,1.8,2.0,0
Griekspoor T.,37,97,47,50,7,14,40,36,Ymer M.,59,130,58,72,18,23,40,49,2023-06-13,'s-Hertogenbosch,Rosmalen Grass Court Championships,Outdoor,Grass,1.53,2.5,1
Popyrin A.,90,140,59,81,9,13,50,68,Rinderknech A.,67,96,46,50,16,12,30,38,2023-06-13,'s-Hertogenbosch,Rosmalen Grass Court Championships,Outdoor,Grass,1.67,2.2,1
Ivashka I.,113,159,78,81,19,18,59,63,Mcdonald M.,60,190,87,103,11,15,76,88,2023-06-13,'s-Hertogenbosch,Rosmalen Grass Court Championships,Outdoor,Grass,1.67,2.2,0
Fils A.,71,24,15,9,6,3,9,6,Mannarino A.,27,567,264,303,60,73,204,230,2023-06-13,'s-Hertogenbosch,Rosmalen Grass Court Championships,Outdoor,Grass,2.2,1.67,0
Berankis R.,212,249,104,145,36,31,68,114,Djere L.,38,243,120,123,10,22,110,101,2023-06-13,'s-Hertogenbosch,Rosmalen Grass Court Championships,Outdoor,Grass,1.73,2.1,0
Coric B.,15,343,185,158,28,28,157,130,Mcdonald M.,60,190,87,103,11,15,76,88,2023-06-14,'s-Hertogenbosch,Rosmalen Grass Court Championships,Outdoor,Grass,1.62,2.3,0
Humbert U.,36,170,80,90,23,21,57,69,Ruusuvuori E.,55,158,79,79,16,18,63,61,2023-06-14,'s-Hertogenbosch,Rosmalen Grass Court Championships,Outdoor,Grass,1.73,2.1,0
Sonego L.,43,221,107,114,19,17,88,97,O Connell C.,74,65,26,39,0,0,26,39,2023-06-14,Stuttgart,Stuttgart Open,Outdoor,Grass,1.4,3.0,0
Watanuki Y.,99,25,11,14,0,0,11,14,Hurkacz H.,17,238,137,101,27,24,110,77,2023-06-14,Stuttgart,Stuttgart Open,Outdoor,Grass,4.0,1.25,0
Barrere G.,59,79,31,48,11,16,20,32,Musetti L.,18,143,79,64,12,12,67,52,2023-06-14,Stuttgart,Stuttgart Open,Outdoor,Grass,2.0,1.8,0
Tiafoe F.,10,303,158,145,24,23,134,122,Lehecka J.,33,61,30,31,4,4,26,27,2023-06-14,Stuttgart,Stuttgart Open,Outdoor,Grass,1.44,2.75,1
Bublik A.,25,219,110,109,39,30,71,79,Sinner J.,8,224,153,71,42,19,111,52,2023-06-14,'s-Hertogenbosch,Rosmalen Grass Court Championships,Outdoor,Grass,3.75,1.29,0
Hijikata R.,110,16,7,9,0,0,7,9,Huesler M.A.,88,58,21,37,8,8,13,29,2023-06-14,'s-Hertogenbosch,Rosmalen Grass Court Championships,Outdoor,Grass,2.1,1.73,1
Wu Y.,90,36,15,21,5,0,10,21,Fucsovics M.,67,249,121,128,26,24,95,104,2023-06-15,Stuttgart,Stuttgart Open,Outdoor,Grass,2.5,1.53,0
Struff J.L.,21,369,170,199,43,42,127,157,Paul T.,14,204,111,93,19,13,92,80,2023-06-15,Stuttgart,Stuttgart Open,Outdoor,Grass,2.3,1.62,1
Tsitsipas S.,5,390,264,126,49,32,215,94,Gasquet R.,48,948,581,367,133,82,448,285,2023-06-15,Stuttgart,Stuttgart Open,Outdoor,Grass,1.25,4.0,0
Karatsev A.,75,136,66,70,10,22,56,48,Fritz T.,9,356,205,151,26,22,179,129,2023-06-15,Stuttgart,Stuttgart Open,Outdoor,Grass,4.5,1.2,0
Djere L.,38,243,120,123,10,22,110,101,De Minaur A.,19,272,161,111,30,19,131,92,2023-06-15,'s-Hertogenbosch,Rosmalen Grass Court Championships,Outdoor,Grass,4.0,1.25,0
Popyrin A.,90,140,59,81,9,13,50,68,Griekspoor T.,37,97,47,50,7,14,40,36,2023-06-15,'s-Hertogenbosch,Rosmalen Grass Court Championships,Outdoor,Grass,2.1,1.73,0
Medvedev D.,3,406,289,117,69,27,220,90,Mannarino A.,27,567,264,303,60,73,204,230,2023-06-15,'s-Hertogenbosch,Rosmalen Grass Court Championships,Outdoor,Grass,1.2,4.5,0
Thompson J.,71,221,96,125,10,10,86,115,Raonic M.,849,540,361,179,64,34,297,145,2023-06-15,'s-Hertogenbosch,Rosmalen Grass Court Championships,Outdoor,Grass,2.2,1.67,1
Struff J.L.,21,369,170,199,43,42,127,157,Gasquet R.,48,948,581,367,133,82,448,285,2023-06-16,Stuttgart,Stuttgart Open,Outdoor,Grass,1.44,2.75,1
O Connell C.,74,65,26,39,0,0,26,39,Hurkacz H.,17,238,137,101,27,24,110,77,2023-06-16,Stuttgart,Stuttgart Open,Outdoor,Grass,3.0,1.4,0
Tiafoe F.,10,303,158,145,24,23,134,122,Musetti L.,18,143,79,64,12,12,67,52,2023-06-16,Stuttgart,Stuttgart Open,Outdoor,Grass,1.44,2.75,1
Fritz T.,9,356,205,151,26,22,179,129,Fucsovics M.,67,249,121,128,26,24,95,104,2023-06-16,Stuttgart,Stuttgart Open,Outdoor,Grass,1.25,4.0,0
Mannarino A.,27,567,264,303,60,73,204,230,Thompson J.,71,221,96,125,10,10,86,115,2023-06-16,'s-Hertogenbosch,Rosmalen Grass Court Championships,Outdoor,Grass,1.67,2.2,0
De Minaur A.,19,272,161,111,30,19,131,92,Griekspoor T.,37,97,47,50,7,14,40,36,2023-06-16,'s-Hertogenbosch,Rosmalen Grass Court Championships,Outdoor,Grass,1.62,2.3,0
Sinner J.,8,224,153,71,42,19,111,52,Ruusuvuori E.,55,158,79,79,16,18,63,61,2023-06-16,'s-Hertogenbosch,Rosmalen Grass Court Championships,Outdoor,Grass,1.25,4.0,0
Mcdonald M.,60,190,87,103,11,15,76,88,Hijikata R.,110,16,7,9,0,0,7,9,2023-06-16,'s-Hertogenbosch,Rosmalen Grass Court Championships,Outdoor,Grass,1.4,3.0,0
Tiafoe F.,10,303,158,145,24,23,134,122,Fucsovics M.,67,249,121,128,26,24,95,104,2023-06-17,Stuttgart,Stuttgart Open,Outdoor,Grass,1.57,2.38,1
Thompson J.,71,221,96,125,10,10,86,115,Hijikata R.,110,16,7,9,0,0,7,9,2023-06-17,'s-Hertogenbosch,Rosmalen Grass Court Championships,Outdoor,Grass,1.44,2.75,1
Griekspoor T.,37,97,47,50,7,14,40,36,Ruusuvuori E.,55,158,79,79,16,18,63,61,2023-06-17,'s-Hertogenbosch,Rosmalen Grass Court Championships,Outdoor,Grass,2.3,1.62,1
Hurkacz H.,17,238,137,101,27,24,110,77,Struff J.L.,21,369,170,199,43,42,127,157,2023-06-17,Stuttgart,Stuttgart Open,Outdoor,Grass,1.67,2.2,0
Tiafoe F.,10,303,158,145,24,23,134,122,Struff J.L.,21,369,170,199,43,42,127,157,2023-06-18,Stuttgart,Stuttgart Open,Outdoor,Grass,1.8,2.0,1
Thompson J.,71,221,96,125,10,10,86,115,Griekspoor T.,37,97,47,50,7,14,40,36,2023-06-18,'s-Hertogenbosch,Rosmalen Grass Court Championships,Outdoor,Grass,2.3,1.62,0
Peniston R.,268,13,6,7,0,0,6,7,Humbert U.,36,170,80,90,23,21,57,69,2023-06-19,Queens Club,Queen's Club Championships,Outdoor,Grass,4.5,1.2,1
Kecmanovic M.,40,210,107,103,12,16,95,87,Norrie C.,13,287,172,115,15,18,157,97,2023-06-19,Queens Club,Queen's Club Championships,Outdoor,Grass,3.4,1.33,0
Shelton B.,43,34,13,21,0,0,13,21,Wolf J.J.,45,75,39,36,8,6,31,30,2023-06-19,Queens Club,Queen's Club Championships,Outdoor,Grass,2.1,1.73,1
Evans D.,30,251,124,127,18,16,106,111,Korda S.,26,126,75,51,15,9,60,42,2023-06-19,Queens Club,Queen's Club Championships,Outdoor,Grass,2.0,1.8,0
Schwartzman D.,95,428,233,195,32,27,201,168,Mcdonald M.,60,190,87,103,11,15,76,88,2023-06-19,Queens Club,Queen's Club Championships,Outdoor,Grass,4.0,1.25,1
Choinski J.,151,6,1,5,0,0,1,5,Musetti L.,18,143,79,64,12,12,67,52,2023-06-19,Queens Club,Queen's Club Championships,Outdoor,Grass,8.0,1.08,0
Paul T.,14,204,111,93,19,13,92,80,Cerundolo F.,21,104,58,46,3,7,55,39,2023-06-19,Queens Club,Queen's Club Championships,Outdoor,Grass,1.33,3.4,0
Otte O.,233,78,33,45,6,14,27,31,Djere L.,38,243,120,123,10,22,110,101,2023-06-19,Halle,Halle Open,Outdoor,Grass,1.8,2.0,0
Medvedev D.,3,406,289,117,69,27,220,90,Giron M.,69,150,68,82,20,14,48,68,2023-06-19,Halle,Halle Open,Outdoor,Grass,1.13,6.0,1
Barrere G.,59,79,31,48,11,16,20,32,Tsitsipas S.,5,390,264,126,49,32,215,94,2023-06-19,Halle,Halle Open,Outdoor,Grass,4.5,1.2,0
Moutet C.,80,118,50,68,5,11,45,57,Jarry N.,28,141,73,68,9,6,64,62,2023-06-19,Halle,Halle Open,Outdoor,Grass,2.3,1.62,0
Harris L.,186,129,59,70,7,8,52,62,Shapovalov D.,29,298,166,132,30,27,136,105,2023-06-19,Halle,Halle Open,Outdoor,Grass,3.0,1.4,0
Ymer M.,59,130,58,72,18,23,40,49,Nakashima B.,70,106,57,49,6,5,51,44,2023-06-19,Halle,Halle Open,Outdoor,Grass,3.2,1.36,0
Cressy M.,96,96,42,54,10,11,32,43,Rune H.,6,131,83,48,28,9,55,39,2023-06-20,Queens Club,Queen's Club Championships,Outdoor,Grass,2.63,1.5,0
Davidovich Fokina A.,39,168,84,84,17,20,67,64,Lehecka J.,33,61,30,31,4,4,26,27,2023-06-20,Queens Club,Queen's Club Championships,Outdoor,Grass,1.67,2.2,0
Murray A.,44,932,687,245,132,47,555,198,De Minaur A.,19,272,161,111,30,19,131,92,2023-06-20,Queens Club,Queen's Club Championships,Outdoor,Grass,1.67,2.2,0
Van De Zandschulp B.,44,117,63,54,11,11,52,43,Tiafoe F.,10,303,158,145,24,23,134,122,2023-06-20,Queens Club,Queen's Club Championships,Outdoor,Grass,2.75,1.44,0
Ruusuvuori E.,55,158,79,79,16,18,63,61,Dimitrov G.,20,651,389,262,79,50,310,212,2023-06-20,Queens Club,Queen's Club Championships,Outdoor,Grass,2.2,1.67,0
Mannarino A.,27,567,264,303,60,73,204,230,Broady L.,125,47,18,29,5,3,13,26,2023-06-20,Queens Club,Queen's Club Championships,Outdoor,Grass,1.4,3.0,1
Zapata Miralles B.,54,80,32,48,1,6,31,42,Fritz T.,9,356,205,151,26,22,179,129,2023-06-20,Queens Club,Queen's Club Championships,Outdoor,Grass,10.0,1.06,0
Alcaraz C.,1,164,130,34,10,5,120,29,Rinderknech A.,67,96,46,50,16,12,30,38,2023-06-20,Queens Club,Queen's Club Championships,Outdoor,Grass,1.1,7.0,1
Popyrin A.,90,140,59,81,9,13,50,68,Thompson J.,71,221,96,125,10,10,86,115,2023-06-20,Queens Club,Queen's Club Championships,Outdoor,Grass,2.63,1.5,0
Vavassori A.,128,12,5,7,1,1,4,6,Bautista Agut R.,25,379,234,145,31,29,203,116,2023-06-20,Halle,Halle Open,Outdoor,Grass,4.5,1.2,0
Karatsev A.,75,136,66,70,10,22,56,48,Sonego L.,43,221,107,114,19,17,88,97,2023-06-20,Halle,Halle Open,Outdoor,Grass,3.0,1.4,0
Sinner J.,8,224,153,71,42,19,111,52,Gasquet R.,48,948,581,367,133,82,448,285,2023-06-20,Halle,Halle Open,Outdoor,Grass,1.2,4.5,1
Wessels L.,347,3,1,2,0,0,1,2,Hanfmann Y.,50,99,50,49,5,4,45,45,2023-06-20,Halle,Halle Open,Outdoor,Grass,4.33,1.22,0
Wu Y.,90,36,15,21,5,0,10,21,Rublev A.,7,392,255,137,57,34,198,103,2023-06-20,Halle,Halle Open,Outdoor,Grass,3.5,1.3,0
Griekspoor T.,37,97,47,50,7,14,40,36,Carballes Baena R.,64,207,91,116,11,10,80,106,2023-06-20,Halle,Halle Open,Outdoor,Grass,1.22,4.33,1
Thiem D.,116,517,327,190,53,39,274,151,Zverev A.,19,500,346,154,60,31,286,123,2023-06-20,Halle,Halle Open,Outdoor,Grass,6.0,1.13,0
Coric B.,15,343,185,158,28,28,157,130,Bublik A.,25,219,110,109,39,30,71,79,2023-06-20,Halle,Halle Open,Outdoor,Grass,2.0,1.8,0
Eubanks C.,29,64,28,36,1,3,27,33,Hurkacz H.,17,238,137,101,27,24,110,77,2023-06-20,Halle,Halle Open,Outdoor,Grass,3.5,1.3,0
Safiullin R.,92,42,20,22,7,7,13,15,Struff J.L.,21,369,170,199,43,42,127,157,2023-06-21,Halle,Halle Open,Outdoor,Grass,2.75,1.44,0
Nakashima B.,70,106,57,49,6,5,51,44,Bautista Agut R.,25,379,234,145,31,29,203,116,2023-06-21,Halle,Halle Open,Outdoor,Grass,2.2,1.67,0
Djere L.,38,243,120,123,10,22,110,101,Medvedev D.,3,406,289,117,69,27,220,90,2023-06-21,Halle,Halle Open,Outdoor,Grass,8.0,1.08,0
Tsitsipas S.,5,390,264,126,49,32,215,94,Jarry N.,28,141,73,68,9,6,64,62,2023-06-21,Halle,Halle Open,Outdoor,Grass,1.4,3.0,0
Shapovalov D.,29,298,166,132,30,27,136,105,Zverev A.,19,500,346,154,60,31,286,123,2023-06-21,Halle,Halle Open,Outdoor,Grass,3.0,1.4,0
Musetti L.,18,143,79,64,12,12,67,52,Shelton B.,43,34,13,21,0,0,13,21,2023-06-21,Queens Club,Queen's Club Championships,Outdoor,Grass,1.62,2.3,1
Thompson J.,71,221,96,125,10,10,86,115,Norrie C.,13,287,172,115,15,18,157,97,2023-06-21,Queens Club,Queen's Club Championships,Outdoor,Grass,2.63,1.5,0
Peniston R.,268,13,6,7,0,0,6,7,Rune H.,6,131,83,48,28,9,55,39,2023-06-21,Queens Club,Queen's Club Championships,Outdoor,Grass,3.5,1.3,0
Tiafoe F.,10,303,158,145,24,23,134,122,Korda S.,26,126,75,51,15,9,60,42,2023-06-21,Queens Club,Queen's Club Championships,Outdoor,Grass,1.62,2.3,0
Schwartzman D.,95,428,233,195,32,27,201,168,De Minaur A.,19,272,161,111,30,19,131,92,2023-06-22,Queens Club,Queen's Club Championships,Outdoor,Grass,5.5,1.14,0
Alcaraz C.,1,164,130,34,10,5,120,29,Lehecka J.,33,61,30,31,4,4,26,27,2023-06-22,Queens Club,Queen's Club Championships,Outdoor,Grass,1.2,4.5,1
Fritz T.,9,356,205,151,26,22,179,129,Mannarino A.,27,567,264,303,60,73,204,230,2023-06-22,Queens Club,Queen's Club Championships,Outdoor,Grass,1.29,3.75,0
Dimitrov G.,20,651,389,262,79,50,310,212,Cerundolo F.,21,104,58,46,3,7,55,39,2023-06-22,Queens Club,Queen's Club Championships,Outdoor,Grass,1.36,3.2,1
Bublik A.,25,219,110,109,39,30,71,79,Struff J.L.,21,369,170,199,43,42,127,157,2023-06-22,Halle,Halle Open,Outdoor,Grass,2.38,1.57,1
Hurkacz H.,17,238,137,101,27,24,110,77,Griekspoor T.,37,97,47,50,7,14,40,36,2023-06-22,Halle,Halle Open,Outdoor,Grass,1.53,2.5,0
Rublev A.,7,392,255,137,57,34,198,103,Hanfmann Y.,50,99,50,49,5,4,45,45,2023-06-22,Halle,Halle Open,Outdoor,Grass,1.2,4.5,1
Sinner J.,8,224,153,71,42,19,111,52,Sonego L.,43,221,107,114,19,17,88,97,2023-06-22,Halle,Halle Open,Outdoor,Grass,1.29,3.75,1
Dimitrov G.,20,651,389,262,79,50,310,212,Alcaraz C.,1,164,130,34,10,5,120,29,2023-06-23,Queens Club,Queen's Club Championships,Outdoor,Grass,3.2,1.36,0
Rublev A.,7,392,255,137,57,34,198,103,Griekspoor T.,37,97,47,50,7,14,40,36,2023-06-23,Halle,Halle Open,Outdoor,Grass,1.53,2.5,1
Bautista Agut R.,25,379,234,145,31,29,203,116,Medvedev D.,3,406,289,117,69,27,220,90,2023-06-23,Halle,Halle Open,Outdoor,Grass,3.4,1.33,1
Jarry N.,28,141,73,68,9,6,64,62,Zverev A.,19,500,346,154,60,31,286,123,2023-06-23,Halle,Halle Open,Outdoor,Grass,3.2,1.36,0
Sinner J.,8,224,153,71,42,19,111,52,Bublik A.,25,219,110,109,39,30,71,79,2023-06-23,Halle,Halle Open,Outdoor,Grass,1.33,3.4,0
Korda S.,26,126,75,51,15,9,60,42,Norrie C.,13,287,172,115,15,18,157,97,2023-06-23,Queens Club,Queen's Club Championships,Outdoor,Grass,1.8,2.0,1
Musetti L.,18,143,79,64,12,12,67,52,Rune H.,6,131,83,48,28,9,55,39,2023-06-23,Queens Club,Queen's Club Championships,Outdoor,Grass,2.38,1.57,0
De Minaur A.,19,272,161,111,30,19,131,92,Mannarino A.,27,567,264,303,60,73,204,230,2023-06-23,Queens Club,Queen's Club Championships,Outdoor,Grass,1.5,2.63,1
Rublev A.,7,392,255,137,57,34,198,103,Bautista Agut R.,25,379,234,145,31,29,203,116,2023-06-24,Halle,Halle Open,Outdoor,Grass,1.8,2.0,1
De Minaur A.,19,272,161,111,30,19,131,92,Rune H.,6,131,83,48,28,9,55,39,2023-06-24,Queens Club,Queen's Club Championships,Outdoor,Grass,1.91,1.91,1
Bublik A.,25,219,110,109,39,30,71,79,Zverev A.,19,500,346,154,60,31,286,123,2023-06-24,Halle,Halle Open,Outdoor,Grass,2.75,1.44,1
Korda S.,26,126,75,51,15,9,60,42,Alcaraz C.,1,164,130,34,10,5,120,29,2023-06-24,Queens Club,Queen's Club Championships,Outdoor,Grass,3.4,1.33,0
Giron M.,69,150,68,82,20,14,48,68,Pella G.,199,260,118,142,14,16,104,126,2023-06-25,Mallorca,Mallorca Championships,Outdoor,Grass,1.17,5.0,0
O Connell C.,74,65,26,39,0,0,26,39,Moutet C.,80,118,50,68,5,11,45,57,2023-06-25,Mallorca,Mallorca Championships,Outdoor,Grass,1.44,2.75,0
Rublev A.,7,392,255,137,57,34,198,103,Bublik A.,25,219,110,109,39,30,71,79,2023-06-25,Halle,Halle Open,Outdoor,Grass,1.67,2.2,0
De Minaur A.,19,272,161,111,30,19,131,92,Alcaraz C.,1,164,130,34,10,5,120,29,2023-06-25,Queens Club,Queen's Club Championships,Outdoor,Grass,3.75,1.29,0
Ruusuvuori E.,55,158,79,79,16,18,63,61,Barrere G.,59,79,31,48,11,16,20,32,2023-06-26,Eastbourne,Eastbourne International,Outdoor,Grass,1.4,3.0,0
Kotov P.,89,25,10,15,1,4,9,11,Tu L.,252,5,1,4,0,0,1,4,2023-06-26,Mallorca,Mallorca Championships,Outdoor,Grass,1.67,2.2,1
Safiullin R.,92,42,20,22,7,7,13,15,Shelbayh A.,240,6,1,5,0,0,1,5,2023-06-26,Mallorca,Mallorca Championships,Outdoor,Grass,1.4,3.0,1
Carballes Baena R.,64,207,91,116,11,10,80,106,Ivashka I.,113,159,78,81,19,18,59,63,2023-06-26,Mallorca,Mallorca Championships,Outdoor,Grass,4.0,1.25,1
Michelsen A.,140,7,4,3,0,0,4,3,Eubanks C.,29,64,28,36,1,3,27,33,2023-06-26,Mallorca,Mallorca Championships,Outdoor,Grass,2.63,1.5,0
Zapata Miralles B.,54,80,32,48,1,6,31,42,Harris L.,186,129,59,70,7,8,52,62,2023-06-26,Mallorca,Mallorca Championships,Outdoor,Grass,2.63,1.5,0
Cachin P.,54,52,23,29,1,3,22,26,Hanfmann Y.,50,99,50,49,5,4,45,45,2023-06-26,Mallorca,Mallorca Championships,Outdoor,Grass,2.75,1.44,0
Thompson J.,71,221,96,125,10,10,86,115,Gasquet R.,48,948,581,367,133,82,448,285,2023-06-26,Mallorca,Mallorca Championships,Outdoor,Grass,1.53,2.5,1
Baez S.,72,95,47,48,6,6,41,42,Borges N.,69,28,10,18,1,1,9,17,2023-06-26,Eastbourne,Eastbourne International,Outdoor,Grass,2.63,1.5,1
Peniston R.,268,13,6,7,0,0,6,7,Huesler M.A.,88,58,21,37,8,8,13,29,2023-06-26,Eastbourne,Eastbourne International,Outdoor,Grass,2.0,1.8,0
Vukic A.,62,36,15,21,2,1,13,20,Nakashima B.,70,106,57,49,6,5,51,44,2023-06-26,Eastbourne,Eastbourne International,Outdoor,Grass,3.2,1.36,1
Van Assche L.,68,20,7,13,0,3,7,10,Loffhagen G.,371,2,0,2,0,0,0,2,2023-06-26,Eastbourne,Eastbourne International,Outdoor,Grass,1.44,2.75,1
Wu Y.,90,36,15,21,5,0,10,21,Kecmanovic M.,40,210,107,103,12,16,95,87,2023-06-26,Eastbourne,Eastbourne International,Outdoor,Grass,1.73,2.1,0
Etcheverry T.,34,60,26,34,5,3,21,31,Wolf J.J.,45,75,39,36,8,6,31,30,2023-06-26,Eastbourne,Eastbourne International,Outdoor,Grass,2.2,1.67,0
Rinderknech A.,67,96,46,50,16,12,30,38,Ramos-Vinolas A.,82,437,204,233,17,31,187,202,2023-06-27,Mallorca,Mallorca Championships,Outdoor,Grass,1.25,4.0,1
Lestienne C.,109,40,13,27,6,9,7,18,Kubler J.,77,53,24,29,0,1,24,28,2023-06-27,Mallorca,Mallorca Championships,Outdoor,Grass,3.2,1.36,1
Carballes Baena R.,64,207,91,116,11,10,80,106,Moutet C.,80,118,50,68,5,11,45,57,2023-06-27,Mallorca,Mallorca Championships,Outdoor,Grass,3.0,1.4,0
Kotov P.,89,25,10,15,1,4,9,11,Davidovich Fokina A.,39,168,84,84,17,20,67,64,2023-06-27,Mallorca,Mallorca Championships,Outdoor,Grass,3.75,1.29,1
Safiullin R.,92,42,20,22,7,7,13,15,Harris L.,186,129,59,70,7,8,52,62,2023-06-27,Mallorca,Mallorca Championships,Outdoor,Grass,1.8,2.0,0
Mannarino A.,27,567,264,303,60,73,204,230,Pella G.,199,260,118,142,14,16,104,126,2023-06-27,Mallorca,Mallorca Championships,Outdoor,Grass,1.25,4.0,1
Purcell M.,78,28,9,19,0,0,9,19,Lopez F.,634,863,441,422,71,82,370,340,2023-06-27,Mallorca,Mallorca Championships,Outdoor,Grass,1.53,2.5,0
Mcdonald M.,60,190,87,103,11,15,76,88,Cecchinato M.,108,204,79,125,2,14,77,111,2023-06-27,Eastbourne,Eastbourne International,Outdoor,Grass,1.14,5.5,1
Broady L.,125,47,18,29,5,3,13,26,Choinski J.,151,6,1,5,0,0,1,5,2023-06-27,Eastbourne,Eastbourne International,Outdoor,Grass,1.36,3.2,1
Van De Zandschulp B.,44,117,63,54,11,11,52,43,Ymer M.,59,130,58,72,18,23,40,49,2023-06-27,Eastbourne,Eastbourne International,Outdoor,Grass,1.67,2.2,0
Galan D.E.,76,78,33,45,3,5,30,40,Cressy M.,96,96,42,54,10,11,32,43,2023-06-27,Eastbourne,Eastbourne International,Outdoor,Grass,3.0,1.4,0
Sonego L.,43,221,107,114,19,17,88,97,Zhang Zh.,53,44,20,24,1,2,19,22,2023-06-27,Eastbourne,Eastbourne International,Outdoor,Grass,1.2,4.5,0
Eubanks C.,29,64,28,36,1,3,27,33,Shelton B.,43,34,13,21,0,0,13,21,2023-06-28,Mallorca,Mallorca Championships,Outdoor,Grass,2.2,1.67,1
Thompson J.,71,221,96,125,10,10,86,115,Lopez F.,634,863,441,422,71,82,370,340,2023-06-28,Mallorca,Mallorca Championships,Outdoor,Grass,1.17,5.0,0
Kecmanovic M.,40,210,107,103,12,16,95,87,Vukic A.,62,36,15,21,2,1,13,20,2023-06-28,Eastbourne,Eastbourne International,Outdoor,Grass,1.57,2.38,1
Barrere G.,59,79,31,48,11,16,20,32,Jarry N.,28,141,73,68,9,6,64,62,2023-06-28,Eastbourne,Eastbourne International,Outdoor,Grass,2.5,1.53,1
Fritz T.,9,356,205,151,26,22,179,129,Mcdonald M.,60,190,87,103,11,15,76,88,2023-06-28,Eastbourne,Eastbourne International,Outdoor,Grass,1.3,3.5,0
Broady L.,125,47,18,29,5,3,13,26,Ymer M.,59,130,58,72,18,23,40,49,2023-06-28,Eastbourne,Eastbourne International,Outdoor,Grass,2.5,1.53,0
Wolf J.J.,45,75,39,36,8,6,31,30,Van Assche L.,68,20,7,13,0,3,7,10,2023-06-28,Eastbourne,Eastbourne International,Outdoor,Grass,1.36,3.2,1
Cressy M.,96,96,42,54,10,11,32,43,Zhang Zh.,53,44,20,24,1,2,19,22,2023-06-28,Eastbourne,Eastbourne International,Outdoor,Grass,1.5,2.63,0
Huesler M.A.,88,58,21,37,8,8,13,29,Cerundolo F.,21,104,58,46,3,7,55,39,2023-06-28,Eastbourne,Eastbourne International,Outdoor,Grass,2.0,1.8,0
Paul T.,14,204,111,93,19,13,92,80,Baez S.,72,95,47,48,6,6,41,42,2023-06-28,Eastbourne,Eastbourne International,Outdoor,Grass,1.2,4.5,1
Lestienne C.,109,40,13,27,6,9,7,18,Rinderknech A.,67,96,46,50,16,12,30,38,2023-06-28,Mallorca,Mallorca Championships,Outdoor,Grass,2.63,1.5,0
Tsitsipas S.,5,390,264,126,49,32,215,94,Hanfmann Y.,50,99,50,49,5,4,45,45,2023-06-28,Mallorca,Mallorca Championships,Outdoor,Grass,1.3,3.5,0
Harris L.,186,129,59,70,7,8,52,62,Kotov P.,89,25,10,15,1,4,9,11,2023-06-29,Mallorca,Mallorca Championships,Outdoor,Grass,1.36,3.2,1
Rinderknech A.,67,96,46,50,16,12,30,38,Eubanks C.,29,64,28,36,1,3,27,33,2023-06-29,Mallorca,Mallorca Championships,Outdoor,Grass,1.73,2.1,0
Lopez F.,634,863,441,422,71,82,370,340,Hanfmann Y.,50,99,50,49,5,4,45,45,2023-06-29,Mallorca,Mallorca Championships,Outdoor,Grass,2.75,1.44,0
Moutet C.,80,118,50,68,5,11,45,57,Mannarino A.,27,567,264,303,60,73,204,230,2023-06-29,Mallorca,Mallorca Championships,Outdoor,Grass,2.75,1.44,0
Wolf J.J.,45,75,39,36,8,6,31,30,Paul T.,14,204,111,93,19,13,92,80,2023-06-29,Eastbourne,Eastbourne International,Outdoor,Grass,2.63,1.5,0
Barrere G.,59,79,31,48,11,16,20,32,Kecmanovic M.,40,210,107,103,12,16,95,87,2023-06-29,Eastbourne,Eastbourne International,Outdoor,Grass,1.91,1.91,1
Cerundolo F.,21,104,58,46,3,7,55,39,Zhang Zh.,53,44,20,24,1,2,19,22,2023-06-29,Eastbourne,Eastbourne International,Outdoor,Grass,1.73,2.1,1
Ymer M.,59,130,58,72,18,23,40,49,Mcdonald M.,60,190,87,103,11,15,76,88,2023-06-29,Eastbourne,Eastbourne International,Outdoor,Grass,2.2,1.67,0
Harris L.,186,129,59,70,7,8,52,62,Eubanks C.,29,64,28,36,1,3,27,33,2023-06-30,Mallorca,Mallorca Championships,Outdoor,Grass,1.73,2.1,0
Mannarino A.,27,567,264,303,60,73,204,230,Hanfmann Y.,50,99,50,49,5,4,45,45,2023-06-30,Mallorca,Mallorca Championships,Outdoor,Grass,1.91,1.91,1
Cerundolo F.,21,104,58,46,3,7,55,39,Paul T.,14,204,111,93,19,13,92,80,2023-07-01,Eastbourne,Eastbourne International,Outdoor,Grass,2.2,1.67,1
Paul T.,14,204,111,93,19,13,92,80,Barrere G.,59,79,31,48,11,16,20,32,2023-07-01,Eastbourne,Eastbourne International,Outdoor,Grass,1.44,2.75,1
Mannarino A.,27,567,264,303,60,73,204,230,Eubanks C.,29,64,28,36,1,3,27,33,2023-07-01,Mallorca,Mallorca Championships,Outdoor,Grass,1.5,2.63,0
Mcdonald M.,60,190,87,103,11,15,76,88,Cerundolo F.,21,104,58,46,3,7,55,39,2023-07-01,Eastbourne,Eastbourne International,Outdoor,Grass,2.2,1.67,0
Sinner J.,8,224,153,71,42,19,111,52,Cerundolo J.M.,106,29,12,17,2,3,10,14,2023-07-03,London,Wimbledon,Outdoor,Grass,1.02,19.0,1
Lokoli L.,199,8,0,8,0,3,0,5,Ruud C.,4,275,176,99,19,16,157,83,2023-07-03,London,Wimbledon,Outdoor,Grass,5.0,1.17,0
Lajovic D.,66,378,163,215,21,36,142,179,Choinski J.,151,6,1,5,0,0,1,5,2023-07-03,London,Wimbledon,Outdoor,Grass,1.5,2.63,0
Ymer M.,59,130,58,72,18,23,40,49,Molcan A.,120,86,45,41,1,6,44,35,2023-07-03,London,Wimbledon,Outdoor,Grass,1.44,2.75,1
Koepfer D.,84,86,38,48,3,3,35,45,Otte O.,233,78,33,45,6,14,27,31,2023-07-03,London,Wimbledon,Outdoor,Grass,2.3,1.62,0
Wawrinka S.,72,854,535,319,84,69,451,250,Ruusuvuori E.,55,158,79,79,16,18,63,61,2023-07-03,London,Wimbledon,Outdoor,Grass,3.0,1.4,1
Altmaier D.,51,79,28,51,1,5,27,46,Vukic A.,62,36,15,21,2,1,13,20,2023-07-03,London,Wimbledon,Outdoor,Grass,2.75,1.44,0
Kecmanovic M.,40,210,107,103,12,16,95,87,Schwartzman D.,95,428,233,195,32,27,201,168,2023-07-03,London,Wimbledon,Outdoor,Grass,1.44,2.75,0
Munar J.,104,178,75,103,7,12,68,91,Isner J.,114,755,465,290,53,45,412,245,2023-07-03,London,Wimbledon,Outdoor,Grass,3.2,1.36,1
Galan D.E.,76,78,33,45,3,5,30,40,Nishioka Y.,31,215,99,116,15,15,84,101,2023-07-03,London,Wimbledon,Outdoor,Grass,2.1,1.73,1
Bublik A.,25,219,110,109,39,30,71,79,Mcdonald M.,60,190,87,103,11,15,76,88,2023-07-03,London,Wimbledon,Outdoor,Grass,1.44,2.75,1
Wolf J.J.,45,75,39,36,8,6,31,30,Couacaud E.,158,9,2,7,0,1,2,6,2023-07-03,London,Wimbledon,Outdoor,Grass,1.22,4.33,1
Marterer M.,144,91,31,60,2,8,29,52,Gojo B.,115,14,3,11,0,1,3,10,2023-07-03,London,Wimbledon,Outdoor,Grass,2.0,1.8,1
Marozsan F.,87,7,4,3,0,0,4,3,Goffin D.,123,522,296,226,66,52,230,174,2023-07-03,London,Wimbledon,Outdoor,Grass,2.75,1.44,0
Moutet C.,80,118,50,68,5,11,45,57,Gasquet R.,48,948,581,367,133,82,448,285,2023-07-03,London,Wimbledon,Outdoor,Grass,2.38,1.57,1
Mmoh M.,112,55,20,35,0,3,20,32,Auger-Aliassime F.,12,268,163,105,48,22,115,83,2023-07-03,London,Wimbledon,Outdoor,Grass,6.5,1.11,1
Djokovic N.,2,1207,1012,195,146,42,866,153,Cachin P.,54,52,23,29,1,3,22,26,2023-07-03,London,Wimbledon,Outdoor,Grass,1.01,34.0,1
Hurkacz H.,17,238,137,101,27,24,110,77,Ramos-Vinolas A.,82,437,204,233,17,31,187,202,2023-07-03,London,Wimbledon,Outdoor,Grass,1.06,10.0,1
Rublev A.,7,392,255,137,57,34,198,103,Purcell M.,78,28,9,19,0,0,9,19,2023-07-03,London,Wimbledon,Outdoor,Grass,1.06,10.0,1
Thompson J.,71,221,96,125,10,10,86,115,Nakashima B.,70,106,57,49,6,5,51,44,2023-07-03,London,Wimbledon,Outdoor,Grass,1.91,1.91,1
Karatsev A.,75,136,66,70,10,22,56,48,Van Assche L.,68,20,7,13,0,3,7,10,2023-07-03,London,Wimbledon,Outdoor,Grass,1.73,2.1,1
Varillas J.P.,77,22,10,12,1,3,9,9,Musetti L.,18,143,79,64,12,12,67,52,2023-07-03,London,Wimbledon,Outdoor,Grass,10.0,1.06,0
Barrios M.,121,10,3,7,0,0,3,7,Baez S.,72,95,47,48,6,6,41,42,2023-07-03,London,Wimbledon,Outdoor,Grass,2.1,1.73,1
Broady L.,125,47,18,29,5,3,13,26,Lestienne C.,109,40,13,27,6,9,7,18,2023-07-03,London,Wimbledon,Outdoor,Grass,1.5,2.63,1
Etcheverry T.,34,60,26,34,5,3,21,31,Zapata Miralles B.,54,80,32,48,1,6,31,42,2023-07-04,London,Wimbledon,Outdoor,Grass,1.44,2.75,1
Norrie C.,13,287,172,115,15,18,157,97,Machac T.,108,18,6,12,1,1,5,11,2023-07-04,London,Wimbledon,Outdoor,Grass,1.22,4.33,1
Evans D.,30,251,124,127,18,16,106,111,Halys Q.,79,72,23,49,3,10,20,39,2023-07-04,London,Wimbledon,Outdoor,Grass,1.8,2.0,0
Chardy J.,542,591,289,302,44,48,245,254,Alcaraz C.,1,164,130,34,10,5,120,29,2023-07-04,London,Wimbledon,Outdoor,Grass,29.0,1.01,0
Peniston R.,268,13,6,7,0,0,6,7,Murray A.,44,932,687,245,132,47,555,198,2023-07-04,London,Wimbledon,Outdoor,Grass,7.0,1.1,0
Tsitsipas S.,5,390,264,126,49,32,215,94,Thiem D.,116,517,327,190,53,39,274,151,2023-07-05,London,Wimbledon,Outdoor,Grass,1.17,5.0,1
Schwartzman D.,95,428,233,195,32,27,201,168,Sinner J.,8,224,153,71,42,19,111,52,2023-07-05,London,Wimbledon,Outdoor,Grass,11.0,1.05,0
Thompson J.,71,221,96,125,10,10,86,115,Djokovic N.,2,1207,1012,195,146,42,866,153,2023-07-05,London,Wimbledon,Outdoor,Grass,15.0,1.03,0
Fucsovics M.,67,249,121,128,26,24,95,104,Griekspoor T.,37,97,47,50,7,14,40,36,2023-07-05,London,Wimbledon,Outdoor,Grass,2.0,1.8,1
Djere L.,38,243,120,123,10,22,110,101,Cressy M.,96,96,42,54,10,11,32,43,2023-07-05,London,Wimbledon,Outdoor,Grass,2.2,1.67,1
Mannarino A.,27,567,264,303,60,73,204,230,Shevchenko A.,93,20,8,12,0,2,8,10,2023-07-05,London,Wimbledon,Outdoor,Grass,1.2,4.5,1
Shelton B.,43,34,13,21,0,0,13,21,Daniel T.,111,178,67,111,3,10,64,101,2023-07-05,London,Wimbledon,Outdoor,Grass,1.36,3.2,1
Ivashka I.,113,159,78,81,19,18,59,63,Coria F.,108,99,43,56,2,6,41,50,2023-07-05,London,Wimbledon,Outdoor,Grass,1.08,8.0,1
Dellien H.,164,70,22,48,5,5,17,43,Giron M.,69,150,68,82,20,14,48,68,2023-07-05,London,Wimbledon,Outdoor,Grass,15.0,1.03,0
Monteiro T.,121,171,69,102,9,11,60,91,Eubanks C.,29,64,28,36,1,3,27,33,2023-07-05,London,Wimbledon,Outdoor,Grass,4.0,1.25,0
Vesely J.,528,288,130,158,6,19,124,139,Korda S.,26,126,75,51,15,9,60,42,2023-07-05,London,Wimbledon,Outdoor,Grass,7.0,1.1,1
Loffhagen G.,371,2,0,2,0,0,0,2,Rune H.,6,131,83,48,28,9,55,39,2023-07-05,London,Wimbledon,Outdoor,Grass,11.0,1.05,0
Shapovalov D.,29,298,166,132,30,27,136,105,Albot R.,97,215,86,129,26,26,60,103,2023-07-05,London,Wimbledon,Outdoor,Grass,1.2,4.5,1
Safiullin R.,92,42,20,22,7,7,13,15,Bautista Agut R.,25,379,234,145,31,29,203,116,2023-07-05,London,Wimbledon,Outdoor,Grass,3.5,1.3,1
Paul T.,14,204,111,93,19,13,92,80,Mochizuki S.,200,8,0,8,0,1,0,7,2023-07-05,London,Wimbledon,Outdoor,Grass,1.11,6.5,1
Borges N.,69,28,10,18,1,1,9,17,Cerundolo F.,21,104,58,46,3,7,55,39,2023-07-05,London,Wimbledon,Outdoor,Grass,4.33,1.22,0
Popyrin A.,90,140,59,81,9,13,50,68,Stricker D.,106,20,10,10,2,2,8,8,2023-07-05,London,Wimbledon,Outdoor,Grass,2.3,1.62,0
Novak D.,166,58,15,43,6,16,9,27,Raonic M.,849,540,361,179,64,34,297,145,2023-07-05,London,Wimbledon,Outdoor,Grass,1.91,1.91,0
Lehecka J.,33,61,30,31,4,4,26,27,Ofner S.,61,34,16,18,1,2,15,16,2023-07-05,London,Wimbledon,Outdoor,Grass,1.57,2.38,1
Dimitrov G.,20,651,389,262,79,50,310,212,Shimabukuro S.,161,4,1,3,0,0,1,3,2023-07-05,London,Wimbledon,Outdoor,Grass,1.05,11.0,1
Tiafoe F.,10,303,158,145,24,23,134,122,Wu Y.,90,36,15,21,5,0,10,21,2023-07-05,London,Wimbledon,Outdoor,Grass,1.14,5.5,1
Medvedev D.,3,406,289,117,69,27,220,90,Fery A.,391,1,0,1,0,0,0,1,2023-07-05,London,Wimbledon,Outdoor,Grass,1.01,29.0,1
Coric B.,15,343,185,158,28,28,157,130,Pella G.,199,260,118,142,14,16,104,126,2023-07-05,London,Wimbledon,Outdoor,Grass,1.36,3.2,0
Muller A.,81,22,9,13,0,1,9,12,Rinderknech A.,67,96,46,50,16,12,30,38,2023-07-05,London,Wimbledon,Outdoor,Grass,4.33,1.22,1
Fritz T.,9,356,205,151,26,22,179,129,Hanfmann Y.,50,99,50,49,5,4,45,45,2023-07-05,London,Wimbledon,Outdoor,Grass,1.22,4.33,1
Mayot H.,181,4,1,3,0,1,1,2,Bonzi B.,107,83,37,46,10,13,27,33,2023-07-05,London,Wimbledon,Outdoor,Grass,1.62,2.3,1
Harris L.,186,129,59,70,7,8,52,62,Barrere G.,59,79,31,48,11,16,20,32,2023-07-05,London,Wimbledon,Outdoor,Grass,1.73,2.1,0
Moutet C.,80,118,50,68,5,11,45,57,Safiullin R.,92,42,20,22,7,7,13,15,2023-07-06,London,Wimbledon,Outdoor,Grass,2.2,1.67,0
Karatsev A.,75,136,66,70,10,22,56,48,Rublev A.,7,392,255,137,57,34,198,103,2023-07-06,London,Wimbledon,Outdoor,Grass,4.5,1.2,0
Ruud C.,4,275,176,99,19,16,157,83,Broady L.,125,47,18,29,5,3,13,26,2023-07-06,London,Wimbledon,Outdoor,Grass,1.2,4.5,0
Otte O.,233,78,33,45,6,14,27,31,Galan D.E.,76,78,33,45,3,5,30,40,2023-07-06,London,Wimbledon,Outdoor,Grass,1.44,2.75,0
Raonic M.,849,540,361,179,64,34,297,145,Paul T.,14,204,111,93,19,13,92,80,2023-07-06,London,Wimbledon,Outdoor,Grass,2.75,1.44,0
Tiafoe F.,10,303,158,145,24,23,134,122,Stricker D.,106,20,10,10,2,2,8,8,2023-07-06,London,Wimbledon,Outdoor,Grass,1.2,4.5,1
Lehecka J.,33,61,30,31,4,4,26,27,Cerundolo F.,21,104,58,46,3,7,55,39,2023-07-06,London,Wimbledon,Outdoor,Grass,2.0,1.8,1
Pella G.,199,260,118,142,14,16,104,126,Mayot H.,181,4,1,3,0,1,1,2,2023-07-06,London,Wimbledon,Outdoor,Grass,2.2,1.67,1
Ymer M.,59,130,58,72,18,23,40,49,Fritz T.,9,356,205,151,26,22,179,129,2023-07-06,London,Wimbledon,Outdoor,Grass,4.5,1.2,1
Barrere G.,59,79,31,48,11,16,20,32,Shapovalov D.,29,298,166,132,30,27,136,105,2023-07-06,London,Wimbledon,Outdoor,Grass,2.38,1.57,0
Shelton B.,43,34,13,21,0,0,13,21,Djere L.,38,243,120,123,10,22,110,101,2023-07-06,London,Wimbledon,Outdoor,Grass,1.53,2.5,0
Dimitrov G.,20,651,389,262,79,50,310,212,Ivashka I.,113,159,78,81,19,18,59,63,2023-07-06,London,Wimbledon,Outdoor,Grass,1.17,5.0,1
Barrios M.,121,10,3,7,0,0,3,7,Goffin D.,123,522,296,226,66,52,230,174,2023-07-06,London,Wimbledon,Outdoor,Grass,3.2,1.36,0
Wolf J.J.,45,75,39,36,8,6,31,30,Bublik A.,25,219,110,109,39,30,71,79,2023-07-06,London,Wimbledon,Outdoor,Grass,2.75,1.44,0
Munar J.,104,178,75,103,7,12,68,91,Musetti L.,18,143,79,64,12,12,67,52,2023-07-06,London,Wimbledon,Outdoor,Grass,5.5,1.14,0
Choinski J.,151,6,1,5,0,0,1,5,Hurkacz H.,17,238,137,101,27,24,110,77,2023-07-06,London,Wimbledon,Outdoor,Grass,9.0,1.07,0
Fils A.,71,24,15,9,6,3,9,6,Davidovich Fokina A.,39,168,84,84,17,20,67,64,2023-07-06,London,Wimbledon,Outdoor,Grass,2.2,1.67,0
Zhang Zh.,53,44,20,24,1,2,19,22,Van De Zandschulp B.,44,117,63,54,11,11,52,43,2023-07-06,London,Wimbledon,Outdoor,Grass,2.2,1.67,0
Marterer M.,144,91,31,60,2,8,29,52,Mmoh M.,112,55,20,35,0,3,20,32,2023-07-06,London,Wimbledon,Outdoor,Grass,1.8,2.0,1
Watanuki Y.,99,25,11,14,0,0,11,14,Huesler M.A.,88,58,21,37,8,8,13,29,2023-07-06,London,Wimbledon,Outdoor,Grass,1.8,2.0,1
Brouwer G.,144,21,11,10,3,2,8,8,Zverev A.,19,500,346,154,60,31,286,123,2023-07-06,London,Wimbledon,Outdoor,Grass,9.0,1.07,0
O Connell C.,74,65,26,39,0,0,26,39,Medjedovic H.,147,11,3,8,0,1,3,7,2023-07-06,London,Wimbledon,Outdoor,Grass,1.62,2.3,1
Carballes Baena R.,64,207,91,116,11,10,80,106,Arnaldi M.,76,18,9,9,0,0,9,9,2023-07-06,London,Wimbledon,Outdoor,Grass,2.75,1.44,1
Humbert U.,36,170,80,90,23,21,57,69,Kubler J.,77,53,24,29,0,1,24,28,2023-07-06,London,Wimbledon,Outdoor,Grass,1.62,2.3,0
Cecchinato M.,108,204,79,125,2,14,77,111,Jarry N.,28,141,73,68,9,6,64,62,2023-07-06,London,Wimbledon,Outdoor,Grass,11.0,1.05,0
Berrettini M.,38,217,142,75,14,11,128,64,Sonego L.,43,221,107,114,19,17,88,97,2023-07-06,London,Wimbledon,Outdoor,Grass,2.5,1.53,1
Etcheverry T.,34,60,26,34,5,3,21,31,Wawrinka S.,72,854,535,319,84,69,451,250,2023-07-06,London,Wimbledon,Outdoor,Grass,2.63,1.5,0
Vukic A.,62,36,15,21,2,1,13,20,Halys Q.,79,72,23,49,3,10,20,39,2023-07-06,London,Wimbledon,Outdoor,Grass,2.2,1.67,0
De Minaur A.,19,272,161,111,30,19,131,92,Coppejans K.,188,11,0,11,0,3,0,8,2023-07-06,London,Wimbledon,Outdoor,Grass,1.03,17.0,1
Tsitsipas S.,5,390,264,126,49,32,215,94,Murray A.,44,932,687,245,132,47,555,198,2023-07-07,London,Wimbledon,Outdoor,Grass,2.1,1.73,1
Rublev A.,7,392,255,137,57,34,198,103,Goffin D.,123,522,296,226,66,52,230,174,2023-07-07,London,Wimbledon,Outdoor,Grass,1.2,4.5,1
Pella G.,199,260,118,142,14,16,104,126,Safiullin R.,92,42,20,22,7,7,13,15,2023-07-07,London,Wimbledon,Outdoor,Grass,2.75,1.44,0
Broady L.,125,47,18,29,5,3,13,26,Shapovalov D.,29,298,166,132,30,27,136,105,2023-07-07,London,Wimbledon,Outdoor,Grass,3.75,1.29,0
Galan D.E.,76,78,33,45,3,5,30,40,Ymer M.,59,130,58,72,18,23,40,49,2023-07-07,London,Wimbledon,Outdoor,Grass,3.0,1.4,1
Marterer M.,144,91,31,60,2,8,29,52,Bublik A.,25,219,110,109,39,30,71,79,2023-07-07,London,Wimbledon,Outdoor,Grass,5.5,1.14,0
Wawrinka S.,72,854,535,319,84,69,451,250,Djokovic N.,2,1207,1012,195,146,42,866,153,2023-07-07,London,Wimbledon,Outdoor,Grass,15.0,1.04,0
Musetti L.,18,143,79,64,12,12,67,52,Hurkacz H.,17,238,137,101,27,24,110,77,2023-07-07,London,Wimbledon,Outdoor,Grass,2.3,1.62,0
Eubanks C.,29,64,28,36,1,3,27,33,Norrie C.,13,287,172,115,15,18,157,97,2023-07-07,London,Wimbledon,Outdoor,Grass,3.5,1.3,1
Sinner J.,8,224,153,71,42,19,111,52,Halys Q.,79,72,23,49,3,10,20,39,2023-07-07,London,Wimbledon,Outdoor,Grass,1.14,5.5,1
Muller A.,81,22,9,13,0,1,9,12,Alcaraz C.,1,164,130,34,10,5,120,29,2023-07-07,London,Wimbledon,Outdoor,Grass,21.0,1.02,0
Watanuki Y.,99,25,11,14,0,0,11,14,Zverev A.,19,500,346,154,60,31,286,123,2023-07-07,London,Wimbledon,Outdoor,Grass,6.0,1.13,0
Van De Zandschulp B.,44,117,63,54,11,11,52,43,Davidovich Fokina A.,39,168,84,84,17,20,67,64,2023-07-07,London,Wimbledon,Outdoor,Grass,2.5,1.53,0
Mannarino A.,27,567,264,303,60,73,204,230,Medvedev D.,3,406,289,117,69,27,220,90,2023-07-07,London,Wimbledon,Outdoor,Grass,4.33,1.22,0
Fucsovics M.,67,249,121,128,26,24,95,104,Giron M.,69,150,68,82,20,14,48,68,2023-07-07,London,Wimbledon,Outdoor,Grass,1.36,3.2,1
Berrettini M.,38,217,142,75,14,11,128,64,De Minaur A.,19,272,161,111,30,19,131,92,2023-07-07,London,Wimbledon,Outdoor,Grass,2.38,1.57,1
O Connell C.,74,65,26,39,0,0,26,39,Vesely J.,528,288,130,158,6,19,124,139,2023-07-07,London,Wimbledon,Outdoor,Grass,1.91,1.91,1
Carballes Baena R.,64,207,91,116,11,10,80,106,Rune H.,6,131,83,48,28,9,55,39,2023-07-07,London,Wimbledon,Outdoor,Grass,10.0,1.06,0
Jarry N.,28,141,73,68,9,6,64,62,Kubler J.,77,53,24,29,0,1,24,28,2023-07-07,London,Wimbledon,Outdoor,Grass,1.57,2.38,1
Zverev A.,19,500,346,154,60,31,286,123,Berrettini M.,38,217,142,75,14,11,128,64,2023-07-08,London,Wimbledon,Outdoor,Grass,1.8,2.0,0
Djere L.,38,243,120,123,10,22,110,101,Tsitsipas S.,5,390,264,126,49,32,215,94,2023-07-08,London,Wimbledon,Outdoor,Grass,4.5,1.2,0
Jarry N.,28,141,73,68,9,6,64,62,Alcaraz C.,1,164,130,34,10,5,120,29,2023-07-08,London,Wimbledon,Outdoor,Grass,8.0,1.08,0
Davidovich Fokina A.,39,168,84,84,17,20,67,64,Rune H.,6,131,83,48,28,9,55,39,2023-07-08,London,Wimbledon,Outdoor,Grass,3.0,1.4,0
Eubanks C.,29,64,28,36,1,3,27,33,O Connell C.,74,65,26,39,0,0,26,39,2023-07-08,London,Wimbledon,Outdoor,Grass,1.53,2.5,1
Lehecka J.,33,61,30,31,4,4,26,27,Paul T.,14,204,111,93,19,13,92,80,2023-07-08,London,Wimbledon,Outdoor,Grass,2.0,1.8,1
Medvedev D.,3,406,289,117,69,27,220,90,Fucsovics M.,67,249,121,128,26,24,95,104,2023-07-08,London,Wimbledon,Outdoor,Grass,1.22,4.33,1
Tiafoe F.,10,303,158,145,24,23,134,122,Dimitrov G.,20,651,389,262,79,50,310,212,2023-07-09,London,Wimbledon,Outdoor,Grass,1.8,2.0,0
Rublev A.,7,392,255,137,57,34,198,103,Bublik A.,25,219,110,109,39,30,71,79,2023-07-09,London,Wimbledon,Outdoor,Grass,1.8,2.0,1
Shapovalov D.,29,298,166,132,30,27,136,105,Safiullin R.,92,42,20,22,7,7,13,15,2023-07-09,London,Wimbledon,Outdoor,Grass,1.57,2.38,0
Sinner J.,8,224,153,71,42,19,111,52,Galan D.E.,76,78,33,45,3,5,30,40,2023-07-09,London,Wimbledon,Outdoor,Grass,1.04,13.0,1
Lehecka J.,33,61,30,31,4,4,26,27,Medvedev D.,3,406,289,117,69,27,220,90,2023-07-10,London,Wimbledon,Outdoor,Grass,4.0,1.25,0
Eubanks C.,29,64,28,36,1,3,27,33,Tsitsipas S.,5,390,264,126,49,32,215,94,2023-07-10,London,Wimbledon,Outdoor,Grass,3.2,1.36,1
Hurkacz H.,17,238,137,101,27,24,110,77,Djokovic N.,2,1207,1012,195,146,42,866,153,2023-07-10,London,Wimbledon,Outdoor,Grass,11.0,1.05,0
Dimitrov G.,20,651,389,262,79,50,310,212,Rune H.,6,131,83,48,28,9,55,39,2023-07-10,London,Wimbledon,Outdoor,Grass,1.57,2.38,0
Berrettini M.,38,217,142,75,14,11,128,64,Alcaraz C.,1,164,130,34,10,5,120,29,2023-07-10,London,Wimbledon,Outdoor,Grass,3.0,1.4,0
Sinner J.,8,224,153,71,42,19,111,52,Safiullin R.,92,42,20,22,7,7,13,15,2023-07-11,London,Wimbledon,Outdoor,Grass,1.14,5.5,1
Djokovic N.,2,1207,1012,195,146,42,866,153,Rublev A.,7,392,255,137,57,34,198,103,2023-07-11,London,Wimbledon,Outdoor,Grass,1.07,9.0,1
Rune H.,6,131,83,48,28,9,55,39,Alcaraz C.,1,164,130,34,10,5,120,29,2023-07-12,London,Wimbledon,Outdoor,Grass,4.33,1.22,0
Medvedev D.,3,406,289,117,69,27,220,90,Eubanks C.,29,64,28,36,1,3,27,33,2023-07-12,London,Wimbledon,Outdoor,Grass,1.17,5.0,1
Djokovic N.,2,1207,1012,195,146,42,866,153,Sinner J.,8,224,153,71,42,19,111,52,2023-07-14,London,Wimbledon,Outdoor,Grass,1.2,4.5,1
Alcaraz C.,1,164,130,34,10,5,120,29,Medvedev D.,3,406,289,117,69,27,220,90,2023-07-14,London,Wimbledon,Outdoor,Grass,1.36,3.2,1
Djokovic N.,2,1207,1012,195,146,42,866,153,Alcaraz C.,1,164,130,34,10,5,120,29,2023-07-16,London,Wimbledon,Outdoor,Grass,1.53,2.63,0
Bergs Z.,175,15,4,11,1,5,3,6,Djere L.,38,243,120,123,10,22,110,101,2023-07-17,Gstaad,Suisse Open Gstaad,Outdoor,Clay,3.2,1.36,1
Ritschard A.,163,9,3,6,1,1,2,5,Munar J.,104,178,75,103,7,12,68,91,2023-07-17,Gstaad,Suisse Open Gstaad,Outdoor,Clay,2.75,1.44,0
Zhang Zh.,53,44,20,24,1,2,19,22,Medjedovic H.,147,11,3,8,0,1,3,7,2023-07-17,Gstaad,Suisse Open Gstaad,Outdoor,Clay,2.1,1.73,0
Thiem D.,116,517,327,190,53,39,274,151,Muller A.,81,22,9,13,0,1,9,12,2023-07-17,Gstaad,Suisse Open Gstaad,Outdoor,Clay,1.73,2.1,1
Rodionov J.,118,26,9,17,2,3,7,14,Huesler M.A.,88,58,21,37,8,8,13,29,2023-07-17,Gstaad,Suisse Open Gstaad,Outdoor,Clay,2.1,1.73,1
Broady L.,125,47,18,29,5,3,13,26,Mochizuki S.,200,8,0,8,0,1,0,7,2023-07-17,Newport,Hall of Fame Championships,Outdoor,Grass,1.44,2.75,1
Thompson J.,71,221,96,125,10,10,86,115,Kovacevic A.,129,14,6,8,0,0,6,8,2023-07-17,Newport,Hall of Fame Championships,Outdoor,Grass,1.3,3.5,1
Spizzirri E.,0,1,0,1,0,0,0,1,Moutet C.,80,118,50,68,5,11,45,57,2023-07-17,Newport,Hall of Fame Championships,Outdoor,Grass,7.0,1.1,0
Hijikata R.,110,16,7,9,0,0,7,9,Shelbayh A.,240,6,1,5,0,0,1,5,2023-07-17,Newport,Hall of Fame Championships,Outdoor,Grass,1.44,2.75,1
Monteiro T.,121,171,69,102,9,11,60,91,Galan D.E.,76,78,33,45,3,5,30,40,2023-07-17,Bastad,Nordea Open,Outdoor,Clay,2.1,1.73,1
Van Assche L.,68,20,7,13,0,3,7,10,Madaras D.,191,2,0,2,0,1,0,1,2023-07-17,Bastad,Nordea Open,Outdoor,Clay,1.36,3.2,1
Bonzi B.,107,83,37,46,10,13,27,33,Altmaier D.,51,79,28,51,1,5,27,46,2023-07-17,Gstaad,Suisse Open Gstaad,Outdoor,Clay,3.0,1.4,0
Isner J.,114,755,465,290,53,45,412,245,Bolt A.,345,40,13,27,0,0,13,27,2023-07-18,Newport,Hall of Fame Championships,Outdoor,Grass,1.62,2.3,1
Purcell M.,78,28,9,19,0,0,9,19,Brouwer G.,144,21,11,10,3,2,8,8,2023-07-18,Newport,Hall of Fame Championships,Outdoor,Grass,1.8,2.0,0
Lestienne C.,109,40,13,27,6,9,7,18,Duckworth J.,123,143,55,88,10,9,45,79,2023-07-18,Newport,Hall of Fame Championships,Outdoor,Grass,2.1,1.73,0
Quinn E.,394,3,1,2,0,0,1,2,Mukund S.,356,3,0,3,0,0,0,3,2023-07-18,Newport,Hall of Fame Championships,Outdoor,Grass,1.91,1.91,1
Carballes Baena R.,64,207,91,116,11,10,80,106,Wawrinka S.,72,854,535,319,84,69,451,250,2023-07-18,Gstaad,Suisse Open Gstaad,Outdoor,Clay,2.75,1.44,0
Fognini F.,128,742,383,359,39,48,344,311,Ramos-Vinolas A.,82,437,204,233,17,31,187,202,2023-07-18,Gstaad,Suisse Open Gstaad,Outdoor,Clay,2.1,1.73,0
Stricker D.,106,20,10,10,2,2,8,8,Fils A.,71,24,15,9,6,3,9,6,2023-07-18,Gstaad,Suisse Open Gstaad,Outdoor,Clay,2.2,1.67,1
Varillas J.P.,77,22,10,12,1,3,9,9,Virtanen O.,127,2,0,2,0,0,0,2,2023-07-18,Gstaad,Suisse Open Gstaad,Outdoor,Clay,1.3,3.5,1
Cachin P.,54,52,23,29,1,3,22,26,Daniel T.,111,178,67,111,3,10,64,101,2023-07-18,Gstaad,Suisse Open Gstaad,Outdoor,Clay,1.67,2.2,1
Johnson S.,197,395,196,199,16,23,180,176,Chung Y.,322,2,0,2,0,0,0,2,2023-07-18,Newport,Hall of Fame Championships,Outdoor,Grass,1.4,3.0,1
Diallo G.,140,3,0,3,0,1,0,2,Anderson K.,652,598,347,251,48,38,299,213,2023-07-18,Newport,Hall of Fame Championships,Outdoor,Grass,1.53,2.5,0
Vukic A.,62,36,15,21,2,1,13,20,Tu L.,252,5,1,4,0,0,1,4,2023-07-18,Newport,Hall of Fame Championships,Outdoor,Grass,1.29,3.75,0
Michelsen A.,140,7,4,3,0,0,4,3,Cressy M.,96,96,42,54,10,11,32,43,2023-07-18,Newport,Hall of Fame Championships,Outdoor,Grass,2.75,1.44,1
Rinderknech A.,67,96,46,50,16,12,30,38,Bagnis F.,135,121,39,82,9,8,30,74,2023-07-18,Gstaad,Suisse Open Gstaad,Outdoor,Clay,1.62,2.3,0
Etcheverry T.,34,60,26,34,5,3,21,31,Ofner S.,61,34,16,18,1,2,15,16,2023-07-18,Bastad,Nordea Open,Outdoor,Clay,1.4,3.0,0
Cerundolo J.M.,106,29,12,17,2,3,10,14,Shevchenko A.,93,20,8,12,0,2,8,10,2023-07-18,Bastad,Nordea Open,Outdoor,Clay,1.73,2.1,0
Zverev A.,19,500,346,154,60,31,286,123,Molcan A.,120,86,45,41,1,6,44,35,2023-07-18,Bastad,Nordea Open,Outdoor,Clay,1.14,5.5,1
Dellien H.,164,70,22,48,5,5,17,43,Zapata Miralles B.,54,80,32,48,1,6,31,42,2023-07-18,Bastad,Nordea Open,Outdoor,Clay,2.3,1.62,0
Cecchinato M.,108,204,79,125,2,14,77,111,Kotov P.,89,25,10,15,1,4,9,11,2023-07-18,Bastad,Nordea Open,Outdoor,Clay,1.62,2.3,0
Misolic F.,158,11,6,5,0,1,6,4,Lajovic D.,66,378,163,215,21,36,142,179,2023-07-18,Bastad,Nordea Open,Outdoor,Clay,2.3,1.62,1
Kovalik J.,172,68,24,44,5,8,19,36,Davidovich Fokina A.,39,168,84,84,17,20,67,64,2023-07-18,Bastad,Nordea Open,Outdoor,Clay,6.5,1.11,1
Ymer E.,186,81,24,57,3,11,21,46,Borg L.,437,4,1,3,0,2,1,1,2023-07-18,Bastad,Nordea Open,Outdoor,Clay,1.08,8.0,0
Baez S.,72,95,47,48,6,6,41,42,Coria F.,108,99,43,56,2,6,41,50,2023-07-18,Bastad,Nordea Open,Outdoor,Clay,1.33,3.4,0
Ruusuvuori E.,55,158,79,79,16,18,63,61,Arnaldi M.,76,18,9,9,0,0,9,9,2023-07-18,Bastad,Nordea Open,Outdoor,Clay,1.91,1.91,0
Humbert U.,36,170,80,90,23,21,57,69,Johnson S.,197,395,196,199,16,23,180,176,2023-07-19,Newport,Hall of Fame Championships,Outdoor,Grass,1.36,3.2,1
Mcdonald M.,60,190,87,103,11,15,76,88,Tu L.,252,5,1,4,0,0,1,4,2023-07-19,Newport,Hall of Fame Championships,Outdoor,Grass,1.2,4.5,1
Stricker D.,106,20,10,10,2,2,8,8,Kecmanovic M.,40,210,107,103,12,16,95,87,2023-07-19,Gstaad,Suisse Open Gstaad,Outdoor,Clay,1.73,2.1,0
Hanfmann Y.,50,99,50,49,5,4,45,45,Altmaier D.,51,79,28,51,1,5,27,46,2023-07-19,Gstaad,Suisse Open Gstaad,Outdoor,Clay,1.57,2.38,1
Cerundolo F.,21,104,58,46,3,7,55,39,Van Assche L.,68,20,7,13,0,3,7,10,2023-07-19,Bastad,Nordea Open,Outdoor,Clay,1.36,3.2,1
Rodionov J.,118,26,9,17,2,3,7,14,Bergs Z.,175,15,4,11,1,5,3,6,2023-07-19,Gstaad,Suisse Open Gstaad,Outdoor,Clay,2.1,1.73,0
Musetti L.,18,143,79,64,12,12,67,52,Arnaldi M.,76,18,9,9,0,0,9,9,2023-07-19,Bastad,Nordea Open,Outdoor,Clay,1.36,3.2,1
Borg L.,437,4,1,3,0,2,1,1,Coria F.,108,99,43,56,2,6,41,50,2023-07-19,Bastad,Nordea Open,Outdoor,Clay,5.0,1.17,0
Isner J.,114,755,465,290,53,45,412,245,Moutet C.,80,118,50,68,5,11,45,57,2023-07-19,Newport,Hall of Fame Championships,Outdoor,Grass,1.91,1.91,1
Thompson J.,71,221,96,125,10,10,86,115,Broady L.,125,47,18,29,5,3,13,26,2023-07-19,Newport,Hall of Fame Championships,Outdoor,Grass,1.5,2.63,1
Mannarino A.,27,567,264,303,60,73,204,230,Hijikata R.,110,16,7,9,0,0,7,9,2023-07-19,Newport,Hall of Fame Championships,Outdoor,Grass,1.5,2.63,1
Brouwer G.,144,21,11,10,3,2,8,8,Anderson K.,652,598,347,251,48,38,299,213,2023-07-19,Newport,Hall of Fame Championships,Outdoor,Grass,2.1,1.73,0
Quinn E.,394,3,1,2,0,0,1,2,Paul T.,14,204,111,93,19,13,92,80,2023-07-19,Newport,Hall of Fame Championships,Outdoor,Grass,10.0,1.06,0
Duckworth J.,123,143,55,88,10,9,45,79,Michelsen A.,140,7,4,3,0,0,4,3,2023-07-19,Newport,Hall of Fame Championships,Outdoor,Grass,2.38,1.57,0
Medjedovic H.,147,11,3,8,0,1,3,7,Thiem D.,116,517,327,190,53,39,274,151,2023-07-19,Gstaad,Suisse Open Gstaad,Outdoor,Clay,2.5,1.53,1
Misolic F.,158,11,6,5,0,1,6,4,Kovalik J.,172,68,24,44,5,8,19,36,2023-07-19,Bastad,Nordea Open,Outdoor,Clay,1.8,2.0,1
Mannarino A.,27,567,264,303,60,73,204,230,Thompson J.,71,221,96,125,10,10,86,115,2023-07-20,Newport,Hall of Fame Championships,Outdoor,Grass,2.2,1.67,1
Zapata Miralles B.,54,80,32,48,1,6,31,42,Ofner S.,61,34,16,18,1,2,15,16,2023-07-20,Bastad,Nordea Open,Outdoor,Clay,2.2,1.67,0
Humbert U.,36,170,80,90,23,21,57,69,Anderson K.,652,598,347,251,48,38,299,213,2023-07-20,Newport,Hall of Fame Championships,Outdoor,Grass,1.67,2.2,1
Munar J.,104,178,75,103,7,12,68,91,Wawrinka S.,72,854,535,319,84,69,451,250,2023-07-20,Gstaad,Suisse Open Gstaad,Outdoor,Clay,3.0,1.4,1
Cachin P.,54,52,23,29,1,3,22,26,Bautista Agut R.,25,379,234,145,31,29,203,116,2023-07-20,Gstaad,Suisse Open Gstaad,Outdoor,Clay,2.2,1.67,1
Ramos-Vinolas A.,82,437,204,233,17,31,187,202,Sonego L.,43,221,107,114,19,17,88,97,2023-07-20,Gstaad,Suisse Open Gstaad,Outdoor,Clay,3.0,1.4,1
Bagnis F.,135,121,39,82,9,8,30,74,Varillas J.P.,77,22,10,12,1,3,9,9,2023-07-20,Gstaad,Suisse Open Gstaad,Outdoor,Clay,2.75,1.44,0
Shevchenko A.,93,20,8,12,0,2,8,10,Ruud C.,4,275,176,99,19,16,157,83,2023-07-20,Bastad,Nordea Open,Outdoor,Clay,5.5,1.14,0
Monteiro T.,121,171,69,102,9,11,60,91,Zverev A.,19,500,346,154,60,31,286,123,2023-07-20,Bastad,Nordea Open,Outdoor,Clay,5.5,1.14,0
Kotov P.,89,25,10,15,1,4,9,11,Rublev A.,7,392,255,137,57,34,198,103,2023-07-20,Bastad,Nordea Open,Outdoor,Clay,5.0,1.17,0
Michelsen A.,140,7,4,3,0,0,4,3,Mcdonald M.,60,190,87,103,11,15,76,88,2023-07-21,Newport,Hall of Fame Championships,Outdoor,Grass,2.5,1.53,1
Cerundolo F.,21,104,58,46,3,7,55,39,Coria F.,108,99,43,56,2,6,41,50,2023-07-21,Bastad,Nordea Open,Outdoor,Clay,1.29,3.75,1
Zverev A.,19,500,346,154,60,31,286,123,Rublev A.,7,392,255,137,57,34,198,103,2023-07-21,Bastad,Nordea Open,Outdoor,Clay,1.73,2.1,0
Ruud C.,4,275,176,99,19,16,157,83,Ofner S.,61,34,16,18,1,2,15,16,2023-07-21,Bastad,Nordea Open,Outdoor,Clay,1.17,5.0,1
Cachin P.,54,52,23,29,1,3,22,26,Munar J.,104,178,75,103,7,12,68,91,2023-07-21,Gstaad,Suisse Open Gstaad,Outdoor,Clay,2.0,1.8,1
Paul T.,14,204,111,93,19,13,92,80,Isner J.,114,755,465,290,53,45,412,245,2023-07-21,Newport,Hall of Fame Championships,Outdoor,Grass,1.44,2.75,0
Bergs Z.,175,15,4,11,1,5,3,6,Kecmanovic M.,40,210,107,103,12,16,95,87,2023-07-21,Gstaad,Suisse Open Gstaad,Outdoor,Clay,2.75,1.44,0
Ramos-Vinolas A.,82,437,204,233,17,31,187,202,Varillas J.P.,77,22,10,12,1,3,9,9,2023-07-21,Gstaad,Suisse Open Gstaad,Outdoor,Clay,2.38,1.57,1
Medjedovic H.,147,11,3,8,0,1,3,7,Hanfmann Y.,50,99,50,49,5,4,45,45,2023-07-21,Gstaad,Suisse Open Gstaad,Outdoor,Clay,2.5,1.53,1
Musetti L.,18,143,79,64,12,12,67,52,Misolic F.,158,11,6,5,0,1,6,4,2023-07-21,Bastad,Nordea Open,Outdoor,Clay,1.13,6.0,1
Isner J.,114,755,465,290,53,45,412,245,Michelsen A.,140,7,4,3,0,0,4,3,2023-07-22,Newport,Hall of Fame Championships,Outdoor,Grass,1.8,2.0,0
Medjedovic H.,147,11,3,8,0,1,3,7,Cachin P.,54,52,23,29,1,3,22,26,2023-07-22,Gstaad,Suisse Open Gstaad,Outdoor,Clay,2.1,1.73,0
Rublev A.,7,392,255,137,57,34,198,103,Cerundolo F.,21,104,58,46,3,7,55,39,2023-07-22,Bastad,Nordea Open,Outdoor,Clay,1.57,2.38,1
Kecmanovic M.,40,210,107,103,12,16,95,87,Ramos-Vinolas A.,82,437,204,233,17,31,187,202,2023-07-22,Gstaad,Suisse Open Gstaad,Outdoor,Clay,1.67,2.2,0
Musetti L.,18,143,79,64,12,12,67,52,Ruud C.,4,275,176,99,19,16,157,83,2023-07-22,Bastad,Nordea Open,Outdoor,Clay,2.75,1.44,0
Mannarino A.,27,567,264,303,60,73,204,230,Humbert U.,36,170,80,90,23,21,57,69,2023-07-22,Newport,Hall of Fame Championships,Outdoor,Grass,1.8,2.0,1
Michelsen A.,140,7,4,3,0,0,4,3,Mannarino A.,27,567,264,303,60,73,204,230,2023-07-23,Newport,Hall of Fame Championships,Outdoor,Grass,2.2,1.67,0
Rublev A.,7,392,255,137,57,34,198,103,Ruud C.,4,275,176,99,19,16,157,83,2023-07-23,Bastad,Nordea Open,Outdoor,Clay,2.5,1.53,1
Ramos-Vinolas A.,82,437,204,233,17,31,187,202,Cachin P.,54,52,23,29,1,3,22,26,2023-07-23,Gstaad,Suisse Open Gstaad,Outdoor,Clay,2.2,1.67,0
Daniel T.,111,178,67,111,3,10,64,101,Landaluce M.,720,3,0,3,0,1,0,2,2023-07-24,Umag,Croatia Open,Outdoor,Clay,1.22,4.33,1
Etcheverry T.,34,60,26,34,5,3,21,31,Djere L.,38,243,120,123,10,22,110,101,2023-07-24,Hamburg,European Open,Outdoor,Clay,1.62,2.3,0
Muller A.,81,22,9,13,0,1,9,12,Van Assche L.,68,20,7,13,0,3,7,10,2023-07-24,Hamburg,European Open,Outdoor,Clay,2.2,1.67,0
Prizmic D.,287,5,2,3,0,0,2,3,Ajdukovic D.,299,4,1,3,0,0,1,3,2023-07-24,Umag,Croatia Open,Outdoor,Clay,1.53,2.5,1
Popyrin A.,90,140,59,81,9,13,50,68,Bonzi B.,107,83,37,46,10,13,27,33,2023-07-24,Umag,Croatia Open,Outdoor,Clay,1.62,2.3,1
Bagnis F.,135,121,39,82,9,8,30,74,Thiem D.,116,517,327,190,53,39,274,151,2023-07-24,Umag,Croatia Open,Outdoor,Clay,2.5,1.53,0
Cilic M.,100,853,543,310,119,65,424,245,Cobolli F.,148,14,5,9,0,1,5,8,2023-07-24,Umag,Croatia Open,Outdoor,Clay,2.38,1.57,0
Monteiro T.,121,171,69,102,9,11,60,91,Pella G.,199,260,118,142,14,16,104,126,2023-07-24,Hamburg,European Open,Outdoor,Clay,1.8,2.0,0
Gasquet R.,48,948,581,367,133,82,448,285,Altmaier D.,51,79,28,51,1,5,27,46,2023-07-24,Hamburg,European Open,Outdoor,Clay,2.3,1.62,0
Vukic A.,62,36,15,21,2,1,13,20,Quinn E.,394,3,1,2,0,0,1,2,2023-07-24,Atlanta,Atlanta Open,Outdoor,Hard,1.36,3.2,1
Harris L.,186,129,59,70,7,8,52,62,Duckworth J.,123,143,55,88,10,9,45,79,2023-07-24,Atlanta,Atlanta Open,Outdoor,Hard,1.4,3.0,1
Cressy M.,96,96,42,54,10,11,32,43,Michelsen A.,140,7,4,3,0,0,4,3,2023-07-25,Atlanta,Atlanta Open,Outdoor,Hard,1.8,2.0,1
Ymer E.,186,81,24,57,3,11,21,46,Musetti L.,18,143,79,64,12,12,67,52,2023-07-25,Hamburg,European Open,Outdoor,Clay,6.0,1.13,0
Molleker R.,251,15,4,11,0,0,4,11,Marterer M.,144,91,31,60,2,8,29,52,2023-07-25,Hamburg,European Open,Outdoor,Clay,2.38,1.57,0
Garin C.,101,190,103,87,15,13,88,74,Dellien H.,164,70,22,48,5,5,17,43,2023-07-25,Hamburg,European Open,Outdoor,Clay,1.36,3.2,1
Kokkinakis T.,86,124,55,69,0,4,55,65,Monfils G.,323,816,510,306,131,65,379,241,2023-07-25,Atlanta,Atlanta Open,Outdoor,Hard,1.53,2.5,1
Wolf J.J.,45,75,39,36,8,6,31,30,Jung J.,276,32,10,22,5,4,5,18,2023-07-25,Atlanta,Atlanta Open,Outdoor,Hard,1.17,5.0,1
Purcell M.,78,28,9,19,0,0,9,19,Nakashima B.,70,106,57,49,6,5,51,44,2023-07-25,Atlanta,Atlanta Open,Outdoor,Hard,4.0,1.25,0
Lajovic D.,66,378,163,215,21,36,142,179,Kecmanovic M.,40,210,107,103,12,16,95,87,2023-07-25,Hamburg,European Open,Outdoor,Clay,2.2,1.67,1
Thompson J.,71,221,96,125,10,10,86,115,Nishikori K.,439,617,408,209,70,33,338,176,2023-07-25,Atlanta,Atlanta Open,Outdoor,Hard,1.8,2.0,0
O Connell C.,74,65,26,39,0,0,26,39,Piros Z.,124,3,1,2,0,0,1,2,2023-07-25,Umag,Croatia Open,Outdoor,Clay,1.73,2.1,0
Arnaldi M.,76,18,9,9,0,0,9,9,De Jong J.,180,3,0,3,0,1,0,2,2023-07-25,Umag,Croatia Open,Outdoor,Clay,1.44,2.75,1
Humbert U.,36,170,80,90,23,21,57,69,Lestienne C.,109,40,13,27,6,9,7,18,2023-07-25,Atlanta,Atlanta Open,Outdoor,Hard,1.4,3.0,1
Kovalik J.,172,68,24,44,5,8,19,36,Seyboth Wild T.,117,28,12,16,7,3,5,13,2023-07-25,Hamburg,European Open,Outdoor,Clay,,,1
Moutet C.,80,118,50,68,5,11,45,57,Wu Y.,90,36,15,21,5,0,10,21,2023-07-25,Atlanta,Atlanta Open,Outdoor,Hard,2.75,1.44,0
Fils A.,71,24,15,9,6,3,9,6,Galan D.E.,76,78,33,45,3,5,30,40,2023-07-25,Hamburg,European Open,Outdoor,Clay,1.5,2.63,1
Cachin P.,54,52,23,29,1,3,22,26,Davidovich Fokina A.,39,168,84,84,17,20,67,64,2023-07-25,Hamburg,European Open,Outdoor,Clay,2.63,1.5,0
Choinski J.,151,6,1,5,0,0,1,5,Zhang Zh.,53,44,20,24,1,2,19,22,2023-07-25,Hamburg,European Open,Outdoor,Clay,2.5,1.53,0
Hanfmann Y.,50,99,50,49,5,4,45,45,Cerundolo F.,21,104,58,46,3,7,55,39,2023-07-25,Hamburg,European Open,Outdoor,Clay,2.63,1.5,1
Isner J.,114,755,465,290,53,45,412,245,Koepfer D.,84,86,38,48,3,3,35,45,2023-07-25,Atlanta,Atlanta Open,Outdoor,Hard,1.57,2.38,0
Molcan A.,120,86,45,41,1,6,44,35,Zverev A.,19,500,346,154,60,31,286,123,2023-07-25,Hamburg,European Open,Outdoor,Clay,5.5,1.14,0
Piros Z.,124,3,1,2,0,0,1,2,Prizmic D.,287,5,2,3,0,0,2,3,2023-07-26,Umag,Croatia Open,Outdoor,Clay,2.0,1.8,0
Van Assche L.,68,20,7,13,0,3,7,10,Davidovich Fokina A.,39,168,84,84,17,20,67,64,2023-07-26,Hamburg,European Open,Outdoor,Clay,3.0,1.4,1
Marterer M.,144,91,31,60,2,8,29,52,Zverev A.,19,500,346,154,60,31,286,123,2023-07-26,Hamburg,European Open,Outdoor,Clay,8.0,1.08,0
Cerundolo J.M.,106,29,12,17,2,3,10,14,Marozsan F.,87,7,4,3,0,0,4,3,2023-07-26,Umag,Croatia Open,Outdoor,Clay,2.38,1.57,0
Ramos-Vinolas A.,82,437,204,233,17,31,187,202,Munar J.,104,178,75,103,7,12,68,91,2023-07-26,Umag,Croatia Open,Outdoor,Clay,2.38,1.57,0
Wawrinka S.,72,854,535,319,84,69,451,250,Misolic F.,158,11,6,5,0,1,6,4,2023-07-26,Umag,Croatia Open,Outdoor,Clay,1.44,2.75,1
Huesler M.A.,88,58,21,37,8,8,13,29,Coria F.,108,99,43,56,2,6,41,50,2023-07-26,Umag,Croatia Open,Outdoor,Clay,2.2,1.67,0
Popyrin A.,90,140,59,81,9,13,50,68,Ofner S.,61,34,16,18,1,2,15,16,2023-07-26,Umag,Croatia Open,Outdoor,Clay,2.38,1.57,1
Arnaldi M.,76,18,9,9,0,0,9,9,Cobolli F.,148,14,5,9,0,1,5,8,2023-07-26,Umag,Croatia Open,Outdoor,Clay,1.44,2.75,1
Pella G.,199,260,118,142,14,16,104,126,Djere L.,38,243,120,123,10,22,110,101,2023-07-26,Hamburg,European Open,Outdoor,Clay,3.2,1.36,0
Baez S.,72,95,47,48,6,6,41,42,Ruud C.,4,275,176,99,19,16,157,83,2023-07-26,Hamburg,European Open,Outdoor,Clay,5.0,1.17,0
Shevchenko A.,93,20,8,12,0,2,8,10,Cecchinato M.,108,204,79,125,2,14,77,111,2023-07-26,Umag,Croatia Open,Outdoor,Clay,1.5,2.63,0
Rublev A.,7,392,255,137,57,34,198,103,Zapata Miralles B.,54,80,32,48,1,6,31,42,2023-07-26,Hamburg,European Open,Outdoor,Clay,1.13,6.0,1
Martin A.,723,258,107,151,6,13,101,138,Eubanks C.,29,64,28,36,1,3,27,33,2023-07-26,Atlanta,Atlanta Open,Outdoor,Hard,10.0,1.06,0
Shang J.,149,12,4,8,0,0,4,8,Shelton B.,43,34,13,21,0,0,13,21,2023-07-26,Atlanta,Atlanta Open,Outdoor,Hard,2.75,1.44,1
Harris L.,186,129,59,70,7,8,52,62,Humbert U.,36,170,80,90,23,21,57,69,2023-07-26,Atlanta,Atlanta Open,Outdoor,Hard,1.67,2.2,0
Vukic A.,62,36,15,21,2,1,13,20,Nishioka Y.,31,215,99,116,15,15,84,101,2023-07-26,Atlanta,Atlanta Open,Outdoor,Hard,2.1,1.73,1
Marozsan F.,87,7,4,3,0,0,4,3,Munar J.,104,178,75,103,7,12,68,91,2023-07-27,Umag,Croatia Open,Outdoor,Clay,1.91,1.91,0
Coria F.,108,99,43,56,2,6,41,50,Wawrinka S.,72,854,535,319,84,69,451,250,2023-07-27,Umag,Croatia Open,Outdoor,Clay,2.63,1.5,0
Thiem D.,116,517,327,190,53,39,274,151,Lehecka J.,33,61,30,31,4,4,26,27,2023-07-27,Umag,Croatia Open,Outdoor,Clay,2.0,1.8,0
Carballes Baena R.,64,207,91,116,11,10,80,106,Daniel T.,111,178,67,111,3,10,64,101,2023-07-27,Umag,Croatia Open,Outdoor,Clay,1.8,2.0,1
Kokkinakis T.,86,124,55,69,0,4,55,65,De Minaur A.,19,272,161,111,30,19,131,92,2023-07-27,Atlanta,Atlanta Open,Outdoor,Hard,3.5,1.3,0
Eubanks C.,29,64,28,36,1,3,27,33,Nakashima B.,70,106,57,49,6,5,51,44,2023-07-27,Atlanta,Atlanta Open,Outdoor,Hard,2.0,1.8,1
Evans D.,30,251,124,127,18,16,106,111,Koepfer D.,84,86,38,48,3,3,35,45,2023-07-27,Atlanta,Atlanta Open,Outdoor,Hard,1.91,1.91,0
Wolf J.J.,45,75,39,36,8,6,31,30,Cressy M.,96,96,42,54,10,11,32,43,2023-07-27,Atlanta,Atlanta Open,Outdoor,Hard,1.57,2.38,1
Cecchinato M.,108,204,79,125,2,14,77,111,Sonego L.,43,221,107,114,19,17,88,97,2023-07-27,Umag,Croatia Open,Outdoor,Clay,3.2,1.36,0
Hanfmann Y.,50,99,50,49,5,4,45,45,Zhang Zh.,53,44,20,24,1,2,19,22,2023-07-27,Hamburg,European Open,Outdoor,Clay,1.44,2.75,0
Lajovic D.,66,378,163,215,21,36,142,179,Fils A.,71,24,15,9,6,3,9,6,2023-07-27,Hamburg,European Open,Outdoor,Clay,2.0,1.8,0
Musetti L.,18,143,79,64,12,12,67,52,Kovalik J.,172,68,24,44,5,8,19,36,2023-07-27,Hamburg,European Open,Outdoor,Clay,1.1,7.0,1
Ruud C.,4,275,176,99,19,16,157,83,Garin C.,101,190,103,87,15,13,88,74,2023-07-27,Hamburg,European Open,Outdoor,Clay,1.22,4.33,1
Altmaier D.,51,79,28,51,1,5,27,46,Rublev A.,7,392,255,137,57,34,198,103,2023-07-27,Hamburg,European Open,Outdoor,Clay,4.0,1.25,1
Popyrin A.,90,140,59,81,9,13,50,68,Prizmic D.,287,5,2,3,0,0,2,3,2023-07-28,Umag,Croatia Open,Outdoor,Clay,1.8,2.0,1
Lehecka J.,33,61,30,31,4,4,26,27,Arnaldi M.,76,18,9,9,0,0,9,9,2023-07-28,Umag,Croatia Open,Outdoor,Clay,1.67,2.2,0
Sonego L.,43,221,107,114,19,17,88,97,Munar J.,104,178,75,103,7,12,68,91,2023-07-28,Umag,Croatia Open,Outdoor,Clay,1.8,2.0,1
Djere L.,38,243,120,123,10,22,110,101,Musetti L.,18,143,79,64,12,12,67,52,2023-07-28,Hamburg,European Open,Outdoor,Clay,2.63,1.5,1
Zhang Zh.,53,44,20,24,1,2,19,22,Altmaier D.,51,79,28,51,1,5,27,46,2023-07-28,Hamburg,European Open,Outdoor,Clay,2.75,1.44,1
Wawrinka S.,72,854,535,319,84,69,451,250,Carballes Baena R.,64,207,91,116,11,10,80,106,2023-07-28,Umag,Croatia Open,Outdoor,Clay,1.44,2.75,1
Fils A.,71,24,15,9,6,3,9,6,Ruud C.,4,275,176,99,19,16,157,83,2023-07-28,Hamburg,European Open,Outdoor,Clay,4.0,1.25,1
Wu Y.,90,36,15,21,5,0,10,21,Fritz T.,9,356,205,151,26,22,179,129,2023-07-28,Atlanta,Atlanta Open,Outdoor,Hard,3.5,1.3,0
Nishikori K.,439,617,408,209,70,33,338,176,Shang J.,149,12,4,8,0,0,4,8,2023-07-28,Atlanta,Atlanta Open,Outdoor,Hard,1.53,2.5,1
Koepfer D.,84,86,38,48,3,3,35,45,Wolf J.J.,45,75,39,36,8,6,31,30,2023-07-28,Atlanta,Atlanta Open,Outdoor,Hard,2.75,1.44,0
Nishikori K.,439,617,408,209,70,33,338,176,Fritz T.,9,356,205,151,26,22,179,129,2023-07-28,Atlanta,Atlanta Open,Outdoor,Hard,3.2,1.36,0
Van Assche L.,68,20,7,13,0,3,7,10,Zverev A.,19,500,346,154,60,31,286,123,2023-07-28,Hamburg,European Open,Outdoor,Clay,5.0,1.17,0
Djere L.,38,243,120,123,10,22,110,101,Zhang Zh.,53,44,20,24,1,2,19,22,2023-07-29,Hamburg,European Open,Outdoor,Clay,1.53,2.5,1
Fils A.,71,24,15,9,6,3,9,6,Zverev A.,19,500,346,154,60,31,286,123,2023-07-29,Hamburg,European Open,Outdoor,Clay,3.5,1.3,0
Wolf J.J.,45,75,39,36,8,6,31,30,Fritz T.,9,356,205,151,26,22,179,129,2023-07-29,Atlanta,Atlanta Open,Outdoor,Hard,3.2,1.36,0
Sonego L.,43,221,107,114,19,17,88,97,Wawrinka S.,72,854,535,319,84,69,451,250,2023-07-29,Umag,Croatia Open,Outdoor,Clay,2.0,1.8,0
Arnaldi M.,76,18,9,9,0,0,9,9,Popyrin A.,90,140,59,81,9,13,50,68,2023-07-29,Umag,Croatia Open,Outdoor,Clay,1.62,2.3,0
Eubanks C.,29,64,28,36,1,3,27,33,Vukic A.,62,36,15,21,2,1,13,20,2023-07-29,Atlanta,Atlanta Open,Outdoor,Hard,1.53,2.5,0
De Minaur A.,19,272,161,111,30,19,131,92,Humbert U.,36,170,80,90,23,21,57,69,2023-07-29,Atlanta,Atlanta Open,Outdoor,Hard,1.36,3.2,0
Djere L.,38,243,120,123,10,22,110,101,Zverev A.,19,500,346,154,60,31,286,123,2023-07-30,Hamburg,European Open,Outdoor,Clay,4.33,1.22,0
Popyrin A.,90,140,59,81,9,13,50,68,Wawrinka S.,72,854,535,319,84,69,451,250,2023-07-30,Umag,Croatia Open,Outdoor,Clay,2.75,1.44,1
Humbert U.,36,170,80,90,23,21,57,69,Vukic A.,62,36,15,21,2,1,13,20,2023-07-30,Atlanta,Atlanta Open,Outdoor,Hard,1.5,2.63,0
Fritz T.,9,356,205,151,26,22,179,129,Vukic A.,62,36,15,21,2,1,13,20,2023-07-30,Atlanta,Atlanta Open,Outdoor,Hard,1.17,5.0,1
Molcan A.,120,86,45,41,1,6,44,35,Van Assche L.,68,20,7,13,0,3,7,10,2023-07-31,Kitzbuhel,Generali Open,Outdoor,Clay,2.1,1.73,1
Schwartzman D.,95,428,233,195,32,27,201,168,Mcdonald M.,60,190,87,103,11,15,76,88,2023-07-31,Washington,Citi Open,Outdoor,Hard,2.5,1.53,0
Moutet C.,80,118,50,68,5,11,45,57,Broady L.,125,47,18,29,5,3,13,26,2023-07-31,Washington,Citi Open,Outdoor,Hard,2.0,1.8,0
Karatsev A.,75,136,66,70,10,22,56,48,Pannu K.,717,2,0,2,0,0,0,2,2023-07-31,Washington,Citi Open,Outdoor,Hard,1.07,9.0,1
Klahn B.,797,56,13,43,1,3,12,40,Mmoh M.,112,55,20,35,0,3,20,32,2023-07-31,Washington,Citi Open,Outdoor,Hard,3.5,1.3,0
Wu Y.,90,36,15,21,5,0,10,21,Watanuki Y.,99,25,11,14,0,0,11,14,2023-07-31,Washington,Citi Open,Outdoor,Hard,1.62,2.3,0
Cressy M.,96,96,42,54,10,11,32,43,Shevchenko A.,93,20,8,12,0,2,8,10,2023-07-31,Washington,Citi Open,Outdoor,Hard,1.44,2.75,0
Giron M.,69,150,68,82,20,14,48,68,Albot R.,97,215,86,129,26,26,60,103,2023-07-31,Washington,Citi Open,Outdoor,Hard,1.36,3.2,0
Lestienne C.,109,40,13,27,6,9,7,18,Ruusuvuori E.,55,158,79,79,16,18,63,61,2023-07-31,Washington,Citi Open,Outdoor,Hard,3.2,1.36,0
Carballes Baena R.,64,207,91,116,11,10,80,106,Pella G.,199,260,118,142,14,16,104,126,2023-07-31,Kitzbuhel,Generali Open,Outdoor,Clay,1.8,2.0,1
Medjedovic H.,147,11,3,8,0,1,3,7,Baez S.,72,95,47,48,6,6,41,42,2023-07-31,Kitzbuhel,Generali Open,Outdoor,Clay,2.2,1.67,0
Misolic F.,158,11,6,5,0,1,6,4,Andreozzi G.,240,39,12,27,0,0,12,27,2023-07-31,Kitzbuhel,Generali Open,Outdoor,Clay,1.57,2.38,0
Ramos-Vinolas A.,82,437,204,233,17,31,187,202,Varillas J.P.,77,22,10,12,1,3,9,9,2023-07-31,Kitzbuhel,Generali Open,Outdoor,Clay,2.0,1.8,1
Cecchinato M.,108,204,79,125,2,14,77,111,Galan D.E.,76,78,33,45,3,5,30,40,2023-07-31,Kitzbuhel,Generali Open,Outdoor,Clay,2.3,1.62,0
Shang J.,149,12,4,8,0,0,4,8,Gomez E.,155,26,7,19,2,2,5,17,2023-07-31,Washington,Citi Open,Outdoor,Hard,1.25,4.0,1
Barrere G.,59,79,31,48,11,16,20,32,Mochizuki S.,200,8,0,8,0,1,0,7,2023-07-31,Washington,Citi Open,Outdoor,Hard,1.44,2.75,1
Kovacevic A.,129,14,6,8,0,0,6,8,Kumar O.,403,1,0,1,0,0,0,1,2023-08-01,Los Cabos,Los Cabos Open,Outdoor,Hard,1.22,4.33,1
Kokkinakis T.,86,124,55,69,0,4,55,65,Daniel T.,111,178,67,111,3,10,64,101,2023-08-01,Washington,Citi Open,Outdoor,Hard,1.57,2.38,1
Ruusuvuori E.,55,158,79,79,16,18,63,61,Nishioka Y.,31,215,99,116,15,15,84,101,2023-08-01,Washington,Citi Open,Outdoor,Hard,1.44,2.75,1
Tirante T.A.,136,5,2,3,0,0,2,3,Lama G.,410,4,0,4,0,2,0,2,2023-08-01,Los Cabos,Los Cabos Open,Outdoor,Hard,1.17,5.0,1
Purcell M.,78,28,9,19,0,0,9,19,Svajda Z.,233,8,2,6,0,1,2,5,2023-08-01,Washington,Citi Open,Outdoor,Hard,1.8,2.0,0
Vukic A.,62,36,15,21,2,1,13,20,Nakashima B.,70,106,57,49,6,5,51,44,2023-08-01,Washington,Citi Open,Outdoor,Hard,3.0,1.4,0
Anderson K.,652,598,347,251,48,38,299,213,Thompson J.,71,221,96,125,10,10,86,115,2023-08-01,Washington,Citi Open,Outdoor,Hard,2.63,1.5,0
Shelton B.,43,34,13,21,0,0,13,21,Shang J.,149,12,4,8,0,0,4,8,2023-08-01,Washington,Citi Open,Outdoor,Hard,1.67,2.2,0
Mcdonald M.,60,190,87,103,11,15,76,88,Dimitrov G.,20,651,389,262,79,50,310,212,2023-08-01,Washington,Citi Open,Outdoor,Hard,2.63,1.5,0
Mmoh M.,112,55,20,35,0,3,20,32,Hurkacz H.,17,238,137,101,27,24,110,77,2023-08-01,Washington,Citi Open,Outdoor,Hard,4.5,1.2,1
Monfils G.,323,816,510,306,131,65,379,241,Fratangelo B.,695,62,22,40,0,1,22,39,2023-08-01,Washington,Citi Open,Outdoor,Hard,1.3,3.5,1
Harris L.,186,129,59,70,7,8,52,62,Shimabukuro S.,161,4,1,3,0,0,1,3,2023-08-01,Washington,Citi Open,Outdoor,Hard,1.29,3.75,0
Hijikata R.,110,16,7,9,0,0,7,9,Isner J.,114,755,465,290,53,45,412,245,2023-08-01,Los Cabos,Los Cabos Open,Outdoor,Hard,2.63,1.5,0
Tabilo A.,122,44,21,23,5,4,16,19,Meligeni Alves F.,177,3,1,2,0,0,1,2,2023-08-01,Los Cabos,Los Cabos Open,Outdoor,Hard,1.36,3.2,0
Diallo G.,140,3,0,3,0,1,0,2,Brouwer G.,144,21,11,10,3,2,8,8,2023-08-01,Los Cabos,Los Cabos Open,Outdoor,Hard,1.8,2.0,0
Lajovic D.,66,378,163,215,21,36,142,179,Zhang Zh.,53,44,20,24,1,2,19,22,2023-08-01,Kitzbuhel,Generali Open,Outdoor,Clay,2.0,1.8,0
Bagnis F.,135,121,39,82,9,8,30,74,Thiem D.,116,517,327,190,53,39,274,151,2023-08-01,Kitzbuhel,Generali Open,Outdoor,Clay,3.5,1.3,0
Rinderknech A.,67,96,46,50,16,12,30,38,Cerundolo J.M.,106,29,12,17,2,3,10,14,2023-08-01,Kitzbuhel,Generali Open,Outdoor,Clay,1.57,2.38,1
Seyboth Wild T.,117,28,12,16,7,3,5,13,Novak D.,166,58,15,43,6,16,9,27,2023-08-01,Kitzbuhel,Generali Open,Outdoor,Clay,1.57,2.38,1
Huesler M.A.,88,58,21,37,8,8,13,29,Altmaier D.,51,79,28,51,1,5,27,46,2023-08-01,Kitzbuhel,Generali Open,Outdoor,Clay,3.4,1.33,0
O Connell C.,74,65,26,39,0,0,26,39,Djere L.,38,243,120,123,10,22,110,101,2023-08-01,Kitzbuhel,Generali Open,Outdoor,Clay,2.75,1.44,0
Albot R.,97,215,86,129,26,26,60,103,Wolf J.J.,45,75,39,36,8,6,31,30,2023-08-02,Washington,Citi Open,Outdoor,Hard,3.5,1.3,0
Seyboth Wild T.,117,28,12,16,7,3,5,13,Djere L.,38,243,120,123,10,22,110,101,2023-08-02,Kitzbuhel,Generali Open,Outdoor,Clay,2.3,1.62,0
Cachin P.,54,52,23,29,1,3,22,26,Ramos-Vinolas A.,82,437,204,233,17,31,187,202,2023-08-02,Kitzbuhel,Generali Open,Outdoor,Clay,1.67,2.2,1
Altmaier D.,51,79,28,51,1,5,27,46,Galan D.E.,76,78,33,45,3,5,30,40,2023-08-02,Kitzbuhel,Generali Open,Outdoor,Clay,1.5,2.63,0
Griekspoor T.,37,97,47,50,7,14,40,36,Broady L.,125,47,18,29,5,3,13,26,2023-08-02,Washington,Citi Open,Outdoor,Hard,1.57,2.38,1
Etcheverry T.,34,60,26,34,5,3,21,31,Andreozzi G.,240,39,12,27,0,0,12,27,2023-08-02,Kitzbuhel,Generali Open,Outdoor,Clay,1.36,3.2,1
Carballes Baena R.,64,207,91,116,11,10,80,106,Baez S.,72,95,47,48,6,6,41,42,2023-08-02,Kitzbuhel,Generali Open,Outdoor,Clay,2.38,1.57,0
Kokkinakis T.,86,124,55,69,0,4,55,65,Humbert U.,36,170,80,90,23,21,57,69,2023-08-02,Washington,Citi Open,Outdoor,Hard,2.5,1.53,0
Murray A.,44,932,687,245,132,47,555,198,Nakashima B.,70,106,57,49,6,5,51,44,2023-08-02,Washington,Citi Open,Outdoor,Hard,2.1,1.73,1
Barrere G.,59,79,31,48,11,16,20,32,Evans D.,30,251,124,127,18,16,106,111,2023-08-02,Washington,Citi Open,Outdoor,Hard,2.0,1.8,0
Thompson J.,71,221,96,125,10,10,86,115,Mannarino A.,27,567,264,303,60,73,204,230,2023-08-02,Washington,Citi Open,Outdoor,Hard,1.8,2.0,1
Rinderknech A.,67,96,46,50,16,12,30,38,Hanfmann Y.,50,99,50,49,5,4,45,45,2023-08-02,Kitzbuhel,Generali Open,Outdoor,Clay,2.3,1.62,1
Shimabukuro S.,161,4,1,3,0,0,1,3,Eubanks C.,29,64,28,36,1,3,27,33,2023-08-02,Washington,Citi Open,Outdoor,Hard,3.5,1.3,0
Tiafoe F.,10,303,158,145,24,23,134,122,Karatsev A.,75,136,66,70,10,22,56,48,2023-08-02,Washington,Citi Open,Outdoor,Hard,1.3,3.5,1
Shevchenko A.,93,20,8,12,0,2,8,10,Korda S.,26,126,75,51,15,9,60,42,2023-08-02,Washington,Citi Open,Outdoor,Hard,4.5,1.2,1
Auger-Aliassime F.,12,268,163,105,48,22,115,83,Watanuki Y.,99,25,11,14,0,0,11,14,2023-08-02,Washington,Citi Open,Outdoor,Hard,1.57,2.38,0
Zhang Zh.,53,44,20,24,1,2,19,22,Thiem D.,116,517,327,190,53,39,274,151,2023-08-02,Kitzbuhel,Generali Open,Outdoor,Clay,2.0,1.8,0
Molcan A.,120,86,45,41,1,6,44,35,Ofner S.,61,34,16,18,1,2,15,16,2023-08-02,Kitzbuhel,Generali Open,Outdoor,Clay,2.1,1.73,1
Pacheco Mendez R.,817,3,0,3,0,0,0,3,Jarry N.,28,141,73,68,9,6,64,62,2023-08-02,Los Cabos,Los Cabos Open,Outdoor,Hard,11.0,1.05,0
Koepfer D.,84,86,38,48,3,3,35,45,Barrios M.,121,10,3,7,0,0,3,7,2023-08-02,Los Cabos,Los Cabos Open,Outdoor,Hard,1.4,3.0,1
Jung J.,276,32,10,22,5,4,5,18,Escobedo E.,377,57,20,37,2,2,18,35,2023-08-02,Los Cabos,Los Cabos Open,Outdoor,Hard,2.0,1.8,1
De Minaur A.,19,272,161,111,30,19,131,92,Mansouri S.,296,1,0,1,0,0,0,1,2023-08-02,Los Cabos,Los Cabos Open,Outdoor,Hard,1.05,11.0,1
Virtanen O.,127,2,0,2,0,0,0,2,Duckworth J.,123,143,55,88,10,9,45,79,2023-08-02,Los Cabos,Los Cabos Open,Outdoor,Hard,2.2,1.67,0
Zhukayev B.,258,2,0,2,0,1,0,1,Ivashka I.,113,159,78,81,19,18,59,63,2023-08-02,Los Cabos,Los Cabos Open,Outdoor,Hard,4.0,1.25,0
Garin C.,101,190,103,87,15,13,88,74,Gojo B.,115,14,3,11,0,1,3,10,2023-08-02,Los Cabos,Los Cabos Open,Outdoor,Hard,1.67,2.2,0
Humbert U.,36,170,80,90,23,21,57,69,Watanuki Y.,99,25,11,14,0,0,11,14,2023-08-03,Washington,Citi Open,Outdoor,Hard,1.44,2.75,1
Wolf J.J.,45,75,39,36,8,6,31,30,Mmoh M.,112,55,20,35,0,3,20,32,2023-08-03,Washington,Citi Open,Outdoor,Hard,1.33,3.4,1
Dimitrov G.,20,651,389,262,79,50,310,212,Ruusuvuori E.,55,158,79,79,16,18,63,61,2023-08-03,Washington,Citi Open,Outdoor,Hard,1.4,3.0,1
Svajda Z.,233,8,2,6,0,1,2,5,Fritz T.,9,356,205,151,26,22,179,129,2023-08-03,Washington,Citi Open,Outdoor,Hard,8.0,1.08,0
Bublik A.,25,219,110,109,39,30,71,79,Monfils G.,323,816,510,306,131,65,379,241,2023-08-03,Washington,Citi Open,Outdoor,Hard,1.62,2.3,0
Duckworth J.,123,143,55,88,10,9,45,79,Koepfer D.,84,86,38,48,3,3,35,45,2023-08-03,Los Cabos,Los Cabos Open,Outdoor,Hard,2.38,1.57,0
De Minaur A.,19,272,161,111,30,19,131,92,Tirante T.A.,136,5,2,3,0,0,2,3,2023-08-03,Los Cabos,Los Cabos Open,Outdoor,Hard,1.08,8.0,1
Paul T.,14,204,111,93,19,13,92,80,Meligeni Alves F.,177,3,1,2,0,0,1,2,2023-08-03,Los Cabos,Los Cabos Open,Outdoor,Hard,1.11,6.5,1
Rinderknech A.,67,96,46,50,16,12,30,38,Thiem D.,116,517,327,190,53,39,274,151,2023-08-03,Kitzbuhel,Generali Open,Outdoor,Clay,2.1,1.73,0
Gojo B.,115,14,3,11,0,1,3,10,Ivashka I.,113,159,78,81,19,18,59,63,2023-08-03,Los Cabos,Los Cabos Open,Outdoor,Hard,1.73,2.1,0
Brouwer G.,144,21,11,10,3,2,8,8,Jarry N.,28,141,73,68,9,6,64,62,2023-08-03,Los Cabos,Los Cabos Open,Outdoor,Hard,3.75,1.29,0
Norrie C.,13,287,172,115,15,18,157,97,Kovacevic A.,129,14,6,8,0,0,6,8,2023-08-03,Los Cabos,Los Cabos Open,Outdoor,Hard,1.25,4.0,0
Isner J.,114,755,465,290,53,45,412,245,Tsitsipas S.,5,390,264,126,49,32,215,94,2023-08-03,Los Cabos,Los Cabos Open,Outdoor,Hard,4.0,1.25,0
Djere L.,38,243,120,123,10,22,110,101,Cachin P.,54,52,23,29,1,3,22,26,2023-08-03,Kitzbuhel,Generali Open,Outdoor,Clay,1.8,2.0,1
Galan D.E.,76,78,33,45,3,5,30,40,Etcheverry T.,34,60,26,34,5,3,21,31,2023-08-03,Kitzbuhel,Generali Open,Outdoor,Clay,3.2,1.36,0
Molcan A.,120,86,45,41,1,6,44,35,Baez S.,72,95,47,48,6,6,41,42,2023-08-03,Kitzbuhel,Generali Open,Outdoor,Clay,2.75,1.44,0
Coric B.,15,343,185,158,28,28,157,130,Jung J.,276,32,10,22,5,4,5,18,2023-08-03,Los Cabos,Los Cabos Open,Outdoor,Hard,1.14,5.5,1
Thompson J.,71,221,96,125,10,10,86,115,Eubanks C.,29,64,28,36,1,3,27,33,2023-08-04,Washington,Citi Open,Outdoor,Hard,1.8,2.0,1
Evans D.,30,251,124,127,18,16,106,111,Shevchenko A.,93,20,8,12,0,2,8,10,2023-08-04,Washington,Citi Open,Outdoor,Hard,1.57,2.38,1
Shang J.,149,12,4,8,0,0,4,8,Tiafoe F.,10,303,158,145,24,23,134,122,2023-08-04,Washington,Citi Open,Outdoor,Hard,4.33,1.22,0
Dimitrov G.,20,651,389,262,79,50,310,212,Humbert U.,36,170,80,90,23,21,57,69,2023-08-04,Washington,Citi Open,Outdoor,Hard,1.44,2.75,1
Monfils G.,323,816,510,306,131,65,379,241,Griekspoor T.,37,97,47,50,7,14,40,36,2023-08-04,Washington,Citi Open,Outdoor,Hard,2.1,1.73,0
Coric B.,15,343,185,158,28,28,157,130,Ivashka I.,113,159,78,81,19,18,59,63,2023-08-04,Los Cabos,Los Cabos Open,Outdoor,Hard,1.33,3.4,1
Tsitsipas S.,5,390,264,126,49,32,215,94,Jarry N.,28,141,73,68,9,6,64,62,2023-08-04,Los Cabos,Los Cabos Open,Outdoor,Hard,1.3,3.5,1
Paul T.,14,204,111,93,19,13,92,80,De Minaur A.,19,272,161,111,30,19,131,92,2023-08-04,Los Cabos,Los Cabos Open,Outdoor,Hard,2.2,1.67,0
Etcheverry T.,34,60,26,34,5,3,21,31,Baez S.,72,95,47,48,6,6,41,42,2023-08-04,Kitzbuhel,Generali Open,Outdoor,Clay,1.91,1.91,0
Koepfer D.,84,86,38,48,3,3,35,45,Kovacevic A.,129,14,6,8,0,0,6,8,2023-08-04,Los Cabos,Los Cabos Open,Outdoor,Hard,1.44,2.75,1
Wolf J.J.,45,75,39,36,8,6,31,30,Griekspoor T.,37,97,47,50,7,14,40,36,2023-08-04,Washington,Citi Open,Outdoor,Hard,1.67,2.2,0
Djere L.,38,243,120,123,10,22,110,101,Thiem D.,116,517,327,190,53,39,274,151,2023-08-04,Kitzbuhel,Generali Open,Outdoor,Clay,1.62,2.3,0
Fritz T.,9,356,205,151,26,22,179,129,Murray A.,44,932,687,245,132,47,555,198,2023-08-04,Washington,Citi Open,Outdoor,Hard,1.36,3.2,1
Tsitsipas S.,5,390,264,126,49,32,215,94,Coric B.,15,343,185,158,28,28,157,130,2023-08-05,Los Cabos,Los Cabos Open,Outdoor,Hard,1.4,3.0,1
Thiem D.,116,517,327,190,53,39,274,151,Baez S.,72,95,47,48,6,6,41,42,2023-08-05,Kitzbuhel,Generali Open,Outdoor,Clay,2.0,1.8,0
De Minaur A.,19,272,161,111,30,19,131,92,Koepfer D.,84,86,38,48,3,3,35,45,2023-08-05,Los Cabos,Los Cabos Open,Outdoor,Hard,1.25,4.0,1
Thompson J.,71,221,96,125,10,10,86,115,Fritz T.,9,356,205,151,26,22,179,129,2023-08-05,Washington,Citi Open,Outdoor,Hard,2.75,1.44,0
Tiafoe F.,10,303,158,145,24,23,134,122,Evans D.,30,251,124,127,18,16,106,111,2023-08-05,Washington,Citi Open,Outdoor,Hard,1.29,3.75,0
Griekspoor T.,37,97,47,50,7,14,40,36,Fritz T.,9,356,205,151,26,22,179,129,2023-08-06,Washington,Citi Open,Outdoor,Hard,3.5,1.3,1
De Minaur A.,19,272,161,111,30,19,131,92,Tsitsipas S.,5,390,264,126,49,32,215,94,2023-08-06,Los Cabos,Los Cabos Open,Outdoor,Hard,3.2,1.36,0
Evans D.,30,251,124,127,18,16,106,111,Dimitrov G.,20,651,389,262,79,50,310,212,2023-08-06,Washington,Citi Open,Outdoor,Hard,3.2,1.36,1
Evans D.,30,251,124,127,18,16,106,111,Griekspoor T.,37,97,47,50,7,14,40,36,2023-08-06,Washington,Citi Open,Outdoor,Hard,2.0,1.8,1
